In49 POTENTIAL                      exc: Vosko,Wilk,Nusair      
  2.25914357  6.50000000  2.23392349
  49.00000
   2.46891   0.8856871952   0.8856504354
353
 0.25000000D-01 0.37220196D-03
 9 1
    0  -1.96656160000D+03
    0  -2.87428550000D+02
    0  -5.37136240000D+01
    0  -7.39818510000D+00
    1  -2.68528840000D+02
    1  -4.59639090000D+01
    1  -4.86454470000D+00
    2  -3.15522220000D+01
    2  -7.38539920000D-01
  4.725879642114D+02  4.726143298549D+02  4.726412980109D+02  4.726688750872D+02
  4.726970697721D+02  4.727258959412D+02  4.727553632239D+02  4.727854856180D+02
  4.728162729949D+02  4.728477395052D+02  4.728798951952D+02  4.729127543362D+02
  4.729463271010D+02  4.729806278447D+02  4.730156668186D+02  4.730514584170D+02
  4.730880129166D+02  4.731253446989D+02  4.731634640067D+02  4.732023851479D+02
  4.732421182645D+02  4.732826775210D+02  4.733240728830D+02  4.733663182921D+02
  4.734094234520D+02  4.734534019912D+02  4.734982632549D+02  4.735440204572D+02
  4.735906824761D+02  4.736382619970D+02  4.736867673091D+02  4.737362104407D+02
  4.737865989567D+02  4.738379440848D+02  4.738902525135D+02  4.739435345107D+02
  4.739977957199D+02  4.740530452711D+02  4.741092875758D+02  4.741665304295D+02
  4.742247768127D+02  4.742840329596D+02  4.743443001738D+02  4.744055829056D+02
  4.744678805379D+02  4.745311954635D+02  4.745955248670D+02  4.746608687932D+02
  4.747272219240D+02  4.747945816376D+02  4.748629397798D+02  4.749322907142D+02
  4.750026230863D+02  4.750739278651D+02  4.751461900997D+02  4.752193969507D+02
  4.752935294400D+02  4.753685704711D+02  4.754444965712D+02  4.755212859009D+02
  4.755989099874D+02  4.756773417234D+02  4.757565470915D+02  4.758364931513D+02
  4.759171397543D+02  4.759984475202D+02  4.760803695413D+02  4.761628593470D+02
  4.762458625989D+02  4.763293250430D+02  4.764131841942D+02  4.764973772774D+02
  4.765818329015D+02  4.766664789890D+02  4.767512344396D+02  4.768360170488D+02
  4.769207351615D+02  4.770052955799D+02  4.770895952081D+02  4.771735289495D+02
  4.772569813429D+02  4.773398344514D+02  4.774219594907D+02  4.775032247099D+02
  4.775834870146D+02  4.776625998408D+02  4.777404047742D+02  4.778167394198D+02
  4.778914290189D+02  4.779642943175D+02  4.780351431837D+02  4.781037784773D+02
  4.781699896704D+02  4.782335607227D+02  4.782942617091D+02  4.783518567031D+02
  4.784060954170D+02  4.784567210985D+02  4.785034621868D+02  4.785460402286D+02
  4.785841615562D+02  4.786175252281D+02  4.786458147355D+02  4.786687059739D+02
  4.786858589854D+02  4.786969259689D+02  4.787015430651D+02  4.786993384132D+02
  4.786899239876D+02  4.786729037096D+02  4.786478653437D+02  4.786143886743D+02
  4.785720374712D+02  4.785203677400D+02  4.784589197668D+02  4.783872264519D+02
  4.783048054439D+02  4.782111675668D+02  4.781058090523D+02  4.779882200703D+02
  4.778578770693D+02  4.777142514189D+02  4.775568018663D+02  4.773849832996D+02
  4.771982393282D+02  4.769960111727D+02  4.767777303747D+02  4.765428278180D+02
  4.762907265723D+02  4.760208510465D+02  4.757326199658D+02  4.754254556576D+02
  4.750987771574D+02  4.747520096212D+02  4.743845775533D+02  4.739959143336D+02
  4.735854555540D+02  4.731526486447D+02  4.726969462980D+02  4.722178161710D+02
  4.717147343705D+02  4.711871951999D+02  4.706347046705D+02  4.700567902536D+02
  4.694529943749D+02  4.688228841229D+02  4.681660446740D+02  4.674820889005D+02
  4.667706506640D+02  4.660313942573D+02  4.652640074957D+02  4.644682109186D+02
  4.636437506003D+02  4.627904070307D+02  4.619079875624D+02  4.609963348856D+02
  4.600553190252D+02  4.590848453243D+02  4.580848459097D+02  4.570552871028D+02
  4.559961602794D+02  4.549074886429D+02  4.537893174191D+02  4.526417199559D+02
  4.514647872257D+02  4.502586332365D+02  4.490233838735D+02  4.477591816740D+02
  4.464661740872D+02  4.451445177419D+02  4.437943662975D+02  4.424158744294D+02
  4.410091855536D+02  4.395744358748D+02  4.381117423960D+02  4.366212075058D+02
  4.351029078158D+02  4.335568998911D+02  4.319832105664D+02  4.303818445012D+02
  4.287527766636D+02  4.270959623693D+02  4.254113325172D+02  4.236988065713D+02
  4.219582908186D+02  4.201896943093D+02  4.183929298339D+02  4.165679321425D+02
  4.147146605442D+02  4.128331178786D+02  4.109233528055D+02  4.089854772571D+02
  4.070196659270D+02  4.050261696572D+02  4.030053097230D+02  4.009574851132D+02
  3.988831601452D+02  3.967828649287D+02  3.946571764742D+02  3.925067134193D+02
  3.903321125795D+02  3.881340206171D+02  3.859130692408D+02  3.836698673024D+02
  3.814049781395D+02  3.791189153531D+02  3.768121250969D+02  3.744849877345D+02
  3.721378065820D+02  3.697708162338D+02  3.673841778572D+02  3.649779936653D+02
  3.625523077178D+02  3.601071250778D+02  3.576424163496D+02  3.551581395484D+02
  3.526542462918D+02  3.501307042646D+02  3.475875029790D+02  3.450246748312D+02
  3.424422985496D+02  3.398405171111D+02  3.372195373363D+02  3.345796433426D+02
  3.319211911740D+02  3.292446169414D+02  3.265504259315D+02  3.238391951818D+02
  3.211115571623D+02  3.183681972616D+02  3.156098329407D+02  3.128372074565D+02
  3.100510663257D+02  3.072521496578D+02  3.044411687435D+02  3.016188003119D+02
  2.987856669779D+02  2.959423373752D+02  2.930893144218D+02  2.902270449512D+02
  2.873559186366D+02  2.844762886505D+02  2.815884809218D+02  2.786928231698D+02
  2.757896592463D+02  2.728793787942D+02  2.699624269966D+02  2.670393243416D+02
  2.641106619245D+02  2.611771038081D+02  2.582393642095D+02  2.552981935569D+02
  2.523543435177D+02  2.494085467470D+02  2.464614822344D+02  2.435137617786D+02
  2.405659073734D+02  2.376183533659D+02  2.346714412568D+02  2.317254391657D+02
  2.287805522892D+02  2.258369552447D+02  2.228948119398D+02  2.199543135427D+02
  2.170157002457D+02  2.140792976252D+02  2.111455336602D+02  2.082149677303D+02
  2.052882981439D+02  2.023663800441D+02  1.994502207515D+02  1.965409848220D+02
  1.936399764178D+02  1.907486316122D+02  1.878684886040D+02  1.850011688975D+02
  1.821483376785D+02  1.793116768518D+02  1.764928392759D+02  1.736934180540D+02
  1.709148998288D+02  1.681586364519D+02  1.654258045489D+02  1.627173880147D+02
  1.600341535989D+02  1.573766550953D+02  1.547452362635D+02  1.521400670372D+02
  1.495611806658D+02  1.470085419675D+02  1.444821081005D+02  1.419819049652D+02
  1.395080748193D+02  1.370609164326D+02  1.346408777518D+02  1.322485330368D+02
  1.298845184555D+02  1.275494707948D+02  1.252439502564D+02  1.229683915304D+02
  1.207230575269D+02  1.185080305810D+02  1.163232066397D+02  1.141683209786D+02
  1.120429677983D+02  1.099466416865D+02  1.078787643534D+02  1.058387264541D+02
  1.038259098218D+02  1.018397217122D+02  9.987960770560D+01  9.794507595966D+01
  9.603570018633D+01  9.415113447932D+01  9.229110775924D+01  9.045543109694D+01
  8.864398578413D+01  8.685672542985D+01  8.509365993140D+01  8.335485453451D+01
  8.164041175498D+01  7.995046927274D+01  7.828518146902D+01  7.664471759875D+01
  7.502924416288D+01  7.343892435555D+01  7.187390205476D+01  7.033430312802D+01
  6.882022144569D+01  6.733172229140D+01  6.586883051195D+01  6.443153603936D+01
  6.301978410387D+01  6.163348273699D+01  6.027249488111D+01  5.893664768406D+01
  5.762572629739D+01  5.633948472587D+01  5.507764102456D+01  5.383988931892D+01
  5.262589587138D+01  5.143531154916D+01  5.026776781934D+01  4.912288852524D+01
  4.800028455901D+01  4.689956373337D+01  4.582032314953D+01  4.476215658681D+01
  4.372464451715D+01  4.270735963460D+01  4.170985495253D+01  4.073166918853D+01
  3.977231408655D+01
N_07 POTENTIAL                      exc: Vosko,Wilk,Nusair      
  1.72127726  6.50000000  1.73067725
   7.00000
   2.01081   0.8856871952   0.8856504354
353
 0.25000000D-01 0.30314114D-03
 2 1
    0  -2.69998930000D+01
    0  -4.29582100000D-01
  2.611904900188D+01  2.611943088928D+01  2.611982204698D+01  2.612024839079D+01
  2.612069036112D+01  2.612114578697D+01  2.612161341405D+01  2.612209369894D+01
  2.612258614670D+01  2.612309151534D+01  2.612360945690D+01  2.612414081317D+01
  2.612468529049D+01  2.612524376984D+01  2.612581598849D+01  2.612640285351D+01
  2.612700412548D+01  2.612762073304D+01  2.612825245729D+01  2.612890024681D+01
  2.612956390238D+01  2.613024439208D+01  2.613094153622D+01  2.613165632255D+01
  2.613238859124D+01  2.613313935009D+01  2.613390845964D+01  2.613469694838D+01
  2.613550469783D+01  2.613633275787D+01  2.613718103175D+01  2.613805059147D+01
  2.613894136283D+01  2.613985444075D+01  2.614078977444D+01  2.614174848260D+01
  2.614273053867D+01  2.614373708606D+01  2.614476812352D+01  2.614582482377D+01
  2.614690759500D+01  2.614801723852D+01  2.614915380624D+01  2.615031852142D+01
  2.615151146387D+01  2.615273388523D+01  2.615398589416D+01  2.615526877165D+01
  2.615658265620D+01  2.615792885912D+01  2.615930754973D+01  2.616072007064D+01
  2.616216662294D+01  2.616364858149D+01  2.616516618012D+01  2.616672082689D+01
  2.616831278930D+01  2.616994350954D+01  2.617161328968D+01  2.617332360691D+01
  2.617507479877D+01  2.617686837831D+01  2.617870471933D+01  2.618058537156D+01
  2.618251074584D+01  2.618448242929D+01  2.618650087048D+01  2.618856769461D+01
  2.619068338861D+01  2.619284961628D+01  2.619506690344D+01  2.619733695297D+01
  2.619966032994D+01  2.620203877668D+01  2.620447289776D+01  2.620696447511D+01
  2.620951415294D+01  2.621212375279D+01  2.621479395840D+01  2.621752663075D+01
  2.622032249283D+01  2.622318344462D+01  2.622611024784D+01  2.622910484080D+01
  2.623216802314D+01  2.623530177054D+01  2.623850691942D+01  2.624178548156D+01
  2.624513832869D+01  2.624856750699D+01  2.625207392164D+01  2.625565965117D+01
  2.625932563186D+01  2.626307397201D+01  2.626690563621D+01  2.627082275946D+01
  2.627482633124D+01  2.627891850958D+01  2.628310030490D+01  2.628737389387D+01
  2.629174030315D+01  2.629620172301D+01  2.630075919088D+01  2.630541490476D+01
  2.631016990651D+01  2.631502639507D+01  2.631998540948D+01  2.632504914186D+01
  2.633021862013D+01  2.633549602069D+01  2.634088235087D+01  2.634637976131D+01
  2.635198922804D+01  2.635771286451D+01  2.636355160333D+01  2.636950750792D+01
  2.637558145386D+01  2.638177544008D+01  2.638809026983D+01  2.639452786138D+01
  2.640108892853D+01  2.640777529084D+01  2.641458755359D+01  2.642152741746D+01
  2.642859535799D+01  2.643579293465D+01  2.644312046967D+01  2.645057935653D+01
  2.645816973808D+01  2.646589281442D+01  2.647374852026D+01  2.648173783210D+01
  2.648986044482D+01  2.649811707807D+01  2.650650715210D+01  2.651503109326D+01
  2.652368800897D+01  2.653247799235D+01  2.654139979628D+01  2.655045313702D+01
  2.655963636737D+01  2.656894877924D+01  2.657838827579D+01  2.658795367294D+01
  2.659764237043D+01  2.660745265222D+01  2.661738135641D+01  2.662742617447D+01
  2.663758332000D+01  2.664784982675D+01  2.665822121613D+01  2.666869379404D+01
  2.667926231705D+01  2.668992228803D+01  2.670066762101D+01  2.671149293553D+01
  2.672239122018D+01  2.673335612569D+01  2.674437962716D+01  2.675545431583D+01
  2.676657106012D+01  2.677772129603D+01  2.678889468702D+01  2.680008141317D+01
  2.681126982989D+01  2.682244875600D+01  2.683360513124D+01  2.684472630343D+01
  2.685579768500D+01  2.686680503925D+01  2.687773213610D+01  2.688856303762D+01
  2.689927975327D+01  2.690986452488D+01  2.692029748157D+01  2.693055892461D+01
  2.694062698222D+01  2.695047989464D+01  2.696009366926D+01  2.696944436621D+01
  2.697850575432D+01  2.698725159766D+01  2.699565331286D+01  2.700368225714D+01
  2.701130738751D+01  2.701849755104D+01  2.702521914647D+01  2.703143841745D+01
  2.703711911744D+01  2.704222480655D+01  2.704671652057D+01  2.705055507239D+01
  2.705369872606D+01  2.705610550368D+01  2.705773086552D+01  2.705853002352D+01
  2.705845562847D+01  2.705746009123D+01  2.705549327819D+01  2.705250484141D+01
  2.704844192358D+01  2.704325149830D+01  2.703687808583D+01  2.702926610478D+01
  2.702035760000D+01  2.701009460699D+01  2.699841689312D+01  2.698526433614D+01
  2.697057467997D+01  2.695428592848D+01  2.693633411716D+01  2.691665572317D+01
  2.689518545396D+01  2.687185867464D+01  2.684660921437D+01  2.681937181180D+01
  2.679007993984D+01  2.675866826974D+01  2.672507051447D+01  2.668922191147D+01
  2.665105708473D+01  2.661051254586D+01  2.656752457413D+01  2.652203173516D+01
  2.647397277782D+01  2.642328916898D+01  2.636992300551D+01  2.631381956295D+01
  2.625492522012D+01  2.619319001871D+01  2.612856559718D+01  2.606100775756D+01
  2.599047440431D+01  2.591692811368D+01  2.584033407244D+01  2.576066264409D+01
  2.567788730133D+01  2.559198718264D+01  2.550294501128D+01  2.541074963477D+01
  2.531539392253D+01  2.521687727964D+01  2.511520351439D+01  2.501038331722D+01
  2.490243208849D+01  2.479137237275D+01  2.467723163673D+01  2.456004464867D+01
  2.443985119604D+01  2.431669839928D+01  2.419063835952D+01  2.406173039601D+01
  2.393003861271D+01  2.379563405070D+01  2.365859216429D+01  2.351899487885D+01
  2.337692796826D+01  2.323248301056D+01  2.308575466010D+01  2.293684249533D+01
  2.278584818116D+01  2.263287720585D+01  2.247803593215D+01  2.232143322364D+01
  2.216317738731D+01  2.200337769448D+01  2.184214122275D+01  2.167957428318D+01
  2.151577917749D+01  2.135085555217D+01  2.118489709789D+01  2.101799286487D+01
  2.085022394764D+01  2.068166481573D+01  2.051238005061D+01  2.034242577414D+01
  2.017184653830D+01  2.000067697253D+01  1.982893897087D+01  1.965664372787D+01
  1.948378941795D+01  1.931036383803D+01  1.913634281477D+01  1.896169369648D+01
  1.878637472050D+01  1.861033955136D+01  1.843353773699D+01  1.825592031321D+01
  1.807744121574D+01  1.789806362244D+01  1.771776176510D+01  1.753652721598D+01
  1.735437009151D+01  1.717132412532D+01  1.698744606323D+01  1.680281842030D+01
  1.661754621744D+01  1.643175696544D+01  1.624559477288D+01  1.605921809763D+01
  1.587279222244D+01  1.568648610051D+01  1.550046468481D+01  1.531488633202D+01
  1.512989626889D+01  1.494562554523D+01  1.476218628121D+01  1.457967246643D+01
  1.439815698078D+01  1.421769399520D+01  1.403831736072D+01  1.386004411655D+01
  1.368287372405D+01  1.350679217469D+01  1.333177160681D+01  1.315777461260D+01
  1.298475390389D+01  1.281265655081D+01  1.264142348979D+01  1.247099353987D+01
  1.230130264351D+01  1.213228758720D+01  1.196388493061D+01  1.179603440920D+01
  1.162867754639D+01  1.146176074554D+01  1.129523360155D+01  1.112905170516D+01
  1.096317468123D+01  1.079756873531D+01  1.063220445016D+01  1.046705910634D+01
  1.030211426845D+01  1.013735791011D+01  9.972781818573D+00  9.808383550350D+00
  9.644163677605D+00  9.480127594551D+00  9.316282621793D+00  9.152639675220D+00
  8.989210235342D+00  8.826007880470D+00  8.663045117574D+00  8.500334770868D+00
  8.337886660341D+00  8.175708827432D+00  8.013804040828D+00  7.852170835907D+00
  7.690799826481D+00  7.529674598275D+00  7.368767633646D+00  7.208041273787D+00
  7.047443286979D+00
Vac0 POTENTIAL                      exc: Vosko,Wilk,Nusair      
  2.25914357  6.50000000  2.23392349
   0.00000
   2.46891   0.8856871952   0.8856504354
353
 0.25000000D-01 0.37220196D-03
 0 1
  8.331149527717D-01  8.330881024865D-01  8.330597809018D-01  8.330516145930D-01
  8.330469949107D-01  8.330450223104D-01  8.330433683014D-01  8.330432830705D-01
  8.330430569110D-01  8.330441825153D-01  8.330450660832D-01  8.330472645239D-01
  8.330492244421D-01  8.330525314456D-01  8.330556547454D-01  8.330601997921D-01
  8.330646546066D-01  8.330706435279D-01  8.330766744648D-01  8.330843933453D-01
  8.330923319661D-01  8.331021630443D-01  8.331124487369D-01  8.331248963799D-01
  8.331381077759D-01  8.331538358384D-01  8.331707349093D-01  8.331906186081D-01
  8.332122115154D-01  8.332374086693D-01  8.332650291624D-01  8.332970778697D-01
  8.333325016976D-01  8.333734544162D-01  8.334190565561D-01  8.334716645045D-01
  8.335306333637D-01  8.335984886902D-01  8.336678010955D-01  8.336979432376D-01
  8.336692241062D-01  8.336427826705D-01  8.336169477991D-01  8.335931851522D-01
  8.335698425496D-01  8.335484024554D-01  8.335272276483D-01  8.335078139282D-01
  8.334885360024D-01  8.334709003727D-01  8.334532913601D-01  8.334372241213D-01
  8.334210907914D-01  8.334064136005D-01  8.333915910873D-01  8.333781512968D-01
  8.333644980589D-01  8.333521642441D-01  8.333395580814D-01  8.333282164638D-01
  8.333165513058D-01  8.333061028782D-01  8.332952862030D-01  8.332856444061D-01
  8.332755951373D-01  8.332666839471D-01  8.332573307278D-01  8.332490830982D-01
  8.332403628668D-01  8.332327194311D-01  8.332245762453D-01  8.332174842385D-01
  8.332098682897D-01  8.332032806497D-01  8.331961474330D-01  8.331900220415D-01
  8.331833316625D-01  8.331776307024D-01  8.331713472855D-01  8.331660366940D-01
  8.331601278776D-01  8.331551768885D-01  8.331496133957D-01  8.331449941314D-01
  8.331397493998D-01  8.331354365311D-01  8.331304863944D-01  8.331264568464D-01
  8.331217792543D-01  8.331180119437D-01  8.331135867232D-01  8.331100623357D-01
  8.331058709816D-01  8.331025717739D-01  8.330985972615D-01  8.330955068874D-01
  8.330917335111D-01  8.330888368685D-01  8.330852500960D-01  8.330825331911D-01
  8.330791195364D-01  8.330765693612D-01  8.330733162682D-01  8.330709206921D-01
  8.330678164321D-01  8.330655641054D-01  8.330625976824D-01  8.330604779448D-01
  8.330576390136D-01  8.330556418127D-01  8.330529205969D-01  8.330510364151D-01
  8.330484236378D-01  8.330466434221D-01  8.330441302384D-01  8.330424453360D-01
  8.330400232700D-01  8.330384253667D-01  8.330360862518D-01  8.330345673147D-01
  8.330323032373D-01  8.330308554583D-01  8.330286587023D-01  8.330272744445D-01
  8.330251374383D-01  8.330238091821D-01  8.330217244455D-01  8.330204447366D-01
  8.330184048281D-01  8.330171662240D-01  8.330151636874D-01  8.330139587049D-01
  8.330119860155D-01  8.330108070748D-01  8.330088565838D-01  8.330076959529D-01
  8.330057598299D-01  8.330046095653D-01  8.330026797383D-01  8.330015316232D-01
  8.329995997147D-01  8.329984451941D-01  8.329965024546D-01  8.329953325662D-01
  8.329933698017D-01  8.329921751011D-01  8.329901825970D-01  8.329889530785D-01
  8.329869205165D-01  8.329856455267D-01  8.329835618953D-01  8.329822300407D-01
  8.329800835383D-01  8.329786825828D-01  8.329764605120D-01  8.329749772679D-01
  8.329726659202D-01  8.329710861272D-01  8.329686706574D-01  8.329669788504D-01
  8.329644431384D-01  8.329626225045D-01  8.329599490039D-01  8.329579812227D-01
  8.329551507959D-01  8.329530158658D-01  8.329500076002D-01  8.329476836479D-01
  8.329444746561D-01  8.329419377250D-01  8.329385029236D-01  8.329357267427D-01
  8.329320386090D-01  8.329289943369D-01  8.329250226407D-01  8.329216785845D-01
  8.329173900923D-01  8.329137113964D-01  8.329090695452D-01  8.329050178493D-01
  8.328999823868D-01  8.328955154472D-01  8.328900420343D-01  8.328851133071D-01
  8.328791530796D-01  8.328737112594D-01  8.328672103437D-01  8.328611988550D-01
  8.328540978334D-01  8.328474542687D-01  8.328396875889D-01  8.328323430881D-01
  8.328238384107D-01  8.328157169753D-01  8.328063944536D-01  8.327974121896D-01
  8.327871836732D-01  8.327772479540D-01  8.327660161090D-01  8.327550246511D-01
  8.327426819890D-01  8.327305218302D-01  8.327169496333D-01  8.327034960039D-01
  8.326885631388D-01  8.326736782140D-01  8.326572398204D-01  8.326407713421D-01
  8.326226673830D-01  8.326044471359D-01  8.325845007966D-01  8.325643429241D-01
  8.325423588416D-01  8.325200579853D-01  8.324958202918D-01  8.324711495343D-01
  8.324444196949D-01  8.324171282865D-01  8.323876427089D-01  8.323574535546D-01
  8.323249209470D-01  8.322915278290D-01  8.322556262801D-01  8.322186907870D-01
  8.321790645377D-01  8.321382126710D-01  8.320944685456D-01  8.320492869671D-01
  8.320009904288D-01  8.319510223131D-01  8.318976931023D-01  8.318424335511D-01
  8.317835408640D-01  8.317224318361D-01  8.316573889936D-01  8.315898136997D-01
  8.315179722535D-01  8.314432489580D-01  8.313638921730D-01  8.312812673408D-01
  8.311936029884D-01  8.311022437062D-01  8.310053960943D-01  8.309043816894D-01
  8.307973828486D-01  8.306856956191D-01  8.305674755537D-01  8.304439905161D-01
  8.303133664207D-01  8.301768399679D-01  8.300325042988D-01  8.298815616528D-01
  8.297220689294D-01  8.295551902589D-01  8.293789424606D-01  8.291944475178D-01
  8.289996779218D-01  8.287957090400D-01  8.285804643330D-01  8.283549676048D-01
  8.281170880788D-01  8.278677925172D-01  8.276048901403D-01  8.273292846006D-01
  8.270387187283D-01  8.267340263437D-01  8.264128768095D-01  8.260760266635D-01
  8.257210639560D-01  8.253486596818D-01  8.249563118794D-01  8.245445968389D-01
  8.241109129348D-01  8.236557315851D-01  8.231763407858D-01  8.226730957921D-01
  8.221431623199D-01  8.215867669151D-01  8.210009397823D-01  8.203857648040D-01
  8.197381219511D-01  8.190579369079D-01  8.183419230120D-01  8.175898304338D-01
  8.167981875858D-01  8.159665497978D-01  8.150912401243D-01  8.141715974461D-01
  8.132037165935D-01  8.121866957923D-01  8.111163760051D-01  8.099915876237D-01
  8.088078889126D-01  8.075638118299D-01  8.062545994336D-01  8.048784506880D-01
  8.034302566635D-01  8.019078441545D-01  8.003057104659D-01  7.986212656265D-01
  7.968485655079D-01  7.949845523661D-01  7.930227859779D-01  7.909596821749D-01
  7.887882416037D-01  7.865042858325D-01  7.841001832417D-01  7.815710821704D-01
  7.789086333166D-01  7.761072192502D-01  7.731576725381D-01  7.700535007680D-01
  7.667845994040D-01  7.633434712340D-01  7.597189326947D-01  7.559023263579D-01
  7.518812191232D-01  7.476456059797D-01  7.431815980319D-01  7.384776152889D-01
  7.335180619361D-01  7.282895052857D-01  7.227743350030D-01  7.169569245629D-01
  7.108172702361D-01  7.043371303860D-01  6.974936388680D-01  6.902654162043D-01
  6.826261505704D-01  6.745506732216D-01  6.660084983453D-01  6.569698529809D-01
  6.473991645892D-01  6.372610329818D-01  6.265136513699D-01  6.151147043615D-01
  6.030147043603D-01  5.901627953628D-01  5.764999817585D-01  5.619648123746D-01
  5.464864729467D-01  5.299903186593D-01  5.123907949497D-01  4.935967801016D-01
  4.735042922907D-01  4.520015965031D-01  4.289616549003D-01  4.042469421335D-01
  3.777015874892D-01  3.491560458873D-01  3.184182802962D-01  2.852788450100D-01
  2.495013163059D-01
Vac0 POTENTIAL                      exc: Vosko,Wilk,Nusair      
  1.72127726  6.50000000  1.73067725
   0.00000
   2.01081   0.8856871952   0.8856504354
353
 0.25000000D-01 0.30314114D-03
 0 1
  6.288063575289D-01  6.287658246387D-01  6.287238492362D-01  6.287111311141D-01
  6.287040723984D-01  6.286998630334D-01  6.286965467164D-01  6.286944678944D-01
  6.286925654676D-01  6.286915296251D-01  6.286904600147D-01  6.286901318291D-01
  6.286896941875D-01  6.286899534878D-01  6.286900799725D-01  6.286908953281D-01
  6.286915816424D-01  6.286929703421D-01  6.286942520635D-01  6.286962661212D-01
  6.286982108209D-01  6.287009332252D-01  6.287036397005D-01  6.287071859182D-01
  6.287107875929D-01  6.287153106648D-01  6.287199822876D-01  6.287256812059D-01
  6.287316489834D-01  6.287387806686D-01  6.287463363189D-01  6.287552320383D-01
  6.287647518790D-01  6.287758393808D-01  6.287878100034D-01  6.288016432606D-01
  6.288166955902D-01  6.288339745537D-01  6.288512737327D-01  6.288576360388D-01
  6.288486243037D-01  6.288404877823D-01  6.288323707050D-01  6.288250652370D-01
  6.288177214648D-01  6.288111367374D-01  6.288044657642D-01  6.287985100220D-01
  6.287924279039D-01  6.287870241917D-01  6.287814602510D-01  6.287765435488D-01
  6.287714378635D-01  6.287669528457D-01  6.287622542618D-01  6.287581535612D-01
  6.287538181461D-01  6.287500609580D-01  6.287460507635D-01  6.287426017525D-01
  6.287388838270D-01  6.287357122281D-01  6.287322578154D-01  6.287293367154D-01
  6.287261206063D-01  6.287234263587D-01  6.287204263479D-01  6.287179380849D-01
  6.287151345361D-01  6.287128337683D-01  6.287102092542D-01  6.287080795313D-01
  6.287056185177D-01  6.287036451592D-01  6.287013337527D-01  6.286995036020D-01
  6.286973293345D-01  6.286956305647D-01  6.286935822081D-01  6.286920041500D-01
  6.286900715601D-01  6.286886045601D-01  6.286867785417D-01  6.286854138336D-01
  6.286836860240D-01  6.286824156237D-01  6.286807783938D-01  6.286795950054D-01
  6.286780413724D-01  6.286769383078D-01  6.286754618576D-01  6.286744329632D-01
  6.286730277870D-01  6.286720673814D-01  6.286707280144D-01  6.286698308345D-01
  6.286685522021D-01  6.286677133531D-01  6.286664907274D-01  6.286657056370D-01
  6.286645345929D-01  6.286637989733D-01  6.286626753509D-01  6.286619851614D-01
  6.286609050310D-01  6.286602564452D-01  6.286592160760D-01  6.286586054512D-01
  6.286576012813D-01  6.286570251296D-01  6.286560537381D-01  6.286555086997D-01
  6.286545667817D-01  6.286540495988D-01  6.286531339386D-01  6.286526414327D-01
  6.286517488810D-01  6.286512779260D-01  6.286504053760D-01  6.286499528773D-01
  6.286490972404D-01  6.286486601106D-01  6.286478182942D-01  6.286473934295D-01
  6.286465623124D-01  6.286461465685D-01  6.286453229780D-01  6.286449131463D-01
  6.286440938315D-01  6.286436866134D-01  6.286428682207D-01  6.286424602008D-01
  6.286416392460D-01  6.286412268642D-01  6.286403997043D-01  6.286399792262D-01
  6.286391420279D-01  6.286387095137D-01  6.286378582213D-01  6.286374094906D-01
  6.286365397903D-01  6.286360703866D-01  6.286351776691D-01  6.286346828193D-01
  6.286337621374D-01  6.286332367098D-01  6.286322827345D-01  6.286317211908D-01
  6.286307281623D-01  6.286301245070D-01  6.286290861805D-01  6.286284339049D-01
  6.286273434926D-01  6.286266355139D-01  6.286254856209D-01  6.286247142143D-01
  6.286234967675D-01  6.286226534928D-01  6.286213596642D-01  6.286204352843D-01
  6.286190554058D-01  6.286180397975D-01  6.286165632663D-01  6.286154453219D-01
  6.286138604980D-01  6.286126280167D-01  6.286109221089D-01  6.286095616774D-01
  6.286077206173D-01  6.286062174779D-01  6.286042257821D-01  6.286025636872D-01
  6.286004043037D-01  6.285985653554D-01  6.285962194957D-01  6.285941839681D-01
  6.285916309205D-01  6.285893770646D-01  6.285865939889D-01  6.285840978163D-01
  6.285810595164D-01  6.285782945609D-01  6.285749732342D-01  6.285719102877D-01
  6.285682752483D-01  6.285648820703D-01  6.285608994424D-01  6.285571404378D-01
  6.285527728183D-01  6.285486086823D-01  6.285438147666D-01  6.285392020920D-01
  6.285339362616D-01  6.285288271045D-01  6.285230389707D-01  6.285173803715D-01
  6.285110142714D-01  6.285047477246D-01  6.284977421638D-01  6.284908030324D-01
  6.284830900695D-01  6.284754069379D-01  6.284669115042D-01  6.284584054626D-01
  6.284490446097D-01  6.284396284636D-01  6.284293105324D-01  6.284188879286D-01
  6.284075116306D-01  6.283959760912D-01  6.283834294925D-01  6.283706633472D-01
  6.283568227463D-01  6.283426959522D-01  6.283274246384D-01  6.283117934748D-01
  6.282949403571D-01  6.282776459833D-01  6.282590440731D-01  6.282399109337D-01
  6.282193756681D-01  6.281982097297D-01  6.281755371179D-01  6.281521239201D-01
  6.281270884935D-01  6.281011909934D-01  6.280735435392D-01  6.280448997282D-01
  6.280143647834D-01  6.279826850515D-01  6.279489581315D-01  6.279139223533D-01
  6.278766668865D-01  6.278379211979D-01  6.277967651366D-01  6.277539183695D-01
  6.277084504400D-01  6.276610701790D-01  6.276108357345D-01  6.275584439547D-01
  6.275029403864D-01  6.274450086271D-01  6.273836802882D-01  6.273196243128D-01
  6.272518569005D-01  6.271810307870D-01  6.271061451260D-01  6.270278347267D-01
  6.269450798880D-01  6.268584955896D-01  6.267670412731D-01  6.266713099815D-01
  6.265702380814D-01  6.264643943456D-01  6.263526896100D-01  6.262356657921D-01
  6.261122054759D-01  6.259828208601D-01  6.258463632618D-01  6.257033119867D-01
  6.255524837432D-01  6.253943214250D-01  6.252276034265D-01  6.250527323275D-01
  6.248684440980D-01  6.246750966750D-01  6.244713790435D-01  6.242575996930D-01
  6.240323955611D-01  6.237960203547D-01  6.235470533411D-01  6.232856875180D-01
  6.230104382336D-01  6.227214311887D-01  6.224171108645D-01  6.220975283366D-01
  6.217610494884D-01  6.214076426140D-01  6.210355863904D-01  6.206447572432D-01
  6.202333370492D-01  6.198011002343D-01  6.193461211725D-01  6.188680609823D-01
  6.183648745830D-01  6.178360971510D-01  6.172795507890D-01  6.166946305957D-01
  6.160790108973D-01  6.154319308793D-01  6.147509003189D-01  6.140349847187D-01
  6.132815104713D-01  6.124893494225D-01  6.116556233877D-01  6.107789880602D-01
  6.098563367847D-01  6.088860837114D-01  6.078648667131D-01  6.067908296680D-01
  6.056603243865D-01  6.044711918818D-01  6.032194631457D-01  6.019026392372D-01
  6.005163907159D-01  5.990578363434D-01  5.975222409401D-01  5.959062924504D-01
  5.942047979399D-01  5.924139587184D-01  5.905280641297D-01  5.885427643575D-01
  5.864517615791D-01  5.842500799894D-01  5.819307537886D-01  5.794880938450D-01
  5.769143718575D-01  5.742030829330D-01  5.713456250988D-01  5.683345568847D-01
  5.651602711474D-01  5.618142465105D-01  5.582857141909D-01  5.545649018412D-01
  5.506396917184D-01  5.464988550781D-01  5.421286995717D-01  5.375162918295D-01
  5.326460913860D-01  5.275031584244D-01  5.220697707666D-01  5.163286128849D-01
  5.102593715026D-01  5.038419008473D-01  4.970527911095D-01  4.898685034354D-01
  4.822619037922D-01  4.742053592593D-01  4.656672276250D-01  4.566149039944D-01
  4.470112535297D-01  4.368175940711D-01  4.259900556180D-01  4.144824803718D-01
  4.022426876361D-01  3.892152665740D-01  3.753377215222D-01  3.605431221031D-01
  3.447560904234D-01  3.278954118504D-01  3.098693393878D-01  2.905786256913D-01
  2.699111622231D-01
