In49 POTENTIAL                      exc: Vosko,Wilk,Nusair      
  2.14187055  6.17500000  2.11957662
  49.00000
   2.34253   1.0889703173   0.9652356155
353
 0.25000000D-01 0.35315022D-03
 9 1
    0  -1.96656160000D+03
    0  -2.87428550000D+02
    0  -5.37136240000D+01
    0  -7.39818510000D+00
    1  -2.68528840000D+02
    1  -4.59639090000D+01
    1  -4.86454470000D+00
    2  -3.15522220000D+01
    2  -7.38539920000D-01
  4.728031861394D+02  4.728282042556D+02  4.728537971369D+02  4.728799716831D+02
  4.729067362511D+02  4.729341044045D+02  4.729620854742D+02  4.729906931723D+02
  4.730199370942D+02  4.730498311353D+02  4.730803850949D+02  4.731116130234D+02
  4.731435248817D+02  4.731761348443D+02  4.732094529918D+02  4.732434935846D+02
  4.732782667778D+02  4.733137868725D+02  4.733500640468D+02  4.733871125898D+02
  4.734249426446D+02  4.734635684279D+02  4.735029999811D+02  4.735432513791D+02
  4.735843324870D+02  4.736262571585D+02  4.736690349976D+02  4.737126795472D+02
  4.737572000544D+02  4.738026096505D+02  4.738489171179D+02  4.738961350624D+02
  4.739442716812D+02  4.739933389273D+02  4.740433442774D+02  4.740942988893D+02
  4.741462093689D+02  4.741990859200D+02  4.742529341098D+02  4.743077630117D+02
  4.743635769773D+02  4.744203837448D+02  4.744781862267D+02  4.745369906276D+02
  4.745967982021D+02  4.746576133736D+02  4.747194354878D+02  4.747822669240D+02
  4.748461048433D+02  4.749109492918D+02  4.749767949437D+02  4.750436391955D+02
  4.751114739030D+02  4.751802934668D+02  4.752500865627D+02  4.753208442180D+02
  4.753925515345D+02  4.754651957549D+02  4.755387579785D+02  4.756132212176D+02
  4.756885621044D+02  4.757647589375D+02  4.758417833798D+02  4.759196084944D+02
  4.759982004332D+02  4.760775264614D+02  4.761575466371D+02  4.762382218243D+02
  4.763195053622D+02  4.764013510670D+02  4.764837048912D+02  4.765665129133D+02
  4.766497129870D+02  4.767332427195D+02  4.768170311099D+02  4.769010065166D+02
  4.769850882851D+02  4.770691947043D+02  4.771532346242D+02  4.772371154021D+02
  4.773207345106D+02  4.774039874734D+02  4.774867594656D+02  4.775689332397D+02
  4.776503807188D+02  4.777309709148D+02  4.778105615154D+02  4.778890067960D+02
  4.779661492025D+02  4.780418272594D+02  4.781158671494D+02  4.781880906207D+02
  4.782583065665D+02  4.783263189338D+02  4.783919183059D+02  4.784548898160D+02
  4.785150047374D+02  4.785720284047D+02  4.786257118160D+02  4.786757995671D+02
  4.787220214703D+02  4.787641005064D+02  4.788017444657D+02  4.788346539246D+02
  4.788625139136D+02  4.788850019259D+02  4.789017796200D+02  4.789125008660D+02
  4.789168034912D+02  4.789143173724D+02  4.789046562322D+02  4.788874257857D+02
  4.788622155967D+02  4.788286072878D+02  4.787861664655D+02  4.787344510037D+02
  4.786730030467D+02  4.786013573766D+02  4.785190335033D+02  4.784255441255D+02
  4.783203873187D+02  4.782030550980D+02  4.780730257139D+02  4.779297723261D+02
  4.777727554155D+02  4.776014315777D+02  4.774152460576D+02  4.772136416695D+02
  4.769960514613D+02  4.767619077644D+02  4.765106349910D+02  4.762416588168D+02
  4.759543991111D+02  4.756482792514D+02  4.753227191824D+02  4.749771448578D+02
  4.746109814203D+02  4.742236627592D+02  4.738146247995D+02  4.733833151583D+02
  4.729291865235D+02  4.724517063866D+02  4.719503504836D+02  4.714246125736D+02
  4.708739979084D+02  4.702980330176D+02  4.696962591630D+02  4.690682420836D+02
  4.684135653823D+02  4.677318401741D+02  4.670226983441D+02  4.662858020335D+02
  4.655208366984D+02  4.647275203601D+02  4.639055963883D+02  4.630548424340D+02
  4.621750628538D+02  4.612660972421D+02  4.603278124105D+02  4.593601104330D+02
  4.583629200991D+02  4.573362043911D+02  4.562799513358D+02  4.551941808485D+02
  4.540789349235D+02  4.529342838076D+02  4.517603155001D+02  4.505571412392D+02
  4.493248843410D+02  4.480636850483D+02  4.467736887842D+02  4.454550504876D+02
  4.441079224512D+02  4.427324583634D+02  4.413288010062D+02  4.398970863433D+02
  4.384374314827D+02  4.369499392804D+02  4.354346871041D+02  4.338917325499D+02
  4.323211036522D+02  4.307228063930D+02  4.290968170448D+02  4.274430921326D+02
  4.257615635020D+02  4.240521512039D+02  4.223147615750D+02  4.205493030844D+02
  4.187556871541D+02  4.169338463230D+02  4.150837367494D+02  4.132053572059D+02
  4.112987513692D+02  4.093640254069D+02  4.074013475823D+02  4.054109618910D+02
  4.033931825643D+02  4.013484016791D+02  3.992770770405D+02  3.971797329853D+02
  3.950569417274D+02  3.929093183525D+02  3.907374974970D+02  3.885421251494D+02
  3.863238338247D+02  3.840832346346D+02  3.818208944532D+02  3.795373315324D+02
  3.772329975029D+02  3.749082787881D+02  3.725634850090D+02  3.701988570485D+02
  3.678145620200D+02  3.654107075148D+02  3.629873421356D+02  3.605444745014D+02
  3.580820776034D+02  3.556001106157D+02  3.530985250006D+02  3.505772870123D+02
  3.480363834650D+02  3.454758429185D+02  3.428957392194D+02  3.402962096229D+02
  3.376774545485D+02  3.350397512961D+02  3.323834488820D+02  3.297089764751D+02
  3.270168327291D+02  3.243075886547D+02  3.215818715081D+02  3.188403625365D+02
  3.160837762790D+02  3.133128544669D+02  3.105283425259D+02  3.077309819523D+02
  3.049214867824D+02  3.021005377155D+02  2.992687622513D+02  2.964267344946D+02
  2.935749629332D+02  2.907138995974D+02  2.878439384135D+02  2.849654353989D+02
  2.820787174680D+02  2.791841112473D+02  2.762819573372D+02  2.733726402219D+02
  2.704565984546D+02  2.675343451622D+02  2.646064641613D+02  2.616736132506D+02
  2.587365021660D+02  2.557958792822D+02  2.528524969202D+02  2.499070911237D+02
  2.469603466399D+02  2.440128828400D+02  2.410652302945D+02  2.381178321100D+02
  2.351710378383D+02  2.322251222080D+02  2.292802949091D+02  2.263367325124D+02
  2.233945980227D+02  2.204540787948D+02  2.175154083379D+02  2.145789029465D+02
  2.116449790409D+02  2.087141826693D+02  2.057871975399D+02  2.028648635615D+02
  1.999481727735D+02  1.970382750742D+02  1.941364611737D+02  1.912441555240D+02
  1.883628870322D+02  1.854942707500D+02  1.826399685983D+02  1.798016627329D+02
  1.769810099136D+02  1.741796108714D+02  1.713989634470D+02  1.686404339964D+02
  1.659052164055D+02  1.631943138716D+02  1.605085134358D+02  1.578483889359D+02
  1.552143023944D+02  1.526064386592D+02  1.500248409923D+02  1.474694782254D+02
  1.449403050752D+02  1.424373391709D+02  1.399607103255D+02  1.375107033339D+02
  1.350877536065D+02  1.326924270704D+02  1.303253575506D+02  1.279871861004D+02
  1.256784831278D+02  1.233996979961D+02  1.211511107875D+02  1.189328216258D+02
  1.167447432097D+02  1.145866253983D+02  1.124580740628D+02  1.103585922848D+02
  1.082876070639D+02  1.062445114069D+02  1.042286868850D+02  1.022395383464D+02
  1.002765072295D+02  9.833909628714D+01  9.642687292053D+01  9.453948438764D+01
  9.267665249232D+01  9.083818116388D+01  8.902394464345D+01  8.723388970990D+01
  8.546801964529D+01  8.372639331178D+01  8.200910696514D+01  8.031629207457D+01
  7.864809667340D+01  7.700468339184D+01  7.538621159120D+01  7.379283663385D+01
  7.222469361343D+01  7.068189847750D+01  6.916453379349D+01  6.767265201132D+01
  6.620626342814D+01  6.476534165733D+01  6.334981378996D+01  6.195956802339D+01
  6.059444594566D+01  5.925425222650D+01  5.793874889180D+01  5.664766687190D+01
  5.538070192929D+01  5.413752751755D+01  5.291779152937D+01  5.172112929993D+01
  5.054715969712D+01  4.939549659651D+01  4.826574266788D+01  4.715749797005D+01
  4.607035065113D+01  4.500388278586D+01  4.395765805335D+01  4.293122678333D+01
  4.192411211022D+01
N_07 POTENTIAL                      exc: Vosko,Wilk,Nusair      
  1.63952924  6.17500000  1.64793099
   7.00000
   1.91467   1.0889703173   0.9652356155
353
 0.25000000D-01 0.28864751D-03
 2 1
    0  -2.69998930000D+01
    0  -4.29582100000D-01
  2.633453582190D+01  2.633489815537D+01  2.633526920987D+01  2.633567471735D+01
  2.633609520919D+01  2.633652866463D+01  2.633697370161D+01  2.633743089477D+01
  2.633789961192D+01  2.633838072510D+01  2.633887374693D+01  2.633937963175D+01
  2.633989794540D+01  2.634042968050D+01  2.634097443292D+01  2.634153322062D+01
  2.634210566202D+01  2.634269279587D+01  2.634329426037D+01  2.634391111349D+01
  2.634454301233D+01  2.634519103359D+01  2.634585485316D+01  2.634653556662D+01
  2.634723286893D+01  2.634794787496D+01  2.634868029920D+01  2.634943127639D+01
  2.635020054121D+01  2.635098924891D+01  2.635179715510D+01  2.635262543627D+01
  2.635347386970D+01  2.635434365397D+01  2.635523458882D+01  2.635614789576D+01
  2.635708339787D+01  2.635804234041D+01  2.635902457086D+01  2.636003136425D+01
  2.636106297229D+01  2.636212029902D+01  2.636320324315D+01  2.636431312693D+01
  2.636544987604D+01  2.636661484012D+01  2.636780797271D+01  2.636903065186D+01
  2.637028285996D+01  2.637156600440D+01  2.637288009740D+01  2.637422657669D+01
  2.637560548529D+01  2.637701829221D+01  2.637846507227D+01  2.637994732670D+01
  2.638146516307D+01  2.638302011581D+01  2.638461232613D+01  2.638624336259D+01
  2.638791340097D+01  2.638962404485D+01  2.639137550543D+01  2.639316942215D+01
  2.639500604248D+01  2.639688704251D+01  2.639881270675D+01  2.640078474866D+01
  2.640280349048D+01  2.640487068373D+01  2.640698668899D+01  2.640915329638D+01
  2.641137090533D+01  2.641364134504D+01  2.641596505419D+01  2.641834390136D+01
  2.642077836474D+01  2.642327035249D+01  2.642582038241D+01  2.642843040225D+01
  2.643110096931D+01  2.643383407073D+01  2.643663030305D+01  2.643949169239D+01
  2.644241887396D+01  2.644541391218D+01  2.644847748014D+01  2.645161167961D+01
  2.645481722039D+01  2.645809624030D+01  2.646144948442D+01  2.646487912493D+01
  2.646838594028D+01  2.647197213493D+01  2.647563851840D+01  2.647938732485D+01
  2.648321939203D+01  2.648713698073D+01  2.649114095353D+01  2.649523359416D+01
  2.649941578604D+01  2.650368983148D+01  2.650805663004D+01  2.651251849753D+01
  2.651707634416D+01  2.652173249337D+01  2.652648785971D+01  2.653134476742D+01
  2.653630412812D+01  2.654136825908D+01  2.654653806065D+01  2.655181583427D+01
  2.655720245955D+01  2.656270021198D+01  2.656830993970D+01  2.657403388087D+01
  2.657987284002D+01  2.658582900507D+01  2.659190312332D+01  2.659809731801D+01
  2.660441226388D+01  2.661085000328D+01  2.661741112127D+01  2.662409756123D+01
  2.663090979943D+01  2.663784966012D+01  2.664491748955D+01  2.665211497044D+01
  2.665944229544D+01  2.666690098094D+01  2.667449103990D+01  2.668221379497D+01
  2.669006905061D+01  2.669805790548D+01  2.670617992384D+01  2.671443594710D+01
  2.672282526445D+01  2.673134842356D+01  2.674000440035D+01  2.674879340880D+01
  2.675771406976D+01  2.676676621990D+01  2.677594807945D+01  2.678525906017D+01
  2.679469693211D+01  2.680426063048D+01  2.681394742132D+01  2.682375570725D+01
  2.683368219203D+01  2.684372468518D+01  2.685387926528D+01  2.686414308345D+01
  2.687451152538D+01  2.688498101361D+01  2.689554616829D+01  2.690620260814D+01
  2.691694411003D+01  2.692776540856D+01  2.693865935437D+01  2.694961971243D+01
  2.696063831905D+01  2.697170787893D+01  2.698281912081D+01  2.699396359330D+01
  2.700513081933D+01  2.701631109072D+01  2.702749262149D+01  2.703866434130D+01
  2.704981304767D+01  2.706092619836D+01  2.707198906273D+01  2.708298751318D+01
  2.709390517570D+01  2.710472622068D+01  2.711543251280D+01  2.712600640143D+01
  2.713642787022D+01  2.714667732722D+01  2.715673275450D+01  2.716657249847D+01
  2.717617241977D+01  2.718550868417D+01  2.719455491326D+01  2.720328497640D+01
  2.721167014263D+01  2.721968187419D+01  2.722728898037D+01  2.723446041318D+01
  2.724116242369D+01  2.724736136065D+01  2.725302083012D+01  2.725810449769D+01
  2.726257325231D+01  2.726638801304D+01  2.726950689789D+01  2.727188803617D+01
  2.727348674327D+01  2.727425833966D+01  2.727415533279D+01  2.727313024376D+01
  2.727113279759D+01  2.726811275869D+01  2.726401713069D+01  2.725879300212D+01
  2.725238475694D+01  2.724473693170D+01  2.723579143817D+01  2.722549043320D+01
  2.721377355476D+01  2.720058080577D+01  2.718584980484D+01  2.716951868530D+01
  2.715152336173D+01  2.713180044537D+01  2.711028452751D+01  2.708691111221D+01
  2.706161391742D+01  2.703432782578D+01  2.700498620403D+01  2.697352387242D+01
  2.693987444270D+01  2.690397330616D+01  2.686575499020D+01  2.682515616464D+01
  2.678211301625D+01  2.673656427251D+01  2.668844859293D+01  2.663770760876D+01
  2.658428332933D+01  2.652812119560D+01  2.646916749886D+01  2.640737244518D+01
  2.634268758321D+01  2.627506887566D+01  2.620447413196D+01  2.613086608209D+01
  2.605420980886D+01  2.597447581851D+01  2.589163746647D+01  2.580567401806D+01
  2.571656806068D+01  2.562430854707D+01  2.552888818595D+01  2.543030645932D+01
  2.532856698273D+01  2.522368048750D+01  2.511566214099D+01  2.500453448386D+01
  2.489032470032D+01  2.477306750011D+01  2.465280232831D+01  2.452957618148D+01
  2.440344074714D+01  2.427445514344D+01  2.414268297729D+01  2.400819499879D+01
  2.387106606870D+01  2.373137771818D+01  2.358921501751D+01  2.344466903358D+01
  2.329783359331D+01  2.314880763337D+01  2.299769185403D+01  2.284459095822D+01
  2.268961019459D+01  2.253285748668D+01  2.237443986816D+01  2.221446550768D+01
  2.205304004492D+01  2.189026852344D+01  2.172625164422D+01  2.156108762839D+01
  2.139486841646D+01  2.122768149674D+01  2.105960609524D+01  2.089071502590D+01
  2.072107094054D+01  2.055072828591D+01  2.037972971707D+01  2.020810828542D+01
  2.003588416276D+01  1.986306723207D+01  1.968965431805D+01  1.951563239799D+01
  1.934097657106D+01  1.916565412466D+01  1.898962346293D+01  1.881283920825D+01
  1.863525219432D+01  1.845681559399D+01  1.827748581095D+01  1.809722927148D+01
  1.791602362862D+01  1.773386440415D+01  1.755076549348D+01  1.736676451783D+01
  1.718192147176D+01  1.699632174875D+01  1.681007216386D+01  1.662330128359D+01
  1.643615293311D+01  1.624878442954D+01  1.606135859824D+01  1.587404123024D+01
  1.568699305712D+01  1.550036783762D+01  1.531430550434D+01  1.512893180045D+01
  1.494435318134D+01  1.476065825307D+01  1.457791439275D+01  1.439617073135D+01
  1.421545608744D+01  1.403578300887D+01  1.385714651128D+01  1.367952868810D+01
  1.350289780846D+01  1.332721311021D+01  1.315242393691D+01  1.297847445710D+01
  1.280530264179D+01  1.263284476200D+01  1.246103410132D+01  1.228980516087D+01
  1.211909206343D+01  1.194883244364D+01  1.177896553765D+01  1.160943576442D+01
  1.144019051527D+01  1.127118344652D+01  1.110237199317D+01  1.093372039918D+01
  1.076519698243D+01  1.059677692958D+01  1.042843933829D+01  1.026016980057D+01
  1.009195724360D+01  9.923796319720D+00  9.755684060245D+00  9.587622081950D+00
  9.419613059021D+00  9.251662746072D+00  9.083776263013D+00  8.915959924270D+00
  8.748217321874D+00  8.580550942585D+00  8.412958030820D+00  8.245431974019D+00
  8.077957931516D+00  7.910514061432D+00  7.743066671654D+00  7.575571610107D+00
  7.407969000923D+00
Vac0 POTENTIAL                      exc: Vosko,Wilk,Nusair      
  2.14187055  6.17500000  2.11957662
   0.00000
   2.34253   1.0889703173   0.9652356155
353
 0.25000000D-01 0.35315022D-03
 0 1
  9.366324021759D-01  9.366006499282D-01  9.365673661896D-01  9.365576142588D-01
  9.365521983232D-01  9.365496575153D-01  9.365476539551D-01  9.365472547604D-01
  9.365468485053D-01  9.365477868089D-01  9.365485940165D-01  9.365506969478D-01
  9.365526671052D-01  9.365559647021D-01  9.365591877341D-01  9.365638194947D-01
  9.365684799394D-01  9.365746745481D-01  9.365810466554D-01  9.365891272255D-01
  9.365975878910D-01  9.366079915392D-01  9.366190460670D-01  9.366323558853D-01
  9.366466766505D-01  9.366636678909D-01  9.366821490262D-01  9.367038535120D-01
  9.367276866511D-01  9.367554817812D-01  9.367862605655D-01  9.368219920300D-01
  9.368618562463D-01  9.369080073894D-01  9.369598421063D-01  9.370197681121D-01
  9.370874764033D-01  9.371655886650D-01  9.372457517904D-01  9.372821991333D-01
  9.372517666845D-01  9.372236408008D-01  9.371962699518D-01  9.371709875992D-01
  9.371462623049D-01  9.371234453652D-01  9.371010212219D-01  9.370803553204D-01
  9.370599447710D-01  9.370411663728D-01  9.370225274373D-01  9.370054139498D-01
  9.369883415193D-01  9.369727036341D-01  9.369570227020D-01  9.369426983840D-01
  9.369282587033D-01  9.369151084395D-01  9.369017802885D-01  9.368896832971D-01
  9.368773540735D-01  9.368662052568D-01  9.368547767433D-01  9.368444842055D-01
  9.368338703306D-01  9.368243533632D-01  9.368144783718D-01  9.368056657951D-01
  9.367964627375D-01  9.367882915226D-01  9.367797010046D-01  9.367721151317D-01
  9.367640842673D-01  9.367570337678D-01  9.367495153046D-01  9.367429554551D-01
  9.367359070312D-01  9.367297976745D-01  9.367231811929D-01  9.367174861585D-01
  9.367112672517D-01  9.367059538628D-01  9.367001014371D-01  9.366951400836D-01
  9.366896259239D-01  9.366849897031D-01  9.366797881372D-01  9.366754525320D-01
  9.366705401331D-01  9.366664827426D-01  9.366618380743D-01  9.366580383723D-01
  9.366536417652D-01  9.366500808906D-01  9.366459142466D-01  9.366425748193D-01
  9.366386214372D-01  9.366354873949D-01  9.366317318152D-01  9.366287882698D-01
  9.366252161414D-01  9.366224492478D-01  9.366190472028D-01  9.366164440435D-01
  9.366131995893D-01  9.366107480699D-01  9.366076494874D-01  9.366053382423D-01
  9.366023744965D-01  9.366001928007D-01  9.365973534577D-01  9.365952911483D-01
  9.365925662967D-01  9.365906136969D-01  9.365879938777D-01  9.365861417292D-01
  9.365836178682D-01  9.365818572649D-01  9.365794206084D-01  9.365777429339D-01
  9.365753849876D-01  9.365737818547D-01  9.365714943244D-01  9.365699575178D-01
  9.365677322521D-01  9.365662536694D-01  9.365640826014D-01  9.365626541971D-01
  9.365605292880D-01  9.365591430155D-01  9.365570561963D-01  9.365557039496D-01
  9.365536470625D-01  9.365523206168D-01  9.365502853546D-01  9.365489763043D-01
  9.365469541467D-01  9.365456538410D-01  9.365436359896D-01  9.365423354648D-01
  9.365403127728D-01  9.365390026807D-01  9.365369655797D-01  9.365356361114D-01
  9.365335745312D-01  9.365322153352D-01  9.365301186212D-01  9.365287187156D-01
  9.365265755353D-01  9.365251232131D-01  9.365229214587D-01  9.365214041845D-01
  9.365191308655D-01  9.365175351640D-01  9.365151762897D-01  9.365134876234D-01
  9.365110280763D-01  9.365092307128D-01  9.365066541089D-01  9.365047309743D-01
  9.365020195103D-01  9.364999520302D-01  9.364970863164D-01  9.364948542399D-01
  9.364918131163D-01  9.364893943236D-01  9.364861546573D-01  9.364835249475D-01
  9.364800614112D-01  9.364771942688D-01  9.364734790951D-01  9.364703454335D-01
  9.364663481455D-01  9.364629160232D-01  9.364586031370D-01  9.364548374459D-01
  9.364501721428D-01  9.364460342633D-01  9.364409760281D-01  9.364364234494D-01
  9.364309276710D-01  9.364259135718D-01  9.364199311029D-01  9.364144038883D-01
  9.364078805588D-01  9.364017833495D-01  9.363946594295D-01  9.363879294969D-01
  9.363801391039D-01  9.363727072475D-01  9.363641776908D-01  9.363559675493D-01
  9.363466186070D-01  9.363375458979D-01  9.363272890171D-01  9.363172606966D-01
  9.363059981104D-01  9.362949114450D-01  9.362825351971D-01  9.362702767380D-01
  9.362566676041D-01  9.362431120540D-01  9.362281383508D-01  9.362131473115D-01
  9.361966635801D-01  9.361800841685D-01  9.361619297196D-01  9.361435930385D-01
  9.361235903446D-01  9.361033097924D-01  9.360812627110D-01  9.360588321136D-01
  9.360345239233D-01  9.360097154697D-01  9.359829066998D-01  9.359554686601D-01
  9.359258946914D-01  9.358955488949D-01  9.358629173085D-01  9.358293563556D-01
  9.357933440013D-01  9.357562281822D-01  9.357164779396D-01  9.356754318280D-01
  9.356315490244D-01  9.355861577125D-01  9.355377061645D-01  9.354875111001D-01
  9.354340087372D-01  9.353785031224D-01  9.353194171485D-01  9.352580408528D-01
  9.351927823974D-01  9.351249163328D-01  9.350528345370D-01  9.349777944402D-01
  9.348981699183D-01  9.348151994745D-01  9.347272370833D-01  9.346355003239D-01
  9.345383211684D-01  9.344368940632D-01  9.343295266551D-01  9.342173878149D-01
  9.340987582951D-01  9.339747786886D-01  9.338437000121D-01  9.337066315923D-01
  9.335617915663D-01  9.334102546889D-01  9.332502027398D-01  9.330826722439D-01
  9.329058047762D-01  9.327205945845D-01  9.325251387808D-01  9.323203848570D-01
  9.321043807496D-01  9.318780222369D-01  9.316393028637D-01  9.313890612057D-01
  9.311252306405D-01  9.308485864639D-01  9.305569954897D-01  9.302511630026D-01
  9.299288821668D-01  9.295907807980D-01  9.292345705595D-01  9.288607935321D-01
  9.284670711747D-01  9.280538506691D-01  9.276186536175D-01  9.271618221371D-01
  9.266807672643D-01  9.261757147694D-01  9.256439532340D-01  9.250855795522D-01
  9.244977466424D-01  9.238804085980D-01  9.232305679889D-01  9.225480206188D-01
  9.218296023661D-01  9.210749334979D-01  9.202806649927D-01  9.194462223532D-01
  9.185680513436D-01  9.176453612353D-01  9.166743698798D-01  9.156540463083D-01
  9.145803550495D-01  9.134519979892D-01  9.122646578247D-01  9.110167390738D-01
  9.097036105353D-01  9.083233453151D-01  9.068709621358D-01  9.053441642180D-01
  9.037375792501D-01  9.020484969262D-01  9.002711073449D-01  8.984022369583D-01
  8.964355851150D-01  8.943674581169D-01  8.921910035507D-01  8.899019420736D-01
  8.874927990920D-01  8.849586337972D-01  8.822912676381D-01  8.794850100051D-01
  8.765308827982D-01  8.734223419982D-01  8.701494974494D-01  8.667048293525D-01
  8.630774021482D-01  8.592585747070D-01  8.552362069027D-01  8.510003619449D-01
  8.465375038544D-01  8.418361899645D-01  8.368812570343D-01  8.316595014109D-01
  8.261538509124D-01  8.203490294682D-01  8.142257111367D-01  8.077661651850D-01
  8.009483876332D-01  7.937517216490D-01  7.861509607787D-01  7.781219381535D-01
  7.696355940051D-01  7.606635254318D-01  7.511720088230D-01  7.411274997251D-01
  7.304905983087D-01  7.192214861044D-01  7.072738195413D-01  6.946000868842D-01
  6.811454110551D-01  6.668528059263D-01  6.516568650709D-01  6.354888916622D-01
  6.182704445803D-01  5.999183107679D-01  5.803378746058D-01  5.594278963980D-01
  5.370736661754D-01  5.131515470301D-01  4.875218786101D-01  4.600332361005D-01
  4.305150436437D-01  3.987817733614D-01  3.646244411475D-01  3.278155277051D-01
  2.880996532409D-01
Vac0 POTENTIAL                      exc: Vosko,Wilk,Nusair      
  1.63952924  6.17500000  1.64793099
   0.00000
   1.91467   1.0889703173   0.9652356155
353
 0.25000000D-01 0.28864751D-03
 0 1
  7.168288623093D-01  7.167828208450D-01  7.167351580922D-01  7.167207042577D-01
  7.167126961603D-01  7.167079081786D-01  7.167041524918D-01  7.167017863839D-01
  7.166996388342D-01  7.166984600338D-01  7.166972617410D-01  7.166968908369D-01
  7.166964154314D-01  7.166967180284D-01  7.166968910558D-01  7.166978346744D-01
  7.166986550768D-01  7.167002639336D-01  7.167017776057D-01  7.167041173057D-01
  7.167064087599D-01  7.167095827436D-01  7.167127750560D-01  7.167169273017D-01
  7.167211871211D-01  7.167265092365D-01  7.167320559486D-01  7.167387984891D-01
  7.167459178291D-01  7.167544063994D-01  7.167634693032D-01  7.167741265515D-01
  7.167856148064D-01  7.167989902453D-01  7.168135310668D-01  7.168303411886D-01
  7.168487533177D-01  7.168699090968D-01  7.168911877951D-01  7.168995498409D-01
  7.168894534335D-01  7.168803272086D-01  7.168712337007D-01  7.168630390705D-01
  7.168548124154D-01  7.168474257257D-01  7.168399532637D-01  7.168332716460D-01
  7.168264592742D-01  7.168203964688D-01  7.168141649579D-01  7.168086480693D-01
  7.168029302436D-01  7.167978972598D-01  7.167926357784D-01  7.167880335957D-01
  7.167831792096D-01  7.167789620875D-01  7.167744722577D-01  7.167706005839D-01
  7.167664383716D-01  7.167628776596D-01  7.167590108292D-01  7.167557309093D-01
  7.167521311976D-01  7.167491055634D-01  7.167457480803D-01  7.167429533384D-01
  7.167398160719D-01  7.167372314910D-01  7.167342949049D-01  7.167319020479D-01
  7.167291487261D-01  7.167269311329D-01  7.167243455008D-01  7.167222884242D-01
  7.167198565036D-01  7.167179466819D-01  7.167156558866D-01  7.167138813614D-01
  7.167117203158D-01  7.167100702618D-01  7.167080286579D-01  7.167064932474D-01
  7.167045617084D-01  7.167031319897D-01  7.167013019615D-01  7.166999697529D-01
  7.166982334053D-01  7.166969912065D-01  7.166953413482D-01  7.166941822576D-01
  7.166926122604D-01  7.166915299082D-01  7.166900336416D-01  7.166890221235D-01
  7.166875938964D-01  7.166866477208D-01  7.166852822293D-01  7.166843962671D-01
  7.166830885457D-01  7.166822579848D-01  7.166810033647D-01  7.166802236701D-01
  7.166790177413D-01  7.166782846175D-01  7.166771231908D-01  7.166764325477D-01
  7.166753116230D-01  7.166746595425D-01  7.166735752779D-01  7.166729579858D-01
  7.166719066669D-01  7.166713205026D-01  7.166702985151D-01  7.166697399045D-01
  7.166687437075D-01  7.166682091356D-01  7.166672352339D-01  7.166667212189D-01
  7.166657661375D-01  7.166652692048D-01  7.166643294620D-01  7.166638461165D-01
  7.166629181977D-01  7.166624448978D-01  7.166615252281D-01  7.166610583584D-01
  7.166601432739D-01  7.166596791153D-01  7.166587648348D-01  7.166582995360D-01
  7.166573821298D-01  7.166569116742D-01  7.166559870312D-01  7.166555072050D-01
  7.166545709987D-01  7.166540773534D-01  7.166531250043D-01  7.166526128199D-01
  7.166516394565D-01  7.166511036986D-01  7.166501041133D-01  7.166495393895D-01
  7.166485079927D-01  7.166479085033D-01  7.166468392721D-01  7.166461987574D-01
  7.166450851805D-01  7.166443968625D-01  7.166432318797D-01  7.166424883996D-01
  7.166412643354D-01  7.166404576832D-01  7.166391661748D-01  7.166382876142D-01
  7.166369195308D-01  7.166359595151D-01  7.166345048709D-01  7.166334529512D-01
  7.166319008091D-01  7.166307455332D-01  7.166290838982D-01  7.166278126993D-01
  7.166260284020D-01  7.166246274759D-01  7.166227060435D-01  7.166211602131D-01
  7.166190857274D-01  7.166173782941D-01  7.166151332343D-01  7.166132458126D-01
  7.166108108832D-01  7.166087232194D-01  7.166060771585D-01  7.166037669302D-01
  7.166008862995D-01  7.165983288938D-01  7.165951878451D-01  7.165923561146D-01
  7.165889261333D-01  7.165857901256D-01  7.165820397471D-01  7.165785664065D-01
  7.165744609019D-01  7.165706137402D-01  7.165661147707D-01  7.165618535027D-01
  7.165569187365D-01  7.165521988781D-01  7.165467815676D-01  7.165415539911D-01
  7.165356025058D-01  7.165298129489D-01  7.165232702591D-01  7.165168587821D-01
  7.165096618882D-01  7.165025622742D-01  7.164946415764D-01  7.164867806685D-01
  7.164780592699D-01  7.164693562386D-01  7.164597491747D-01  7.164501147081D-01
  7.164395280961D-01  7.164288635052D-01  7.164171936028D-01  7.164053898323D-01
  7.163925219977D-01  7.163794585323D-01  7.163652660749D-01  7.163508097312D-01
  7.163351526407D-01  7.163191562306D-01  7.163018797725D-01  7.162841806267D-01
  7.162651137891D-01  7.162455321245D-01  7.162244859017D-01  7.162028230157D-01
  7.161795885101D-01  7.161556247857D-01  7.161299711093D-01  7.161034638081D-01
  7.160751357625D-01  7.160458165852D-01  7.160145320962D-01  7.159821044848D-01
  7.159475517652D-01  7.159116879198D-01  7.158735223329D-01  7.158338599128D-01
  7.157917005022D-01  7.157478389770D-01  7.157012646300D-01  7.156527612442D-01
  7.156013064470D-01  7.155476717555D-01  7.154908218983D-01  7.154315148287D-01
  7.153687010111D-01  7.153031233995D-01  7.152337166838D-01  7.151612072295D-01
  7.150845122805D-01  7.150043398558D-01  7.149195879029D-01  7.148309441480D-01
  7.147372851946D-01  7.146392763210D-01  7.145357705194D-01  7.144274082345D-01
  7.143130163362D-01  7.141932077933D-01  7.140667805725D-01  7.139343172395D-01
  7.137945837765D-01  7.136481291032D-01  7.134936838030D-01  7.133317595547D-01
  7.131610477581D-01  7.129820188661D-01  7.127933208978D-01  7.125953786604D-01
  7.123867921368D-01  7.121679355846D-01  7.119373557843D-01  7.116953710009D-01
  7.114404690766D-01  7.111729062394D-01  7.108911050220D-01  7.105952528995D-01
  7.102837000141D-01  7.099565576217D-01  7.096120955990D-01  7.092503406764D-01
  7.088694737018D-01  7.084694276325D-01  7.080482845266D-01  7.076058732650D-01
  7.071401662358D-01  7.066508767518D-01  7.061358553905D-01  7.055946870680D-01
  7.050250869898D-01  7.044264973364D-01  7.037964827742D-01  7.031343267011D-01
  7.024374262583D-01  7.017048880762D-01  7.009339227189D-01  7.001234398602D-01
  6.992704420813D-01  6.983736193949D-01  6.974297423031D-01  6.964372555732D-01
  6.953926704464D-01  6.942941575500D-01  6.931379381286D-01  6.919218759568D-01
  6.906418674376D-01  6.892954323534D-01  6.878781026476D-01  6.863870118182D-01
  6.848172821601D-01  6.831656125644D-01  6.814266639532D-01  6.795966451965D-01
  6.776696964115D-01  6.756414726454D-01  6.735055246384D-01  6.712568798383D-01
  6.688884201347D-01  6.663944596690D-01  6.637671189299D-01  6.609998986924D-01
  6.580840497162D-01  6.550121419824D-01  6.517744290484D-01  6.483624115385D-01
  6.447651949693D-01  6.409730461815D-01  6.369737431415D-01  6.327561226572D-01
  6.283064202671D-01  6.236118071399D-01  6.186567176578D-01  6.134263728287D-01
  6.079030925195D-01  6.020698019751D-01  5.959063248197D-01  5.893928683264D-01
  5.825062922198D-01  5.752235671130D-01  5.675180127427D-01  5.593627223993D-01
  5.507267624086D-01  5.415785533223D-01  5.318820201137D-01  5.215999182320D-01
  5.106899209526D-01  4.991078749837D-01  4.868038075198D-01  4.737250917829D-01
  4.598123514401D-01  4.450025102713D-01  4.292245690910D-01  4.124025021128D-01
  3.944508670486D-01  3.752776963275D-01  3.547792671640D-01  3.328436109522D-01
  3.093444840310D-01
