In49 POTENTIAL                      exc: Vosko,Wilk,Nusair      
  2.20033126  6.33750000  2.17664358
  49.00000
   2.40560   0.9811906874   0.9240466623
353
 0.25000000D-01 0.36265835D-03
 9 1
    0  -1.96656160000D+03
    0  -2.87428550000D+02
    0  -5.37136240000D+01
    0  -7.39818510000D+00
    1  -2.68528840000D+02
    1  -4.59639090000D+01
    1  -4.86454470000D+00
    2  -3.15522220000D+01
    2  -7.38539920000D-01
  4.726906034470D+02  4.727162941067D+02  4.727425734089D+02  4.727694480390D+02
  4.727969264999D+02  4.728250225406D+02  4.728537456196D+02  4.728831096214D+02
  4.729131242582D+02  4.729438035828D+02  4.729751574974D+02  4.730072001932D+02
  4.730399417170D+02  4.730733963646D+02  4.731075742823D+02  4.731424898293D+02
  4.731781532024D+02  4.732145787754D+02  4.732517767405D+02  4.732897614295D+02
  4.733285429675D+02  4.733681355790D+02  4.734085492511D+02  4.734497980270D+02
  4.734918916754D+02  4.735348439734D+02  4.735786643810D+02  4.736233663137D+02
  4.736689588206D+02  4.737154548482D+02  4.737628629202D+02  4.738111953929D+02
  4.738604601363D+02  4.739106687817D+02  4.739618284021D+02  4.740139497526D+02
  4.740670389498D+02  4.741211057043D+02  4.741761549992D+02  4.742321953143D+02
  4.742892303108D+02  4.743472670223D+02  4.744063075538D+02  4.744663572820D+02
  4.745274165247D+02  4.745894887410D+02  4.746525721973D+02  4.747166681587D+02
  4.747817725501D+02  4.748478841392D+02  4.749149961913D+02  4.749831046442D+02
  4.750521997567D+02  4.751222742737D+02  4.751933150680D+02  4.752653112962D+02
  4.753382460331D+02  4.754121044170D+02  4.754868652766D+02  4.755625092663D+02
  4.756390104839D+02  4.757163445955D+02  4.757944804447D+02  4.758733881658D+02
  4.759530307839D+02  4.760333723172D+02  4.761143693668D+02  4.761959792076D+02
  4.762781513682D+02  4.763608357103D+02  4.764439739981D+02  4.765275079660D+02
  4.766113708779D+02  4.766954955831D+02  4.767798060653D+02  4.768642254874D+02
  4.769486677301D+02  4.770330454260D+02  4.771172614884D+02  4.772012171350D+02
  4.772848034081D+02  4.773679091882D+02  4.774504127063D+02  4.775321895495D+02
  4.776131041661D+02  4.776930178642D+02  4.777717803117D+02  4.778492375299D+02
  4.779252233896D+02  4.779995676023D+02  4.780720872155D+02  4.781425946028D+02
  4.782108889623D+02  4.782767643088D+02  4.783400009776D+02  4.784003736239D+02
  4.784576427352D+02  4.785115626421D+02  4.785618730447D+02  4.786083070389D+02
  4.786505826620D+02  4.786884109408D+02  4.787214874619D+02  4.787495004477D+02
  4.787721223584D+02  4.787890180025D+02  4.787998361778D+02  4.788042178241D+02
  4.788017877115D+02  4.787921626431D+02  4.787749431990D+02  4.787497219985D+02
  4.787160755082D+02  4.786735723733D+02  4.786217652998D+02  4.785601994638D+02
  4.784884044775D+02  4.784059028874D+02  4.783122022327D+02  4.782068036425D+02
  4.780891939969D+02  4.779588546314D+02  4.778152536106D+02  4.776578545481D+02
  4.774861090005D+02  4.772994654110D+02  4.770973616300D+02  4.768792339872D+02
  4.766445099446D+02  4.763926173005D+02  4.761229769756D+02  4.758350123506D+02
  4.755281421832D+02  4.752017900758D+02  4.748553775189D+02  4.744883334795D+02
  4.741000875610D+02  4.736900796995D+02  4.732577534227D+02  4.728025656346D+02
  4.723239799504D+02  4.718214765433D+02  4.712945455236D+02  4.707426968128D+02
  4.701654535290D+02  4.695623618436D+02  4.689329843255D+02  4.682769097283D+02
  4.675937462358D+02  4.668831311187D+02  4.661447238155D+02  4.653782153879D+02
  4.645833213633D+02  4.637597909118D+02  4.629073993693D+02  4.620259570525D+02
  4.611153013773D+02  4.601753052275D+02  4.592058685831D+02  4.582069263580D+02
  4.571784394597D+02  4.561204020220D+02  4.550328318290D+02  4.539157768845D+02
  4.527693051635D+02  4.515935104909D+02  4.503885016046D+02  4.491544073735D+02
  4.478913652245D+02  4.465995257776D+02  4.452790407639D+02  4.439300672489D+02
  4.425527552647D+02  4.411472519025D+02  4.397136890010D+02  4.382521875164D+02
  4.367628457418D+02  4.352457444952D+02  4.337009364705D+02  4.321284528920D+02
  4.305282946782D+02  4.289004412507D+02  4.272448441695D+02  4.255614386839D+02
  4.238501403017D+02  4.221108593577D+02  4.203435005423D+02  4.185479801952D+02
  4.167242281263D+02  4.148722065530D+02  4.129919127015D+02  4.110833974690D+02
  4.091467665473D+02  4.071821963273D+02  4.051899309995D+02  4.031702932930D+02
  4.011236755016D+02  3.990505435713D+02  3.969514213151D+02  3.948268879854D+02
  3.926775567259D+02  3.905040675476D+02  3.883070626738D+02  3.860871781097D+02
  3.838450193559D+02  3.815811550649D+02  3.792960963847D+02  3.769902955198D+02
  3.746641309235D+02  3.723179122921D+02  3.699518724180D+02  3.675661787392D+02
  3.651609313515D+02  3.627361800847D+02  3.602919272258D+02  3.578281483630D+02
  3.553447978560D+02  3.528418313690D+02  3.503192119732D+02  3.477769322828D+02
  3.452150191835D+02  3.426335536894D+02  3.400326725592D+02  3.374125843263D+02
  3.347735664739D+02  3.321159765177D+02  3.294402438807D+02  3.267468754614D+02
  3.240364419454D+02  3.213095779398D+02  3.185669631824D+02  3.158093181255D+02
  3.130373813520D+02  3.102519024284D+02  3.074536178792D+02  3.046432441061D+02
  3.018214552195D+02  2.989888797434D+02  2.961460842501D+02  2.932935778170D+02
  2.904318051039D+02  2.875611614389D+02  2.846819969271D+02  2.817946419152D+02
  2.788994195684D+02  2.759966765610D+02  2.730867964563D+02  2.701702259986D+02
  2.672474787836D+02  2.643191472443D+02  2.613858889875D+02  2.584484206445D+02
  2.555074877935D+02  2.525638464648D+02  2.496182265213D+02  2.466713132389D+02
  2.437237171935D+02  2.407759677148D+02  2.378284983573D+02  2.348816577398D+02
  2.319357123580D+02  2.289908731655D+02  2.260473113824D+02  2.231051946230D+02
  2.201647084714D+02  2.172260946380D+02  2.142896710478D+02  2.113558653581D+02
  2.084252277724D+02  2.054984551364D+02  2.025763927090D+02  1.996600461040D+02
  1.967505702258D+02  1.938492682370D+02  1.909575677234D+02  1.880770074728D+02
  1.852092024707D+02  1.823558207833D+02  1.795185403409D+02  1.766990195981D+02
  1.738988504750D+02  1.711195279660D+02  1.683624053307D+02  1.656286698236D+02
  1.629193085406D+02  1.602350999798D+02  1.575766013860D+02  1.549441674695D+02
  1.523379696481D+02  1.497580489853D+02  1.472043676622D+02  1.446768859664D+02
  1.421756225673D+02  1.397007191449D+02  1.372524651692D+02  1.348313080605D+02
  1.324378149762D+02  1.300726254422D+02  1.277363738983D+02  1.254296286090D+02
  1.231528257912D+02  1.209062389861D+02  1.186899531751D+02  1.165038747333D+02
  1.143477403446D+02  1.122211527084D+02  1.101236055236D+02  1.080545266030D+02
  1.060133034139D+02  1.039993218193D+02  1.020119841133D+02  1.000507384616D+02
  9.811508694377D+01  9.620460504570D+01  9.431894024085D+01  9.245782290520D+01
  9.062105734679D+01  8.880852629481D+01  8.702017665417D+01  8.525601984620D+01
  8.351611448471D+01  8.180056462556D+01  8.010950124325D+01  7.844308006308D+01
  7.680146329308D+01  7.518481826824D+01  7.359330044539D+01  7.202705365380D+01
  7.048619494978D+01  6.897081689157D+01  6.748097451726D+01  6.601668977777D+01
  6.457794067061D+01  6.316466778765D+01  6.177676551114D+01  6.041409055103D+01
  5.907645505705D+01  5.776363697486D+01  5.647537485955D+01  5.521137975062D+01
  5.397133124467D+01  5.275489023914D+01  5.156169535453D+01  5.039137536596D+01
  4.924354458204D+01  4.811781350068D+01  4.701378182642D+01  4.593104640312D+01
  4.486919149101D+01  4.382779439541D+01  4.280641330492D+01  4.180459248670D+01
  4.082184902244D+01
N_07 POTENTIAL                      exc: Vosko,Wilk,Nusair      
  1.68057905  6.33750000  1.68945972
   7.00000
   1.96292   0.9811906874   0.9240466623
353
 0.25000000D-01 0.29592158D-03
 2 1
    0  -2.69998930000D+01
    0  -4.29582100000D-01
  2.622127580604D+01  2.622164796530D+01  2.622202912330D+01  2.622244508907D+01
  2.622287636048D+01  2.622332084000D+01  2.622377721299D+01  2.622424599223D+01
  2.622472661730D+01  2.622521990030D+01  2.622572542664D+01  2.622624409142D+01
  2.622677553380D+01  2.622732068759D+01  2.622787922247D+01  2.622845209792D+01
  2.622903900655D+01  2.622964092904D+01  2.623025757814D+01  2.623088995412D+01
  2.623153778901D+01  2.623220210219D+01  2.623288264488D+01  2.623358045572D+01
  2.623429530539D+01  2.623502825222D+01  2.623577908683D+01  2.623654888783D+01
  2.623733746645D+01  2.623814592224D+01  2.623897408774D+01  2.623982308423D+01
  2.624069276633D+01  2.624158427784D+01  2.624249749633D+01  2.624343358894D+01
  2.624439245703D+01  2.624537529198D+01  2.624638202003D+01  2.624741386205D+01
  2.624847115098D+01  2.624955473672D+01  2.625066459771D+01  2.625180200378D+01
  2.625296696078D+01  2.625416076641D+01  2.625538345494D+01  2.625663635293D+01
  2.625791952399D+01  2.625923432452D+01  2.626058084849D+01  2.626196048310D+01
  2.626337335362D+01  2.626482087903D+01  2.626630321686D+01  2.626782181886D+01
  2.626937687573D+01  2.627096987289D+01  2.627260103519D+01  2.627427188263D+01
  2.627598267506D+01  2.627773496794D+01  2.627952905699D+01  2.628136653393D+01
  2.628324773117D+01  2.628517427746D+01  2.628714654260D+01  2.628916619309D+01
  2.629123363678D+01  2.629335057853D+01  2.629551746480D+01  2.629773603933D+01
  2.630000678765D+01  2.630233149276D+01  2.630471067961D+01  2.630714617070D+01
  2.630963853059D+01  2.631218962137D+01  2.631480004721D+01  2.631747170974D+01
  2.632020525253D+01  2.632300261644D+01  2.632586448403D+01  2.632879283486D+01
  2.633178838980D+01  2.633485316630D+01  2.633798792259D+01  2.634119471284D+01
  2.634447433136D+01  2.634782886758D+01  2.635125915019D+01  2.635476730204D+01
  2.635835418407D+01  2.636202195021D+01  2.636577149113D+01  2.636960498901D+01
  2.637352336113D+01  2.637752881453D+01  2.638162228944D+01  2.638580601373D+01
  2.639008094624D+01  2.639444933097D+01  2.639891214027D+01  2.640347162882D+01
  2.640812877659D+01  2.641288584259D+01  2.641774380761D+01  2.642270492773D+01
  2.642777017677D+01  2.643294179955D+01  2.643822075406D+01  2.644360926436D+01
  2.644910826250D+01  2.645471994109D+01  2.646044519480D+01  2.646628617264D+01
  2.647224371905D+01  2.647831992578D+01  2.648451557258D+01  2.649083267862D+01
  2.649727194276D+01  2.650383529448D+01  2.651052333362D+01  2.651733788085D+01
  2.652427941686D+01  2.653134963228D+01  2.653854886623D+01  2.654587865569D+01
  2.655333917344D+01  2.656093177672D+01  2.656865644450D+01  2.657651432548D+01
  2.658450517461D+01  2.659262990030D+01  2.660088800019D+01  2.660928010757D+01
  2.661780542626D+01  2.662646427618D+01  2.663525552739D+01  2.664417914467D+01
  2.665323362064D+01  2.666241851936D+01  2.667173190846D+01  2.668117290168D+01
  2.669073908997D+01  2.670042908293D+01  2.671023993879D+01  2.672016970473D+01
  2.673021484569D+01  2.674037278352D+01  2.675063932459D+01  2.676101119767D+01
  2.677148348034D+01  2.678205213562D+01  2.679271143709D+01  2.680345650423D+01
  2.681428072625D+01  2.682517829615D+01  2.683614163326D+01  2.684716391597D+01
  2.685823650301D+01  2.686935146492D+01  2.688049900403D+01  2.689166998471D+01
  2.690285335214D+01  2.691403866144D+01  2.692521349524D+01  2.693636599174D+01
  2.694748226128D+01  2.695854891345D+01  2.696955047277D+01  2.698047190502D+01
  2.699129603221D+01  2.700200605832D+01  2.701258298383D+01  2.702300813111D+01
  2.703326055879D+01  2.704331958712D+01  2.705316221246D+01  2.706276563303D+01
  2.707210466396D+01  2.708115426377D+01  2.708988695052D+01  2.709827532952D+01
  2.710628951104D+01  2.711389963996D+01  2.712107331560D+01  2.712777812393D+01
  2.713397906030D+01  2.713964106494D+01  2.714472644934D+01  2.714919743588D+01
  2.715301358882D+01  2.715613435890D+01  2.715851651990D+01  2.716011671929D+01
  2.716088892135D+01  2.716078696495D+01  2.715976201442D+01  2.715776512560D+01
  2.715474470559D+01  2.715064908840D+01  2.714542400482D+01  2.713901516880D+01
  2.713136575889D+01  2.712241901667D+01  2.711211574085D+01  2.710039689923D+01
  2.708720113675D+01  2.707246740208D+01  2.705613247097D+01  2.703813358864D+01
  2.701840600949D+01  2.699688565642D+01  2.697350667781D+01  2.694820412461D+01
  2.692091152545D+01  2.689156358200D+01  2.686009376275D+01  2.682643701695D+01
  2.679052738707D+01  2.675230074135D+01  2.671169240451D+01  2.666863990834D+01
  2.662308063991D+01  2.657495460890D+01  2.652420211192D+01  2.647076651481D+01
  2.641459193081D+01  2.635562601540D+01  2.629381765526D+01  2.622911977235D+01
  2.616148701993D+01  2.609087859151D+01  2.601725591931D+01  2.594058548287D+01
  2.586083650433D+01  2.577798375057D+01  2.569200521865D+01  2.560288492446D+01
  2.551061057074D+01  2.541517631421D+01  2.531658040779D+01  2.521482793737D+01
  2.510992842894D+01  2.500189854552D+01  2.489075964935D+01  2.477654044884D+01
  2.465927450559D+01  2.453900282092D+01  2.441577127708D+01  2.428963315354D+01
  2.416064649179D+01  2.402887653027D+01  2.389439298401D+01  2.375727238896D+01
  2.361759528687D+01  2.347544847090D+01  2.333092206830D+01  2.318411168061D+01
  2.303511535858D+01  2.288403563264D+01  2.273097637699D+01  2.257604472919D+01
  2.241934784403D+01  2.226099470491D+01  2.210109277291D+01  2.193974969842D+01
  2.177706987742D+01  2.161315607953D+01  2.144810593296D+01  2.128201349666D+01
  2.111496570898D+01  2.094704394815D+01  2.077832049987D+01  2.060886017436D+01
  2.043871687670D+01  2.026793538268D+01  2.009654813485D+01  1.992457732333D+01
  1.975203207851D+01  1.957891105248D+01  1.940520022644D+01  1.923087622691D+01
  1.905590498690D+01  1.888024602317D+01  1.870385213913D+01  1.852667477941D+01
  1.834866477867D+01  1.816977864225D+01  1.798997999309D+01  1.780924620447D+01
  1.762756973874D+01  1.744496411980D+01  1.726146401291D+01  1.707712935740D+01
  1.689204311920D+01  1.670631277863D+01  1.652006534751D+01  1.633344628733D+01
  1.614661236693D+01  1.595972902648D+01  1.577296240276D+01  1.558647660813D+01
  1.540042635720D+01  1.521495540655D+01  1.503019073481D+01  1.484624275265D+01
  1.466320130660D+01  1.448113763415D+01  1.430010193814D+01  1.412012667983D+01
  1.394122523316D+01  1.376339599981D+01  1.358662164460D+01  1.341087357936D+01
  1.323611138721D+01  1.306228734900D+01  1.288934579509D+01  1.271722747250D+01
  1.254586867381D+01  1.237520533803D+01  1.220517188513D+01  1.203570500693D+01
  1.186674218539D+01  1.169822516816D+01  1.153009817750D+01  1.136231108607D+01
  1.119481733832D+01  1.102757685255D+01  1.086055368317D+01  1.069371867845D+01
  1.052704691344D+01  1.036052013242D+01  1.019412397988D+01  1.002785025301D+01
  9.861693953399D+00  9.695655368745D+00  9.529736960663D+00  9.363945286631D+00
  9.198287730054D+00  9.032774263396D+00  8.867414016253D+00  8.702216870051D+00
  8.537189849803D+00  8.372338531961D+00  8.207663240231D+00  8.043160244777D+00
  7.878817744033D+00  7.714616910577D+00  7.550527442590D+00  7.386508720527D+00
  7.222504974040D+00
Vac0 POTENTIAL                      exc: Vosko,Wilk,Nusair      
  2.20033126  6.33750000  2.17664358
   0.00000
   2.40560   0.9811906874   0.9240466623
353
 0.25000000D-01 0.36265835D-03
 0 1
  8.824991002354D-01  8.824699383874D-01  8.824392765968D-01  8.824303629617D-01
  8.824253689238D-01  8.824231306648D-01  8.824213147199D-01  8.824210854930D-01
  8.824207790503D-01  8.824218222275D-01  8.824226764511D-01  8.824248378875D-01
  8.824268116005D-01  8.824301246914D-01  8.824333066826D-01  8.824379060868D-01
  8.824424727217D-01  8.824485755608D-01  8.824547859934D-01  8.824626964529D-01
  8.824709043534D-01  8.824810313399D-01  8.824917080179D-01  8.825045939670D-01
  8.825183632968D-01  8.825347257043D-01  8.825524132111D-01  8.825732024929D-01
  8.825959032335D-01  8.826223823255D-01  8.826515543032D-01  8.826854081511D-01
  8.827230007150D-01  8.827664870077D-01  8.828151178108D-01  8.828712747994D-01
  8.829344715382D-01  8.830072799882D-01  8.830818273014D-01  8.831149932904D-01
  8.830854280450D-01  8.830581563702D-01  8.830315628899D-01  8.830070512913D-01
  8.829830257054D-01  8.829609071478D-01  8.829391151532D-01  8.829190844767D-01
  8.828992469525D-01  8.828810483503D-01  8.828629304063D-01  8.828463478180D-01
  8.828297503690D-01  8.828146000393D-01  8.827993532155D-01  8.827854778650D-01
  8.827714358296D-01  8.827587000425D-01  8.827457368819D-01  8.827340234264D-01
  8.827220298496D-01  8.827112367137D-01  8.827001173881D-01  8.826901553801D-01
  8.826798267633D-01  8.826706175481D-01  8.826610061164D-01  8.826524806060D-01
  8.826435213795D-01  8.826356184037D-01  8.826272537346D-01  8.826199189205D-01
  8.826120974854D-01  8.826052823379D-01  8.825979582748D-01  8.825916193912D-01
  8.825847515895D-01  8.825788499983D-01  8.825724014852D-01  8.825669020852D-01
  8.825608395120D-01  8.825557105919D-01  8.825500037845D-01  8.825452166161D-01
  8.825398381981D-01  8.825353666742D-01  8.825302917351D-01  8.825261120698D-01
  8.825213178833D-01  8.825174083445D-01  8.825128741138D-01  8.825092147895D-01
  8.825049214370D-01  8.825014940336D-01  8.824974240045D-01  8.824942116668D-01
  8.824903487652D-01  8.824873359187D-01  8.824836651569D-01  8.824808373671D-01
  8.824773448325D-01  8.824746886799D-01  8.824713614176D-01  8.824688643854D-01
  8.824656902913D-01  8.824633406632D-01  8.824603083867D-01  8.824580951560D-01
  8.824551940124D-01  8.824531067968D-01  8.824503266882D-01  8.824483556541D-01
  8.824456869924D-01  8.824438227813D-01  8.824412564212D-01  8.824394900845D-01
  8.824370172568D-01  8.824353401908D-01  8.824329524430D-01  8.824313563298D-01
  8.824290454649D-01  8.824275222144D-01  8.824252802351D-01  8.824238219284D-01
  8.824216409806D-01  8.824202398155D-01  8.824181121342D-01  8.824167603690D-01
  8.824146782227D-01  8.824133681221D-01  8.824113237580D-01  8.824100475374D-01
  8.824080331241D-01  8.824067828918D-01  8.824047904624D-01  8.824035581610D-01
  8.824015795526D-01  8.824003568970D-01  8.823983836870D-01  8.823971621009D-01
  8.823951855413D-01  8.823939560878D-01  8.823919670350D-01  8.823907203444D-01
  8.823887091832D-01  8.823874353754D-01  8.823853919395D-01  8.823840805399D-01
  8.823819940242D-01  8.823806338738D-01  8.823784927408D-01  8.823770718982D-01
  8.823748637761D-01  8.823733694113D-01  8.823710809829D-01  8.823694992614D-01
  8.823671161433D-01  8.823654320996D-01  8.823629387095D-01  8.823611361084D-01
  8.823585155204D-01  8.823565767054D-01  8.823538104912D-01  8.823517162184D-01
  8.823487842723D-01  8.823465135267D-01  8.823433938742D-01  8.823409236690D-01
  8.823375922555D-01  8.823348974105D-01  8.823313278692D-01  8.823283807668D-01
  8.823245441624D-01  8.823213144790D-01  8.823171790259D-01  8.823136334360D-01
  8.823091641866D-01  8.823052660353D-01  8.823004245377D-01  8.822961334808D-01
  8.822908773991D-01  8.822861490052D-01  8.822804317025D-01  8.822752170136D-01
  8.822689870899D-01  8.822632321369D-01  8.822564329201D-01  8.822500781872D-01
  8.822426471703D-01  8.822356270040D-01  8.822274952236D-01  8.822197371794D-01
  8.822108285298D-01  8.822022526511D-01  8.821924831256D-01  8.821830011464D-01
  8.821722779998D-01  8.821617924646D-01  8.821500132879D-01  8.821384165786D-01
  8.821254682759D-01  8.821126415368D-01  8.820983991960D-01  8.820842111461D-01
  8.820685367895D-01  8.820528424098D-01  8.820355836145D-01  8.820182226973D-01
  8.819992110702D-01  8.819800066160D-01  8.819590561085D-01  8.819378125541D-01
  8.819147175992D-01  8.818912188594D-01  8.818657523131D-01  8.818397596166D-01
  8.818116704823D-01  8.817829199791D-01  8.817519308928D-01  8.817201310102D-01
  8.816859354602D-01  8.816507639798D-01  8.816130232339D-01  8.815741240610D-01
  8.815324637696D-01  8.814894433616D-01  8.814434498026D-01  8.813958732210D-01
  8.813450891489D-01  8.812924756946D-01  8.812363957511D-01  8.811782141392D-01
  8.811162797799D-01  8.810519428048D-01  8.809835366896D-01  8.809123953271D-01
  8.808368351179D-01  8.807581720030D-01  8.806747035062D-01  8.805877257219D-01
  8.804955153047D-01  8.803993464074D-01  8.802974726119D-01  8.801911438122D-01
  8.800785880807D-01  8.799610284898D-01  8.798366649067D-01  8.797066907477D-01
  8.795692746931D-01  8.794255773672D-01  8.792737329646D-01  8.791148658481D-01
  8.789470720771D-01  8.787714359137D-01  8.785860112433D-01  8.783918379789D-01
  8.781869233616D-01  8.779722582531D-01  8.777457983021D-01  8.775084801126D-01
  8.772582022627D-01  8.769958413340D-01  8.767192327667D-01  8.764291867351D-01
  8.761234688209D-01  8.758028157168D-01  8.754649156985D-01  8.751104241378D-01
  8.747369437489D-01  8.743450398902D-01  8.739322205601D-01  8.734989514617D-01
  8.730426357205D-01  8.725636286845D-01  8.720592173302D-01  8.715296347682D-01
  8.709720393000D-01  8.703865285938D-01  8.697701183505D-01  8.691227561082D-01
  8.684412994707D-01  8.677255294936D-01  8.669721284195D-01  8.661806925930D-01
  8.653477096380D-01  8.644725708387D-01  8.635515476858D-01  8.625838036490D-01
  8.615653700048D-01  8.604951569141D-01  8.593689284283D-01  8.581853127678D-01
  8.569397763847D-01  8.556306333158D-01  8.542530181548D-01  8.528048943291D-01
  8.512810258013D-01  8.496789840843D-01  8.479931184542D-01  8.462205614738D-01
  8.443551974481D-01  8.423936661708D-01  8.403293292896D-01  8.381582719185D-01
  8.358732664962D-01  8.334697718181D-01  8.309398938639D-01  8.282783816837D-01
  8.254765845387D-01  8.225284439256D-01  8.194244461984D-01  8.161576098240D-01
  8.127174324343D-01  8.090958721589D-01  8.052812877748D-01  8.012644126500D-01
  7.970322863005D-01  7.925742190800D-01  7.878757129983D-01  7.829244147845D-01
  7.777040232446D-01  7.722002276789D-01  7.663945983202D-01  7.602705062654D-01
  7.538069925988D-01  7.469846649494D-01  7.397795397120D-01  7.321689090028D-01
  7.241251488717D-01  7.156215487225D-01  7.066260764712D-01  6.971071603261D-01
  6.870273993872D-01  6.763492849273D-01  6.650288418248D-01  6.530212730335D-01
  6.402745133752D-01  6.267347766229D-01  6.123399984713D-01  5.970252605414D-01
  5.807160938233D-01  5.633337480772D-01  5.447883209410D-01  5.249838352208D-01
  5.038111530400D-01  4.811528173282D-01  4.568757118871D-01  4.308356142935D-01
  4.028695558798D-01  3.728002694096D-01  3.404275155559D-01  3.055330873660D-01
  2.678713529572D-01
Vac0 POTENTIAL                      exc: Vosko,Wilk,Nusair      
  1.68057905  6.33750000  1.68945972
   0.00000
   1.96292   0.9811906874   0.9240466623
353
 0.25000000D-01 0.29592158D-03
 0 1
  6.706252498321D-01  6.705820709972D-01  6.705373628529D-01  6.705238114988D-01
  6.705162966290D-01  6.705118104298D-01  6.705082835134D-01  6.705060682950D-01
  6.705040490748D-01  6.705029466716D-01  6.705018167433D-01  6.705014706939D-01
  6.705010169882D-01  6.705013003864D-01  6.705014519069D-01  6.705023328094D-01
  6.705030868900D-01  6.705045859418D-01  6.705059831130D-01  6.705081588692D-01
  6.705102748313D-01  6.705132200742D-01  6.705161652306D-01  6.705200090328D-01
  6.705239326357D-01  6.705288464001D-01  6.705339444342D-01  6.705401516385D-01
  6.705466785325D-01  6.705544686266D-01  6.705627535888D-01  6.705725010329D-01
  6.705829701728D-01  6.705951601493D-01  6.706083663140D-01  6.706236292905D-01
  6.706402917250D-01  6.706594268064D-01  6.706786289510D-01  6.706859377142D-01
  6.706763911319D-01  6.706677670011D-01  6.706591684272D-01  6.706514249086D-01
  6.706436457529D-01  6.706366659563D-01  6.706295997218D-01  6.706232864142D-01
  6.706168441426D-01  6.706111157823D-01  6.706052225918D-01  6.706000102777D-01
  6.705946026635D-01  6.705898477741D-01  6.705848715322D-01  6.705805238739D-01
  6.705759324548D-01  6.705719487896D-01  6.705677019814D-01  6.705640448651D-01
  6.705601077510D-01  6.705567445840D-01  6.705530866931D-01  6.705499889597D-01
  6.705465835761D-01  6.705437262187D-01  6.705405498135D-01  6.705379107203D-01
  6.705349424905D-01  6.705325020649D-01  6.705297235407D-01  6.705274643575D-01
  6.705248590782D-01  6.705227655763D-01  6.705203188201D-01  6.705183770613D-01
  6.705160756159D-01  6.705142730658D-01  6.705121050344D-01  6.705104303884D-01
  6.705083850209D-01  6.705068280489D-01  6.705048956002D-01  6.705034470136D-01
  6.705016186232D-01  6.705002699606D-01  6.704985375435D-01  6.704972810741D-01
  6.704956372306D-01  6.704944658657D-01  6.704929037994D-01  6.704918110179D-01
  6.704903244662D-01  6.704893042474D-01  6.704878874180D-01  6.704869341853D-01
  6.704855817008D-01  6.704846902651D-01  6.704833971151D-01  6.704825626306D-01
  6.704813241246D-01  6.704805420467D-01  6.704793537756D-01  6.704786198214D-01
  6.704774776195D-01  6.704767877332D-01  6.704756876457D-01  6.704750379650D-01
  6.704739762160D-01  6.704733630436D-01  6.704723360068D-01  6.704717557802D-01
  6.704707599502D-01  6.704702092158D-01  6.704692411840D-01  6.704687165701D-01
  6.704677729959D-01  6.704672711888D-01  6.704663487771D-01  6.704658664936D-01
  6.704649619688D-01  6.704644959340D-01  6.704636060155D-01  6.704631529369D-01
  6.704622743132D-01  6.704618308548D-01  6.704609601595D-01  6.704605229168D-01
  6.704596567006D-01  6.704592221730D-01  6.704583568768D-01  6.704579214395D-01
  6.704570533655D-01  6.704566132399D-01  6.704557385210D-01  6.704552897434D-01
  6.704544043104D-01  6.704539426980D-01  6.704530422455D-01  6.704525633603D-01
  6.704516433083D-01  6.704511424184D-01  6.704501978728D-01  6.704496699104D-01
  6.704486956183D-01  6.704481351339D-01  6.704471254363D-01  6.704465265487D-01
  6.704454753289D-01  6.704448316712D-01  6.704437322973D-01  6.704430369574D-01
  6.704418822206D-01  6.704411276757D-01  6.704399097218D-01  6.704390877679D-01
  6.704377980228D-01  6.704368996952D-01  6.704355287824D-01  6.704345442700D-01
  6.704330819204D-01  6.704320004708D-01  6.704304354223D-01  6.704292452372D-01
  6.704275651261D-01  6.704262532457D-01  6.704244444850D-01  6.704229966617D-01
  6.704210443077D-01  6.704194448654D-01  6.704173324713D-01  6.704155641512D-01
  6.704132736038D-01  6.704113173939D-01  6.704088287350D-01  6.704066636816D-01
  6.704039549102D-01  6.704015579104D-01  6.703986047640D-01  6.703959503357D-01
  6.703927260496D-01  6.703897860784D-01  6.703862611188D-01  6.703830045779D-01
  6.703791463476D-01  6.703755389888D-01  6.703713115026D-01  6.703673155137D-01
  6.703626790389D-01  6.703582526672D-01  6.703531633266D-01  6.703482604611D-01
  6.703426697948D-01  6.703372395056D-01  6.703310939862D-01  6.703250800147D-01
  6.703183205120D-01  6.703116607085D-01  6.703042218974D-01  6.702968475983D-01
  6.702886573053D-01  6.702804926462D-01  6.702714711260D-01  6.702624322813D-01
  6.702524914182D-01  6.702424857613D-01  6.702315281860D-01  6.702204533611D-01
  6.702083714746D-01  6.701961143702D-01  6.701827892651D-01  6.701692248798D-01
  6.701545251475D-01  6.701395153362D-01  6.701232957486D-01  6.701066878360D-01
  6.700887878881D-01  6.700704131367D-01  6.700506554351D-01  6.700303273507D-01
  6.700085158326D-01  6.699860282917D-01  6.699619462552D-01  6.699370714337D-01
  6.699104793605D-01  6.698829654442D-01  6.698535985914D-01  6.698231672438D-01
  6.697907329820D-01  6.697570765448D-01  6.697212514132D-01  6.696840298099D-01
  6.696444562604D-01  6.696032935715D-01  6.695595763673D-01  6.695140570432D-01
  6.694657592752D-01  6.694154239465D-01  6.693620626268D-01  6.693064034693D-01
  6.692474446563D-01  6.691859002633D-01  6.691207536676D-01  6.690527033762D-01
  6.689807163925D-01  6.689054740044D-01  6.688259251054D-01  6.687427319378D-01
  6.686548233630D-01  6.685628405555D-01  6.684656902168D-01  6.683639902145D-01
  6.682566227337D-01  6.681441798553D-01  6.680255166381D-01  6.679011966293D-01
  6.677700448700D-01  6.676325933302D-01  6.674876338288D-01  6.673356633854D-01
  6.671754370448D-01  6.670074131365D-01  6.668303059927D-01  6.666445311050D-01
  6.664487577245D-01  6.662433539031D-01  6.660269389629D-01  6.657998284086D-01
  6.655605862513D-01  6.653094697767D-01  6.650449817066D-01  6.647673148063D-01
  6.644749038643D-01  6.641678701205D-01  6.638445730413D-01  6.635050545482D-01
  6.631475905641D-01  6.627721350162D-01  6.623768711272D-01  6.619616551646D-01
  6.615245674443D-01  6.610653557953D-01  6.605819862394D-01  6.600740861344D-01
  6.595394944890D-01  6.589777047427D-01  6.583864146678D-01  6.577649687383D-01
  6.571109075634D-01  6.564234097890D-01  6.556998410004D-01  6.549391950898D-01
  6.541386425539D-01  6.532969712515D-01  6.524111340092D-01  6.514796886788D-01
  6.504993449485D-01  6.494684035944D-01  6.483833023761D-01  6.472420543551D-01
  6.460407927319D-01  6.447772080800D-01  6.434470919519D-01  6.420477728463D-01
  6.405746583772D-01  6.390246697539D-01  6.373927822619D-01  6.356754579885D-01
  6.338671843107D-01  6.319639045382D-01  6.299595540350D-01  6.278494883770D-01
  6.256270166478D-01  6.232868266107D-01  6.208215146116D-01  6.182250071444D-01
  6.154890866536D-01  6.126068087181D-01  6.095690228696D-01  6.063677844215D-01
  6.029928691949D-01  5.994351787650D-01  5.956832476972D-01  5.917266406590D-01
  5.875524503966D-01  5.831486847427D-01  5.785007530847D-01  5.735948407587D-01
  5.684143811436D-01  5.629434142312D-01  5.571630406827D-01  5.510547604571D-01
  5.445969041284D-01  5.377679462779D-01  5.305429080199D-01  5.228966383293D-01
  5.148001799661D-01  5.062240099098D-01  4.971343585865D-01  4.874963979755D-01
  4.772705010690D-01  4.664153628423D-01  4.548841830132D-01  4.426277007595D-01
  4.295902789254D-01  4.157128272022D-01  4.009287627684D-01  3.851667855321D-01
  3.683466762007D-01  3.503820476767D-01  3.311753865719D-01  3.106213170065D-01
  2.886009138286D-01
