In49 POTENTIAL                      exc: Vosko,Wilk,Nusair      
  2.20033126  6.33750000  2.17664358
  49.00000
   2.40560   0.9811960123   0.9240463985
353
 0.25000000D-01 0.36265835D-03
 9 1
    0  -1.96656160000D+03
    0  -2.87428550000D+02
    0  -5.37136240000D+01
    0  -7.39818510000D+00
    1  -2.68528840000D+02
    1  -4.59639090000D+01
    1  -4.86454470000D+00
    2  -3.15522220000D+01
    2  -7.38539920000D-01
  4.726906066872D+02  4.727162973470D+02  4.727425766493D+02  4.727694512794D+02
  4.727969297404D+02  4.728250257811D+02  4.728537488601D+02  4.728831128620D+02
  4.729131274987D+02  4.729438068234D+02  4.729751607380D+02  4.730072034339D+02
  4.730399449577D+02  4.730733996054D+02  4.731075775231D+02  4.731424930701D+02
  4.731781564432D+02  4.732145820163D+02  4.732517799814D+02  4.732897646704D+02
  4.733285462084D+02  4.733681388200D+02  4.734085524921D+02  4.734498012681D+02
  4.734918949164D+02  4.735348472145D+02  4.735786676221D+02  4.736233695549D+02
  4.736689620618D+02  4.737154580895D+02  4.737628661614D+02  4.738111986342D+02
  4.738604633777D+02  4.739106720231D+02  4.739618316436D+02  4.740139529941D+02
  4.740670421913D+02  4.741211089459D+02  4.741761582408D+02  4.742321985559D+02
  4.742892335525D+02  4.743472702640D+02  4.744063107956D+02  4.744663605239D+02
  4.745274197665D+02  4.745894919829D+02  4.746525754391D+02  4.747166714007D+02
  4.747817757921D+02  4.748478873812D+02  4.749149994333D+02  4.749831078863D+02
  4.750522029988D+02  4.751222775158D+02  4.751933183101D+02  4.752653145384D+02
  4.753382492753D+02  4.754121076592D+02  4.754868685188D+02  4.755625125086D+02
  4.756390137261D+02  4.757163478378D+02  4.757944836869D+02  4.758733914081D+02
  4.759530340262D+02  4.760333755596D+02  4.761143726091D+02  4.761959824499D+02
  4.762781546105D+02  4.763608389526D+02  4.764439772403D+02  4.765275112083D+02
  4.766113741201D+02  4.766954988253D+02  4.767798093074D+02  4.768642287295D+02
  4.769486709721D+02  4.770330486680D+02  4.771172647303D+02  4.772012203769D+02
  4.772848066499D+02  4.773679124299D+02  4.774504159478D+02  4.775321927909D+02
  4.776131074074D+02  4.776930211054D+02  4.777717835528D+02  4.778492407708D+02
  4.779252266303D+02  4.779995708429D+02  4.780720904558D+02  4.781425978430D+02
  4.782108922022D+02  4.782767675485D+02  4.783400042170D+02  4.784003768630D+02
  4.784576459740D+02  4.785115658806D+02  4.785618762829D+02  4.786083102767D+02
  4.786505858994D+02  4.786884141778D+02  4.787214906984D+02  4.787495036838D+02
  4.787721255940D+02  4.787890212376D+02  4.787998394123D+02  4.788042210581D+02
  4.788017909448D+02  4.787921658759D+02  4.787749464311D+02  4.787497252299D+02
  4.787160787388D+02  4.786735756032D+02  4.786217685288D+02  4.785602026920D+02
  4.784884077047D+02  4.784059061137D+02  4.783122054580D+02  4.782068068667D+02
  4.780891972200D+02  4.779588578534D+02  4.778152568313D+02  4.776578577676D+02
  4.774861122187D+02  4.772994686279D+02  4.770973648454D+02  4.768792372012D+02
  4.766445131569D+02  4.763926205112D+02  4.761229801847D+02  4.758350155579D+02
  4.755281453887D+02  4.752017932794D+02  4.748553807204D+02  4.744883366790D+02
  4.741000907583D+02  4.736900828947D+02  4.732577566155D+02  4.728025688250D+02
  4.723239831384D+02  4.718214797286D+02  4.712945487063D+02  4.707426999928D+02
  4.701654567061D+02  4.695623650178D+02  4.689329874966D+02  4.682769128962D+02
  4.675937494004D+02  4.668831342800D+02  4.661447269733D+02  4.653782185421D+02
  4.645833245137D+02  4.637597940585D+02  4.629074025120D+02  4.620259601911D+02
  4.611153045117D+02  4.601753083576D+02  4.592058717086D+02  4.582069294789D+02
  4.571784425759D+02  4.561204051333D+02  4.550328349352D+02  4.539157799855D+02
  4.527693082591D+02  4.515935135810D+02  4.503885046889D+02  4.491544104519D+02
  4.478913682968D+02  4.465995288436D+02  4.452790438233D+02  4.439300703017D+02
  4.425527583105D+02  4.411472549411D+02  4.397136920322D+02  4.382521905399D+02
  4.367628487574D+02  4.352457475027D+02  4.337009394694D+02  4.321284558822D+02
  4.305282976592D+02  4.289004442223D+02  4.272448471315D+02  4.255614416359D+02
  4.238501432433D+02  4.221108622886D+02  4.203435034621D+02  4.185479831036D+02
  4.167242310230D+02  4.148722094376D+02  4.129919155736D+02  4.110834003284D+02
  4.091467693937D+02  4.071821991603D+02  4.051899338187D+02  4.031702960982D+02
  4.011236782924D+02  3.990505463474D+02  3.969514240762D+02  3.948268907312D+02
  3.926775594561D+02  3.905040702619D+02  3.883070653718D+02  3.860871807910D+02
  3.838450220201D+02  3.815811577117D+02  3.792960990136D+02  3.769902981303D+02
  3.746641335151D+02  3.723179148643D+02  3.699518749703D+02  3.675661812710D+02
  3.651609338623D+02  3.627361825737D+02  3.602919296923D+02  3.578281508064D+02
  3.553448002755D+02  3.528418337640D+02  3.503192143427D+02  3.477769346261D+02
  3.452150214997D+02  3.426335559776D+02  3.400326748184D+02  3.374125865556D+02
  3.347735686724D+02  3.321159786842D+02  3.294402460141D+02  3.267468775607D+02
  3.240364440092D+02  3.213095799670D+02  3.185669651717D+02  3.158093200756D+02
  3.130373832613D+02  3.102519042956D+02  3.074536197027D+02  3.046432458845D+02
  3.018214569510D+02  2.989888814266D+02  2.961460858832D+02  2.932935793984D+02
  2.904318066321D+02  2.875611629123D+02  2.846819983442D+02  2.817946432744D+02
  2.788994208685D+02  2.759966778008D+02  2.730867976344D+02  2.701702271142D+02
  2.672474798356D+02  2.643191482320D+02  2.613858899099D+02  2.584484215009D+02
  2.555074885830D+02  2.525638471868D+02  2.496182271749D+02  2.466713138234D+02
  2.437237177080D+02  2.407759681587D+02  2.378284987298D+02  2.348816580402D+02
  2.319357125857D+02  2.289908733200D+02  2.260473114633D+02  2.231051946302D+02
  2.201647084047D+02  2.172260944977D+02  2.142896708343D+02  2.113558650721D+02
  2.084252274147D+02  2.054984547082D+02  2.025763922118D+02  1.996600455395D+02
  1.967505695961D+02  1.938492675443D+02  1.909575669703D+02  1.880770066623D+02
  1.852092016060D+02  1.823558198679D+02  1.795185393788D+02  1.766990185937D+02
  1.738988494330D+02  1.711195268917D+02  1.683624042298D+02  1.656286687024D+02
  1.629193074059D+02  1.602350988392D+02  1.575766002475D+02  1.549441663417D+02
  1.523379685400D+02  1.497580479063D+02  1.472043666215D+02  1.446768849735D+02
  1.421756216309D+02  1.397007182735D+02  1.372524643705D+02  1.348313073415D+02
  1.324378143432D+02  1.300726249012D+02  1.277363734546D+02  1.254296282680D+02
  1.231528255580D+02  1.209062388658D+02  1.186899531727D+02  1.165038748537D+02
  1.143477405925D+02  1.122211530879D+02  1.101236060381D+02  1.080545272551D+02
  1.060133042050D+02  1.039993227493D+02  1.020119851806D+02  1.000507396628D+02
  9.811508827351D+01  9.620460649655D+01  9.431894180318D+01  9.245782456737D+01
  9.062105909498D+01  8.880852811340D+01  8.702017852569D+01  8.525602175187D+01
  8.351611640451D+01  8.180056653893D+01  8.010950312926D+01  7.844308190122D+01
  7.680146506351D+01  7.518481995261D+01  7.359330202714D+01  7.202705511890D+01
  7.048619628697D+01  6.897081809297D+01  6.748097557845D+01  6.601669069824D+01
  6.457794145352D+01  6.316466843999D+01  6.177676604320D+01  6.041409097614D+01
  5.907645539067D+01  5.776363723400D+01  5.647537506140D+01  5.521137991165D+01
  5.397133137910D+01  5.275489035784D+01  5.156169546355D+01  5.039137546564D+01
  4.924354466592D+01  4.811781355518D+01  4.701378183040D+01  4.593104632822D+01
  4.486919130183D+01  4.382779405044D+01  4.280641275709D+01  4.180459168451D+01
  4.082184791070D+01
N_07 POTENTIAL                      exc: Vosko,Wilk,Nusair      
  1.68057905  6.33750000  1.68945972
   7.00000
   1.96292   0.9811960123   0.9240463985
353
 0.25000000D-01 0.29592158D-03
 2 1
    0  -2.69998930000D+01
    0  -4.29582100000D-01
  2.622127773013D+01  2.622164988996D+01  2.622203104812D+01  2.622244701395D+01
  2.622287828537D+01  2.622332276490D+01  2.622377913790D+01  2.622424791714D+01
  2.622472854220D+01  2.622522182520D+01  2.622572735153D+01  2.622624601631D+01
  2.622677745868D+01  2.622732261247D+01  2.622788114733D+01  2.622845402278D+01
  2.622904093139D+01  2.622964285387D+01  2.623025950296D+01  2.623089187893D+01
  2.623153971380D+01  2.623220402698D+01  2.623288456964D+01  2.623358238049D+01
  2.623429723013D+01  2.623503017695D+01  2.623578101153D+01  2.623655081253D+01
  2.623733939112D+01  2.623814784691D+01  2.623897601239D+01  2.623982500886D+01
  2.624069469094D+01  2.624158620244D+01  2.624249942090D+01  2.624343551349D+01
  2.624439438156D+01  2.624537721650D+01  2.624638394451D+01  2.624741578652D+01
  2.624847307542D+01  2.624955666113D+01  2.625066652209D+01  2.625180392814D+01
  2.625296888510D+01  2.625416269071D+01  2.625538537920D+01  2.625663827717D+01
  2.625792144818D+01  2.625923624870D+01  2.626058277262D+01  2.626196240721D+01
  2.626337527768D+01  2.626482280307D+01  2.626630514085D+01  2.626782374282D+01
  2.626937879964D+01  2.627097179677D+01  2.627260295902D+01  2.627427380643D+01
  2.627598459881D+01  2.627773689165D+01  2.627953098065D+01  2.628136845756D+01
  2.628324965475D+01  2.628517620100D+01  2.628714846608D+01  2.628916811653D+01
  2.629123556016D+01  2.629335250187D+01  2.629551938808D+01  2.629773796256D+01
  2.630000871083D+01  2.630233341589D+01  2.630471260267D+01  2.630714809371D+01
  2.630964045353D+01  2.631219154426D+01  2.631480197003D+01  2.631747363251D+01
  2.632020717522D+01  2.632300453907D+01  2.632586640659D+01  2.632879475736D+01
  2.633179031223D+01  2.633485508867D+01  2.633798984487D+01  2.634119663506D+01
  2.634447625349D+01  2.634783078965D+01  2.635126107217D+01  2.635476922394D+01
  2.635835610589D+01  2.636202387195D+01  2.636577341278D+01  2.636960691058D+01
  2.637352528261D+01  2.637753073593D+01  2.638162421074D+01  2.638580793495D+01
  2.639008286735D+01  2.639445125199D+01  2.639891406119D+01  2.640347354965D+01
  2.640813069731D+01  2.641288776321D+01  2.641774572812D+01  2.642270684814D+01
  2.642777209707D+01  2.643294371976D+01  2.643822267414D+01  2.644361118434D+01
  2.644911018236D+01  2.645472186085D+01  2.646044711443D+01  2.646628809216D+01
  2.647224563844D+01  2.647832184506D+01  2.648451749173D+01  2.649083459766D+01
  2.649727386167D+01  2.650383721327D+01  2.651052525228D+01  2.651733979939D+01
  2.652428133527D+01  2.653135155056D+01  2.653855078438D+01  2.654588057372D+01
  2.655334109133D+01  2.656093369448D+01  2.656865836212D+01  2.657651624298D+01
  2.658450709197D+01  2.659263181753D+01  2.660088991729D+01  2.660928202453D+01
  2.661780734309D+01  2.662646619288D+01  2.663525744396D+01  2.664418106112D+01
  2.665323553695D+01  2.666242043556D+01  2.667173382452D+01  2.668117481763D+01
  2.669074100580D+01  2.670043099865D+01  2.671024185439D+01  2.672017162022D+01
  2.673021676107D+01  2.674037469881D+01  2.675064123977D+01  2.676101311276D+01
  2.677148539533D+01  2.678205405055D+01  2.679271335193D+01  2.680345841901D+01
  2.681428264096D+01  2.682518021082D+01  2.683614354786D+01  2.684716583055D+01
  2.685823841756D+01  2.686935337946D+01  2.688050091855D+01  2.689167189924D+01
  2.690285526668D+01  2.691404057602D+01  2.692521540986D+01  2.693636790642D+01
  2.694748417602D+01  2.695855082829D+01  2.696955238772D+01  2.698047382010D+01
  2.699129794743D+01  2.700200797371D+01  2.701258489940D+01  2.702301004690D+01
  2.703326247481D+01  2.704332150340D+01  2.705316412901D+01  2.706276754990D+01
  2.707210658116D+01  2.708115618135D+01  2.708988886849D+01  2.709827724793D+01
  2.710629142991D+01  2.711390155934D+01  2.712107523551D+01  2.712778004442D+01
  2.713398098141D+01  2.713964298670D+01  2.714472837179D+01  2.714919935909D+01
  2.715301551280D+01  2.715613628373D+01  2.715851844561D+01  2.716011864594D+01
  2.716089084898D+01  2.716078889363D+01  2.715976394418D+01  2.715776705652D+01
  2.715474663771D+01  2.715065102180D+01  2.714542593953D+01  2.713901710492D+01
  2.713136769645D+01  2.712242095575D+01  2.711211768151D+01  2.710039884155D+01
  2.708720308077D+01  2.707246934789D+01  2.705613441863D+01  2.703813553822D+01
  2.701840796107D+01  2.699688761006D+01  2.697350863358D+01  2.694820608259D+01
  2.692091348568D+01  2.689156554459D+01  2.686009572773D+01  2.682643898442D+01
  2.679052935708D+01  2.675230271398D+01  2.671169437980D+01  2.666864188638D+01
  2.662308262073D+01  2.657495659259D+01  2.652420409850D+01  2.647076850437D+01
  2.641459392338D+01  2.635562801103D+01  2.629381965398D+01  2.622912177422D+01
  2.616148902497D+01  2.609088059977D+01  2.601725793080D+01  2.594058749763D+01
  2.586083852237D+01  2.577798577191D+01  2.569200724330D+01  2.560288695243D+01
  2.551061260202D+01  2.541517834882D+01  2.531658244571D+01  2.521482997861D+01
  2.510993047347D+01  2.500190059335D+01  2.489076170045D+01  2.477654250321D+01
  2.465927656320D+01  2.453900488177D+01  2.441577334115D+01  2.428963522083D+01
  2.416064856228D+01  2.402887860397D+01  2.389439506091D+01  2.375727446909D+01
  2.361759737023D+01  2.347545055753D+01  2.333092415821D+01  2.318411377388D+01
  2.303511745523D+01  2.288403773276D+01  2.273097848064D+01  2.257604683648D+01
  2.241934995503D+01  2.226099681974D+01  2.210109489166D+01  2.193975182122D+01
  2.177707200435D+01  2.161315821070D+01  2.144810806843D+01  2.128201563648D+01
  2.111496785315D+01  2.094704609665D+01  2.077832265256D+01  2.060886233106D+01
  2.043871903709D+01  2.026793754633D+01  2.009655030116D+01  1.992457949153D+01
  1.975203424759D+01  1.957891322122D+01  1.940520239333D+01  1.923087839016D+01
  1.905590714440D+01  1.888024817252D+01  1.870385427762D+01  1.852667690405D+01
  1.834866688627D+01  1.816978072948D+01  1.798998205653D+01  1.780924824085D+01
  1.762757174492D+01  1.744496609307D+01  1.726146595100D+01  1.707713125868D+01
  1.689204498273D+01  1.670631460421D+01  1.652006713566D+01  1.633344803929D+01
  1.614661408450D+01  1.595973071196D+01  1.577296405873D+01  1.558647823739D+01
  1.540042796251D+01  1.521495699061D+01  1.503019230006D+01  1.484624430122D+01
  1.466320284021D+01  1.448113915414D+01  1.430010344533D+01  1.412012817459D+01
  1.394122671535D+01  1.376339746883D+01  1.358662309935D+01  1.341087501829D+01
  1.323611280829D+01  1.306228874979D+01  1.288934717271D+01  1.271722882367D+01
  1.254586999488D+01  1.237520662498D+01  1.220517313361D+01  1.203570621231D+01
  1.186674334277D+01  1.169822627245D+01  1.153009922341D+01  1.136231206824D+01
  1.119481825136D+01  1.102757769113D+01  1.086055444206D+01  1.069371935270D+01
  1.052704749843D+01  1.036052062402D+01  1.019412437452D+01  1.002785054790D+01
  9.861694146578D+00  9.695655459338D+00  9.529736948937D+00  9.363945174218D+00
  9.198287520033D+00  9.032773960488D+00  8.867413626872D+00  8.702216402460D+00
  8.537189314103D+00  8.372337940167D+00  8.207662606156D+00  8.043159583981D+00
  7.878817073552D+00  7.714616248679D+00  7.550526808278D+00  7.386508133044D+00
  7.222504452074D+00
Vac0 POTENTIAL                      exc: Vosko,Wilk,Nusair      
  2.20033126  6.33750000  2.17664358
   0.00000
   2.40560   0.9811960123   0.9240463985
353
 0.25000000D-01 0.36265835D-03
 0 1
  8.824966009600D-01  8.824674386798D-01  8.824367763635D-01  8.824278629665D-01
  8.824228689440D-01  8.824206306759D-01  8.824188146508D-01  8.824185853669D-01
  8.824182788114D-01  8.824193218934D-01  8.824201758826D-01  8.824223371654D-01
  8.824243106045D-01  8.824276234671D-01  8.824308050802D-01  8.824354041535D-01
  8.824399703116D-01  8.824460726922D-01  8.824522825238D-01  8.824601923774D-01
  8.824683994976D-01  8.824785256852D-01  8.824892013659D-01  8.825020862570D-01
  8.825158543056D-01  8.825322153363D-01  8.825499011753D-01  8.825706886475D-01
  8.825933872300D-01  8.826198639293D-01  8.826490330795D-01  8.826828837694D-01
  8.827204726191D-01  8.827639547211D-01  8.828125806035D-01  8.828687320055D-01
  8.829319222060D-01  8.830047231928D-01  8.830792626464D-01  8.831124246155D-01
  8.830828613132D-01  8.830555915613D-01  8.830289998232D-01  8.830044899534D-01
  8.829804659401D-01  8.829583489507D-01  8.829365583726D-01  8.829165291259D-01
  8.828966928820D-01  8.828784955831D-01  8.828603788069D-01  8.828437974096D-01
  8.828272010250D-01  8.828120517906D-01  8.827968059371D-01  8.827829315971D-01
  8.827688904478D-01  8.827561555953D-01  8.827431932489D-01  8.827314806578D-01
  8.827194878296D-01  8.827086954939D-01  8.826975768601D-01  8.826876155955D-01
  8.826772876168D-01  8.826680790928D-01  8.826584682492D-01  8.826499433859D-01
  8.826409847028D-01  8.826330823299D-01  8.826247181652D-01  8.826173839182D-01
  8.826095629490D-01  8.826027483324D-01  8.825954247022D-01  8.825890863177D-01
  8.825822189172D-01  8.825763177949D-01  8.825698696566D-01  8.825643706979D-01
  8.825583084715D-01  8.825531799681D-01  8.825474734846D-01  8.825426867093D-01
  8.825373085922D-01  8.825328374397D-01  8.825277627825D-01  8.825235834688D-01
  8.825187895438D-01  8.825148803385D-01  8.825103463523D-01  8.825066873449D-01
  8.825023942203D-01  8.824989671181D-01  8.824948973011D-01  8.824916852504D-01
  8.824878225469D-01  8.824848099736D-01  8.824811393966D-01  8.824783118675D-01
  8.824748195057D-01  8.824721636023D-01  8.824688365016D-01  8.824663397072D-01
  8.824631657640D-01  8.824608163640D-01  8.824577842287D-01  8.824555712157D-01
  8.824526702041D-01  8.824505831984D-01  8.824478032133D-01  8.824458323805D-01
  8.824431638346D-01  8.824412998171D-01  8.824387335652D-01  8.824369674149D-01
  8.824344946889D-01  8.824328178025D-01  8.824304301501D-01  8.824288342103D-01
  8.824265234350D-01  8.824250003522D-01  8.824227584568D-01  8.824213003131D-01
  8.824191194440D-01  8.824177184367D-01  8.824155908296D-01  8.824142392177D-01
  8.824121571413D-01  8.824108471901D-01  8.824088028921D-01  8.824075268169D-01
  8.824055124661D-01  8.824042623760D-01  8.824022700060D-01  8.824010378434D-01
  8.823990592912D-01  8.823978367722D-01  8.823958636158D-01  8.823946421635D-01
  8.823926656553D-01  8.823914363336D-01  8.823894473301D-01  8.823882007695D-01
  8.823861896559D-01  8.823849159765D-01  8.823828725868D-01  8.823815613142D-01
  8.823794748437D-01  8.823781148193D-01  8.823759737306D-01  8.823745530133D-01
  8.823723449350D-01  8.823708506952D-01  8.823685623102D-01  8.823669807137D-01
  8.823645976391D-01  8.823629137203D-01  8.823604203741D-01  8.823586178985D-01
  8.823559973550D-01  8.823540586665D-01  8.823512924977D-01  8.823491983523D-01
  8.823462664530D-01  8.823439958364D-01  8.823408762321D-01  8.823384061578D-01
  8.823350747946D-01  8.823323800825D-01  8.823288105940D-01  8.823258636271D-01
  8.823220270782D-01  8.823187975334D-01  8.823146621390D-01  8.823111166909D-01
  8.823066475039D-01  8.823027494984D-01  8.822979080672D-01  8.822936171604D-01
  8.822883611498D-01  8.822836329109D-01  8.822779156843D-01  8.822727011559D-01
  8.822664713140D-01  8.822607165275D-01  8.822539173989D-01  8.822475628392D-01
  8.822401319174D-01  8.822331119316D-01  8.822249802542D-01  8.822172223986D-01
  8.822083138605D-01  8.821997381793D-01  8.821899687746D-01  8.821804870027D-01
  8.821697639873D-01  8.821592786701D-01  8.821474996358D-01  8.821359031563D-01
  8.821229550084D-01  8.821101285120D-01  8.820958863394D-01  8.820816985465D-01
  8.820660243729D-01  8.820503302656D-01  8.820330716695D-01  8.820157110416D-01
  8.819966996315D-01  8.819774954852D-01  8.819565452140D-01  8.819353019878D-01
  8.819122072904D-01  8.818887089010D-01  8.818632426354D-01  8.818372503135D-01
  8.818091614853D-01  8.817804113833D-01  8.817494226307D-01  8.817176231783D-01
  8.816834279924D-01  8.816482569739D-01  8.816105166253D-01  8.815716179491D-01
  8.815299580913D-01  8.814869382179D-01  8.814409451322D-01  8.813933691268D-01
  8.813425855715D-01  8.812899727388D-01  8.812338933598D-01  8.811757124192D-01
  8.811137786765D-01  8.810494424273D-01  8.809810369857D-01  8.809098964087D-01
  8.808343369355D-01  8.807556746715D-01  8.806722069791D-01  8.805852301173D-01
  8.804930205794D-01  8.803968526830D-01  8.802949798489D-01  8.801886521359D-01
  8.800760974556D-01  8.799585390455D-01  8.798341766121D-01  8.797042037371D-01
  8.795667889401D-01  8.794230930110D-01  8.792712499843D-01  8.791123843884D-01
  8.789445921228D-01  8.787689576157D-01  8.785835345927D-01  8.783893631332D-01
  8.781844503190D-01  8.779697871783D-01  8.777433292009D-01  8.775060131577D-01
  8.772557374682D-01  8.769933788814D-01  8.767167726794D-01  8.764267292041D-01
  8.761210138793D-01  8.758003635663D-01  8.754624663833D-01  8.751079778708D-01
  8.747345005864D-01  8.743426000577D-01  8.739297841267D-01  8.734965186667D-01
  8.730402066474D-01  8.725612035873D-01  8.720567963081D-01  8.715272180915D-01
  8.709696270848D-01  8.703841211281D-01  8.697677157689D-01  8.691203587181D-01
  8.684389074267D-01  8.677231431241D-01  8.669697479011D-01  8.661783182767D-01
  8.653453417242D-01  8.644702097032D-01  8.635491935546D-01  8.625814569247D-01
  8.615630309414D-01  8.604928259431D-01  8.593666058338D-01  8.581829990127D-01
  8.569374717855D-01  8.556283383693D-01  8.542507332127D-01  8.528026199243D-01
  8.512787623234D-01  8.496767321054D-01  8.479908784043D-01  8.462183339671D-01
  8.443529829582D-01  8.423914653570D-01  8.403271426720D-01  8.381561002046D-01
  8.358711102563D-01  8.334676318113D-01  8.309377707134D-01  8.282762762041D-01
  8.254744974103D-01  8.225263760215D-01  8.194223982599D-01  8.161555827870D-01
  8.127154271048D-01  8.090938895399D-01  8.052793287412D-01  8.012624782760D-01
  7.970303775346D-01  7.925723370721D-01  7.878738587749D-01  7.829225895759D-01
  7.777022281597D-01  7.721984640326D-01  7.663928673081D-01  7.602688092907D-01
  7.538053309471D-01  7.469830401146D-01  7.397779530711D-01  7.321673621405D-01
  7.241236432540D-01  7.156200860203D-01  7.066246582319D-01  6.971057882947D-01
  6.870260751744D-01  6.763480103272D-01  6.650276184777D-01  6.530201027368D-01
  6.402733977388D-01  6.267337173687D-01  6.123389970759D-01  5.970243185192D-01
  5.807152123476D-01  5.633329282366D-01  5.447875633270D-01  5.249831401410D-01
  5.038105200512D-01  4.811522453803D-01  4.568751987685D-01  4.308351566629D-01
  4.028691485699D-01  3.727999052751D-01  3.404271845452D-01  3.055327760867D-01
  2.678710433580D-01
Vac0 POTENTIAL                      exc: Vosko,Wilk,Nusair      
  1.68057905  6.33750000  1.68945972
   0.00000
   1.96292   0.9811960123   0.9240463985
353
 0.25000000D-01 0.29592158D-03
 0 1
  6.706217565164D-01  6.705785765453D-01  6.705338672254D-01  6.705203154508D-01
  6.705128002762D-01  6.705083138769D-01  6.705047867050D-01  6.705025712773D-01
  6.705005518092D-01  6.704994491491D-01  6.704983189200D-01  6.704979725680D-01
  6.704975185042D-01  6.704978014957D-01  6.704979525887D-01  6.704988330046D-01
  6.704995865368D-01  6.705010849996D-01  6.705024814975D-01  6.705046565260D-01
  6.705067716593D-01  6.705097160068D-01  6.705126601481D-01  6.705165028454D-01
  6.705204252072D-01  6.705253376102D-01  6.705304341169D-01  6.705366396417D-01
  6.705431646641D-01  6.705509526821D-01  6.705592353223D-01  6.705689801953D-01
  6.705794464537D-01  6.705916332289D-01  6.706048357981D-01  6.706200947720D-01
  6.706367527117D-01  6.706558827625D-01  6.706750797349D-01  6.706823865319D-01
  6.706728424099D-01  6.706642206159D-01  6.706556242549D-01  6.706478828403D-01
  6.706401056780D-01  6.706331277852D-01  6.706260633531D-01  6.706197517742D-01
  6.706133111443D-01  6.706075843580D-01  6.706016926606D-01  6.705964817840D-01
  6.705910755349D-01  6.705863219647D-01  6.705813469759D-01  6.705770005262D-01
  6.705724102570D-01  6.705684277067D-01  6.705641819583D-01  6.705605258672D-01
  6.705565897309D-01  6.705532275132D-01  6.705495705255D-01  6.705464736715D-01
  6.705430691256D-01  6.705402125834D-01  6.705370369548D-01  6.705343986202D-01
  6.705314311108D-01  6.705289913924D-01  6.705262135383D-01  6.705239550123D-01
  6.705213503579D-01  6.705192574700D-01  6.705168112971D-01  6.705148701112D-01
  6.705125692108D-01  6.705107671968D-01  6.705085996747D-01  6.705069255310D-01
  6.705048806402D-01  6.705033241394D-01  6.705013921367D-01  6.704999439927D-01
  6.704981160201D-01  6.704967677734D-01  6.704950357486D-01  6.704937796704D-01
  6.704921361955D-01  6.704909651982D-01  6.704894034784D-01  6.704883110435D-01
  6.704868248176D-01  6.704858049264D-01  6.704843884037D-01  6.704834354793D-01
  6.704820832844D-01  6.704811921395D-01  6.704798992624D-01  6.704790650534D-01
  6.704778268048D-01  6.704770449875D-01  6.704758569595D-01  6.704751232520D-01
  6.704739812798D-01  6.704732916272D-01  6.704721917571D-01  6.704715422982D-01
  6.704704807550D-01  6.704698677932D-01  6.704688409510D-01  6.704682609246D-01
  6.704672652795D-01  6.704667147355D-01  6.704657468786D-01  6.704652224465D-01
  6.704642790387D-01  6.704637774043D-01  6.704628551512D-01  6.704623730325D-01
  6.704614686584D-01  6.704610027813D-01  6.704601130062D-01  6.704596600785D-01
  6.704587815922D-01  6.704583382783D-01  6.704574677142D-01  6.704570306102D-01
  6.704561645194D-01  6.704557301249D-01  6.704548649491D-01  6.704544296402D-01
  6.704535616818D-01  6.704531216801D-01  6.704522470724D-01  6.704517984144D-01
  6.704509130890D-01  6.704504515921D-01  6.704495512435D-01  6.704490724708D-01
  6.704481525197D-01  6.704476517392D-01  6.704467072915D-01  6.704461794361D-01
  6.704452052393D-01  6.704446448597D-01  6.704436352555D-01  6.704430364710D-01
  6.704419853428D-01  6.704413417866D-01  6.704402425029D-01  6.704395472634D-01
  6.704383926160D-01  6.704376381708D-01  6.704364203058D-01  6.704355984511D-01
  6.704343087947D-01  6.704334105664D-01  6.704320397425D-01  6.704310553300D-01
  6.704295930698D-01  6.704285117210D-01  6.704269467633D-01  6.704257566800D-01
  6.704240766612D-01  6.704227648847D-01  6.704209562184D-01  6.704195085010D-01
  6.704175562440D-01  6.704159569106D-01  6.704138446165D-01  6.704120764087D-01
  6.704097859649D-01  6.704078298713D-01  6.704053413204D-01  6.704031763878D-01
  6.704004677294D-01  6.703980708557D-01  6.703951178280D-01  6.703924635319D-01
  6.703892393709D-01  6.703862995387D-01  6.703827747114D-01  6.703795183174D-01
  6.703756602276D-01  6.703720530242D-01  6.703678256876D-01  6.703638298639D-01
  6.703591935490D-01  6.703547673532D-01  6.703496781839D-01  6.703447755065D-01
  6.703391850241D-01  6.703337549363D-01  6.703276096148D-01  6.703215958596D-01
  6.703148365704D-01  6.703081769995D-01  6.703007384193D-01  6.702933643709D-01
  6.702851743279D-01  6.702770099395D-01  6.702679886904D-01  6.702589501386D-01
  6.702490095698D-01  6.702390042303D-01  6.702280469749D-01  6.702169724944D-01
  6.702048909563D-01  6.701926342260D-01  6.701793095006D-01  6.701657455222D-01
  6.701510462041D-01  6.701360368359D-01  6.701198177004D-01  6.701032102709D-01
  6.700853108169D-01  6.700669365924D-01  6.700471794309D-01  6.700268519219D-01
  6.700050409947D-01  6.699825540826D-01  6.699584726929D-01  6.699335985589D-01
  6.699070071942D-01  6.698794940301D-01  6.698501279539D-01  6.698196974298D-01
  6.697872640193D-01  6.697536084842D-01  6.697177842863D-01  6.696805636714D-01
  6.696409911464D-01  6.695998295413D-01  6.695561134616D-01  6.695105953262D-01
  6.694622987928D-01  6.694119647684D-01  6.693586048044D-01  6.693029470784D-01
  6.692439897547D-01  6.691824469333D-01  6.691173019740D-01  6.690492534085D-01
  6.689772682230D-01  6.689020277308D-01  6.688224808083D-01  6.687392897235D-01
  6.686513833216D-01  6.685594028029D-01  6.684622548531D-01  6.683605573663D-01
  6.682531925122D-01  6.681407523988D-01  6.680220920701D-01  6.678977751009D-01
  6.677666265182D-01  6.676291783201D-01  6.674842223122D-01  6.673322555430D-01
  6.671720330445D-01  6.670040131760D-01  6.668269102577D-01  6.666411398117D-01
  6.664453710782D-01  6.662399721405D-01  6.660235623106D-01  6.657964571256D-01
  6.655572205875D-01  6.653061100157D-01  6.650416281238D-01  6.647639677121D-01
  6.644715635621D-01  6.641645369496D-01  6.638412473358D-01  6.635017366794D-01
  6.631442808990D-01  6.627688339609D-01  6.623735790849D-01  6.619583725791D-01
  6.615212947584D-01  6.610620934936D-01  6.605787348072D-01  6.600708461009D-01
  6.595362663857D-01  6.589744891468D-01  6.583832121610D-01  6.577617799495D-01
  6.571077331282D-01  6.564202503924D-01  6.556966973359D-01  6.549360679023D-01
  6.541355325991D-01  6.532938793388D-01  6.524080609608D-01  6.514766353726D-01
  6.504963122776D-01  6.494653925098D-01  6.483803138458D-01  6.472390894076D-01
  6.460378524148D-01  6.447742935031D-01  6.434442042462D-01  6.420449132073D-01
  6.405718280231D-01  6.390218699692D-01  6.373900143557D-01  6.356727233375D-01
  6.338644843177D-01  6.319612406748D-01  6.299569278000D-01  6.278469013388D-01
  6.256244704026D-01  6.232843228246D-01  6.208190549791D-01  6.182225934295D-01
  6.154867206484D-01  6.126044922835D-01  6.095667578937D-01  6.063655728600D-01
  6.029907130290D-01  5.994330800419D-01  5.956812084870D-01  5.917246630955D-01
  5.875505366336D-01  5.831468369945D-01  5.784989735822D-01  5.735931317891D-01
  5.684127450069D-01  5.629418532790D-01  5.571615572742D-01  5.510533569978D-01
  5.445955830251D-01  5.377667099769D-01  5.305417589610D-01  5.228955789821D-01
  5.147992127829D-01  5.062231373593D-01  4.971335831033D-01  4.874957219895D-01
  4.772699269493D-01  4.664148929189D-01  4.548838195106D-01  4.426274458047D-01
  4.295901344642D-01  4.157127949842D-01  4.009288442324D-01  3.851669817524D-01
  3.683469877216D-01  3.503824743877D-01  3.311759274637D-01  3.106219699375D-01
  2.886016751303D-01
