In49 POTENTIAL                      exc: Vosko,Wilk,Nusair      
  2.14187055  6.17500000  2.11957662
  49.00000
   2.34253   1.0889894757   0.9652352811
353
 0.25000000D-01 0.35315022D-03
 9 1
    0  -1.96656160000D+03
    0  -2.87428550000D+02
    0  -5.37136240000D+01
    0  -7.39818510000D+00
    1  -2.68528840000D+02
    1  -4.59639090000D+01
    1  -4.86454470000D+00
    2  -3.15522220000D+01
    2  -7.38539920000D-01
  4.728031842040D+02  4.728282023202D+02  4.728537952014D+02  4.728799697476D+02
  4.729067343156D+02  4.729341024690D+02  4.729620835387D+02  4.729906912368D+02
  4.730199351588D+02  4.730498291999D+02  4.730803831595D+02  4.731116110880D+02
  4.731435229463D+02  4.731761329089D+02  4.732094510564D+02  4.732434916493D+02
  4.732782648425D+02  4.733137849372D+02  4.733500621115D+02  4.733871106546D+02
  4.734249407094D+02  4.734635664926D+02  4.735029980459D+02  4.735432494439D+02
  4.735843305518D+02  4.736262552234D+02  4.736690330624D+02  4.737126776121D+02
  4.737571981193D+02  4.738026077155D+02  4.738489151829D+02  4.738961331274D+02
  4.739442697462D+02  4.739933369923D+02  4.740433423424D+02  4.740942969544D+02
  4.741462074340D+02  4.741990839851D+02  4.742529321749D+02  4.743077610768D+02
  4.743635750425D+02  4.744203818101D+02  4.744781842919D+02  4.745369886929D+02
  4.745967962674D+02  4.746576114389D+02  4.747194335531D+02  4.747822649894D+02
  4.748461029087D+02  4.749109473572D+02  4.749767930092D+02  4.750436372610D+02
  4.751114719684D+02  4.751802915322D+02  4.752500846282D+02  4.753208422835D+02
  4.753925496000D+02  4.754651938205D+02  4.755387560441D+02  4.756132192832D+02
  4.756885601700D+02  4.757647570031D+02  4.758417814455D+02  4.759196065601D+02
  4.759981984988D+02  4.760775245270D+02  4.761575447027D+02  4.762382198899D+02
  4.763195034278D+02  4.764013491327D+02  4.764837029569D+02  4.765665109790D+02
  4.766497110527D+02  4.767332407851D+02  4.768170291755D+02  4.769010045822D+02
  4.769850863507D+02  4.770691927698D+02  4.771532326897D+02  4.772371134676D+02
  4.773207325760D+02  4.774039855388D+02  4.774867575309D+02  4.775689313050D+02
  4.776503787840D+02  4.777309689800D+02  4.778105595805D+02  4.778890048610D+02
  4.779661472675D+02  4.780418253242D+02  4.781158652142D+02  4.781880886853D+02
  4.782583046311D+02  4.783263169982D+02  4.783919163702D+02  4.784548878802D+02
  4.785150028014D+02  4.785720264686D+02  4.786257098796D+02  4.786757976306D+02
  4.787220195336D+02  4.787640985695D+02  4.788017425286D+02  4.788346519872D+02
  4.788625119760D+02  4.788849999880D+02  4.789017776818D+02  4.789124989275D+02
  4.789168015524D+02  4.789143154334D+02  4.789046542928D+02  4.788874238460D+02
  4.788622136565D+02  4.788286053473D+02  4.787861645245D+02  4.787344490623D+02
  4.786730011049D+02  4.786013554342D+02  4.785190315605D+02  4.784255421821D+02
  4.783203853748D+02  4.782030531536D+02  4.780730237688D+02  4.779297703804D+02
  4.777727534692D+02  4.776014296307D+02  4.774152441099D+02  4.772136397211D+02
  4.769960495122D+02  4.767619058145D+02  4.765106330403D+02  4.762416568653D+02
  4.759543971587D+02  4.756482772981D+02  4.753227172282D+02  4.749771429026D+02
  4.746109794642D+02  4.742236608021D+02  4.738146228413D+02  4.733833131991D+02
  4.729291845633D+02  4.724517044252D+02  4.719503485210D+02  4.714246106099D+02
  4.708739959435D+02  4.702980310515D+02  4.696962571957D+02  4.690682401151D+02
  4.684135634125D+02  4.677318382030D+02  4.670226963718D+02  4.662858000598D+02
  4.655208347234D+02  4.647275183838D+02  4.639055944107D+02  4.630548404551D+02
  4.621750608736D+02  4.612660952606D+02  4.603278104277D+02  4.593601084490D+02
  4.583629181138D+02  4.573362024046D+02  4.562799493481D+02  4.551941788597D+02
  4.540789329336D+02  4.529342818166D+02  4.517603135081D+02  4.505571392462D+02
  4.493248823472D+02  4.480636830537D+02  4.467736867888D+02  4.454550484916D+02
  4.441079204546D+02  4.427324563663D+02  4.413287990087D+02  4.398970843456D+02
  4.384374294847D+02  4.369499372824D+02  4.354346851061D+02  4.338917305520D+02
  4.323211016546D+02  4.307228043957D+02  4.290968150480D+02  4.274430901363D+02
  4.257615615065D+02  4.240521492091D+02  4.223147595811D+02  4.205493010914D+02
  4.187556851621D+02  4.169338443321D+02  4.150837347595D+02  4.132053552172D+02
  4.112987493818D+02  4.093640234206D+02  4.074013455973D+02  4.054109599073D+02
  4.033931805819D+02  4.013483996979D+02  3.992770750606D+02  3.971797310066D+02
  3.950569397499D+02  3.929093163763D+02  3.907374955221D+02  3.885421231757D+02
  3.863238318523D+02  3.840832326634D+02  3.818208924833D+02  3.795373295637D+02
  3.772329955355D+02  3.749082768220D+02  3.725634830442D+02  3.701988550850D+02
  3.678145600577D+02  3.654107055538D+02  3.629873401757D+02  3.605444725427D+02
  3.580820756458D+02  3.556001086591D+02  3.530985230448D+02  3.505772850573D+02
  3.480363815106D+02  3.454758409646D+02  3.428957372658D+02  3.402962076695D+02
  3.376774525950D+02  3.350397493423D+02  3.323834469277D+02  3.297089745200D+02
  3.270168307729D+02  3.243075866972D+02  3.215818695490D+02  3.188403605755D+02
  3.160837743159D+02  3.133128525013D+02  3.105283405576D+02  3.077309799809D+02
  3.049214848076D+02  3.021005357371D+02  2.992687602690D+02  2.964267325080D+02
  2.935749609421D+02  2.907138976015D+02  2.878439364125D+02  2.849654333925D+02
  2.820787154560D+02  2.791841092294D+02  2.762819553131D+02  2.733726381913D+02
  2.704565964173D+02  2.675343431179D+02  2.646064621099D+02  2.616736111917D+02
  2.587365000994D+02  2.557958772077D+02  2.528524948376D+02  2.499070890328D+02
  2.469603445407D+02  2.440128807322D+02  2.410652281780D+02  2.381178299847D+02
  2.351710357042D+02  2.322251200650D+02  2.292802927571D+02  2.263367303514D+02
  2.233945958528D+02  2.204540766160D+02  2.175154061502D+02  2.145789007500D+02
  2.116449768357D+02  2.087141804555D+02  2.057871953177D+02  2.028648613310D+02
  1.999481705350D+02  1.970382728278D+02  1.941364589196D+02  1.912441532624D+02
  1.883628847634D+02  1.854942684739D+02  1.826399663152D+02  1.798016604427D+02
  1.769810076163D+02  1.741796085669D+02  1.713989611350D+02  1.686404316763D+02
  1.659052140769D+02  1.631943115335D+02  1.605085110875D+02  1.578483865761D+02
  1.552143000219D+02  1.526064362725D+02  1.500248385902D+02  1.474694758063D+02
  1.449403026378D+02  1.424373367141D+02  1.399607078483D+02  1.375107008354D+02
  1.350877510863D+02  1.326924245281D+02  1.303253549862D+02  1.279871835135D+02
  1.256784805186D+02  1.233996953645D+02  1.211511081335D+02  1.189328189495D+02
  1.167447405112D+02  1.145866226778D+02  1.124580713209D+02  1.103585895220D+02
  1.082876042813D+02  1.062445086059D+02  1.042286840674D+02  1.022395355147D+02
  1.002765043867D+02  9.833909343681D+01  9.642687006685D+01  9.453948153544D+01
  9.267664964710D+01  9.083817833168D+01  8.902394183091D+01  8.723388692409D+01
  8.546801689373D+01  8.372639060223D+01  8.200910430558D+01  8.031628947298D+01
  7.864809413771D+01  7.700468092971D+01  7.538620920997D+01  7.379283434033D+01
  7.222469141387D+01  7.068189637746D+01  6.916453179783D+01  6.767265012416D+01
  6.620626165295D+01  6.476533999696D+01  6.334981224688D+01  6.195956659980D+01
  6.059444464385D+01  5.925425104904D+01  5.793874784199D+01  5.664766595399D+01
  5.538070114886D+01  5.413752688168D+01  5.291779104682D+01  5.172112898108D+01
  5.054715955390D+01  4.939549664208D+01  4.826574291632D+01  4.715749843595D+01
  4.607035134929D+01  4.500388373101D+01  4.395765926005D+01  4.293122826607D+01
  4.192411388360D+01
N_07 POTENTIAL                      exc: Vosko,Wilk,Nusair      
  1.63952924  6.17500000  1.64793099
   7.00000
   1.91467   1.0889894757   0.9652352811
353
 0.25000000D-01 0.28864751D-03
 2 1
    0  -2.69998930000D+01
    0  -4.29582100000D-01
  2.633453955713D+01  2.633490189006D+01  2.633527294426D+01  2.633567845170D+01
  2.633609894356D+01  2.633653239903D+01  2.633697743606D+01  2.633743462928D+01
  2.633790334650D+01  2.633838445975D+01  2.633887748166D+01  2.633938336656D+01
  2.633990168030D+01  2.634043341547D+01  2.634097816799D+01  2.634153695579D+01
  2.634210939728D+01  2.634269653123D+01  2.634329799584D+01  2.634391484906D+01
  2.634454674801D+01  2.634519476938D+01  2.634585858907D+01  2.634653930265D+01
  2.634723660509D+01  2.634795161123D+01  2.634868403561D+01  2.634943501292D+01
  2.635020427788D+01  2.635099298573D+01  2.635180089205D+01  2.635262917338D+01
  2.635347760696D+01  2.635434739138D+01  2.635523832639D+01  2.635615163349D+01
  2.635708713576D+01  2.635804607848D+01  2.635902830911D+01  2.636003510267D+01
  2.636106671090D+01  2.636212403782D+01  2.636320698215D+01  2.636431686614D+01
  2.636545361545D+01  2.636661857974D+01  2.636781171255D+01  2.636903439191D+01
  2.637028660024D+01  2.637156974491D+01  2.637288383816D+01  2.637423031768D+01
  2.637560922653D+01  2.637702203370D+01  2.637846881402D+01  2.637995106872D+01
  2.638146890536D+01  2.638302385837D+01  2.638461606897D+01  2.638624710572D+01
  2.638791714440D+01  2.638962778858D+01  2.639137924947D+01  2.639317316650D+01
  2.639500978716D+01  2.639689078751D+01  2.639881645209D+01  2.640078849434D+01
  2.640280723651D+01  2.640487443012D+01  2.640699043575D+01  2.640915704351D+01
  2.641137465284D+01  2.641364509294D+01  2.641596880248D+01  2.641834765005D+01
  2.642078211385D+01  2.642327410202D+01  2.642582413238D+01  2.642843415265D+01
  2.643110472015D+01  2.643383782203D+01  2.643663405482D+01  2.643949544463D+01
  2.644242262668D+01  2.644541766539D+01  2.644848123385D+01  2.645161543382D+01
  2.645482097512D+01  2.645809999557D+01  2.646145324022D+01  2.646488288127D+01
  2.646838969718D+01  2.647197589239D+01  2.647564227643D+01  2.647939108347D+01
  2.648322315124D+01  2.648714074054D+01  2.649114471396D+01  2.649523735521D+01
  2.649941954772D+01  2.650369359379D+01  2.650806039300D+01  2.651252226114D+01
  2.651708010844D+01  2.652173625832D+01  2.652649162535D+01  2.653134853374D+01
  2.653630789514D+01  2.654137202680D+01  2.654654182909D+01  2.655181960342D+01
  2.655720622942D+01  2.656270398258D+01  2.656831371105D+01  2.657403765295D+01
  2.657987661285D+01  2.658583277864D+01  2.659190689765D+01  2.659810109309D+01
  2.660441603972D+01  2.661085377988D+01  2.661741489863D+01  2.662410133935D+01
  2.663091357831D+01  2.663785343975D+01  2.664492126994D+01  2.665211875157D+01
  2.665944607731D+01  2.666690476354D+01  2.667449482323D+01  2.668221757901D+01
  2.669007283535D+01  2.669806169092D+01  2.670618370995D+01  2.671443973387D+01
  2.672282905185D+01  2.673135221158D+01  2.674000818896D+01  2.674879719797D+01
  2.675771785948D+01  2.676677001012D+01  2.677595187014D+01  2.678526285129D+01
  2.679470072363D+01  2.680426442235D+01  2.681395121349D+01  2.682375949967D+01
  2.683368598466D+01  2.684372847794D+01  2.685388305812D+01  2.686414687629D+01
  2.687451531817D+01  2.688498480625D+01  2.689554996070D+01  2.690620640024D+01
  2.691694790173D+01  2.692776919975D+01  2.693866314494D+01  2.694962350227D+01
  2.696064210805D+01  2.697171166695D+01  2.698282290772D+01  2.699396737896D+01
  2.700513460358D+01  2.701631487341D+01  2.702749640245D+01  2.703866812034D+01
  2.704981682460D+01  2.706092997300D+01  2.707199283486D+01  2.708299128258D+01
  2.709390894214D+01  2.710472998390D+01  2.711543627255D+01  2.712601015745D+01
  2.713643162222D+01  2.714668107490D+01  2.715673649756D+01  2.716657623657D+01
  2.717617615256D+01  2.718551241130D+01  2.719455863436D+01  2.720328869107D+01
  2.721167385046D+01  2.721968557475D+01  2.722729267321D+01  2.723446409783D+01
  2.724116609967D+01  2.724736502744D+01  2.725302448719D+01  2.725810814449D+01
  2.726257688827D+01  2.726639163756D+01  2.726951051035D+01  2.727189163591D+01
  2.727349032964D+01  2.727426191195D+01  2.727415889029D+01  2.727313378572D+01
  2.727113632324D+01  2.726811626722D+01  2.726402062129D+01  2.725879647393D+01
  2.725238820908D+01  2.724474036326D+01  2.723579484821D+01  2.722549382075D+01
  2.721377691883D+01  2.720058414535D+01  2.718585311887D+01  2.716952197271D+01
  2.715152662142D+01  2.713180367621D+01  2.711028772834D+01  2.708691428185D+01
  2.706161705466D+01  2.703433092939D+01  2.700498927277D+01  2.697352690501D+01
  2.693987743784D+01  2.690397626253D+01  2.686575790648D+01  2.682515903947D+01
  2.678211584829D+01  2.673656706037D+01  2.668845133523D+01  2.663771030411D+01
  2.658428597634D+01  2.652812379287D+01  2.646917004499D+01  2.640737493878D+01
  2.634269002290D+01  2.627507126006D+01  2.620447645972D+01  2.613086835187D+01
  2.605421201935D+01  2.597447796841D+01  2.589163955452D+01  2.580567604303D+01
  2.571657002141D+01  2.562431044240D+01  2.552889001480D+01  2.543030822065D+01
  2.532856867557D+01  2.522368211093D+01  2.511566369418D+01  2.500453596603D+01
  2.489032611078D+01  2.477306883825D+01  2.465280359362D+01  2.452957737353D+01
  2.440344186561D+01  2.427445618810D+01  2.414268394802D+01  2.400819589557D+01
  2.387106689164D+01  2.373137846750D+01  2.358921569354D+01  2.344466963678D+01
  2.329783412426D+01  2.314880809278D+01  2.299769224274D+01  2.284459127719D+01
  2.268961044491D+01  2.253285766958D+01  2.237443998500D+01  2.221446555995D+01
  2.205304003425D+01  2.189026845160D+01  2.172625151311D+01  2.156108744007D+01
  2.139486817313D+01  2.122768120076D+01  2.105960574914D+01  2.089071463237D+01
  2.072107050248D+01  2.055072780642D+01  2.037972919946D+01  2.020810773326D+01
  2.003588357986D+01  1.986306662253D+01  1.968965368624D+01  1.951563174858D+01
  1.934097590898D+01  1.916565345511D+01  1.898962279130D+01  1.881283854005D+01
  1.863525153507D+01  1.845681494906D+01  1.827748518538D+01  1.809722866976D+01
  1.791602305445D+01  1.773386386019D+01  1.755076498114D+01  1.736676403709D+01
  1.718192102103D+01  1.699632132482D+01  1.681007176195D+01  1.662330089750D+01
  1.643615255543D+01  1.624878405191D+01  1.606135821172D+01  1.587404082559D+01
  1.568699262514D+01  1.550036736944D+01  1.531430499159D+01  1.512893123549D+01
  1.494435255733D+01  1.476065756403D+01  1.457791363360D+01  1.439616989787D+01
  1.421545517624D+01  1.403578201734D+01  1.385714543755D+01  1.367952753098D+01
  1.350289656738D+01  1.332721178522D+01  1.315242252861D+01  1.297847296666D+01
  1.280530107091D+01  1.263284311293D+01  1.246103237687D+01  1.228980336440D+01
  1.211909019888D+01  1.194883051556D+01  1.177896355120D+01  1.160943372537D+01
  1.144018843007D+01  1.127118132224D+01  1.110236983757D+01  1.093371822064D+01
  1.076519479000D+01  1.059677473291D+01  1.042843714764D+01  1.026016762670D+01
  1.009195509779D+01  9.923794213641D+00  9.755682005890D+00  9.587620091532D+00
  9.419611144863D+00  9.251660920469D+00  9.083774538100D+00  8.915958311859D+00
  8.748215833298D+00  8.580549588516D+00  8.412956821107D+00  8.245430917496D+00
  8.077957035843D+00  7.910513332932D+00  7.743066115155D+00  7.575571228859D+00
  7.407968796506D+00
Vac0 POTENTIAL                      exc: Vosko,Wilk,Nusair      
  2.14187055  6.17500000  2.11957662
   0.00000
   2.34253   1.0889894757   0.9652352811
353
 0.25000000D-01 0.35315022D-03
 0 1
  9.366331398618D-01  9.366013834314D-01  9.365680954391D-01  9.365583423413D-01
  9.365529259229D-01  9.365503849676D-01  9.365483812659D-01  9.365479820252D-01
  9.365475757265D-01  9.365485140588D-01  9.365493213512D-01  9.365514244096D-01
  9.365533947733D-01  9.365566926194D-01  9.365599159633D-01  9.365645480538D-01
  9.365692089587D-01  9.365754040842D-01  9.365817768242D-01  9.365898580913D-01
  9.365983196142D-01  9.366087242176D-01  9.366197798965D-01  9.366330909968D-01
  9.366474133246D-01  9.366644063225D-01  9.366828895220D-01  9.367045963655D-01
  9.367284322834D-01  9.367562305976D-01  9.367870131244D-01  9.368227488959D-01
  9.368626181635D-01  9.369087751532D-01  9.369606167125D-01  9.370205506640D-01
  9.370882682686D-01  9.371663913506D-01  9.372465658115D-01  9.372830191121D-01
  9.372525837711D-01  9.372244551217D-01  9.371970816942D-01  9.371717968474D-01
  9.371470692261D-01  9.371242500291D-01  9.371018237795D-01  9.370811558361D-01
  9.370607433699D-01  9.370419631114D-01  9.370233224311D-01  9.370062072454D-01
  9.369891332206D-01  9.369734937807D-01  9.369578113876D-01  9.369434856402D-01
  9.369290446155D-01  9.369158930349D-01  9.369025636523D-01  9.368904654420D-01
  9.368781350849D-01  9.368669851392D-01  9.368555555808D-01  9.368452619949D-01
  9.368346471492D-01  9.368251292135D-01  9.368152533228D-01  9.368064398435D-01
  9.367972359518D-01  9.367890638970D-01  9.367804726005D-01  9.367728859454D-01
  9.367648543597D-01  9.367578031255D-01  9.367502839897D-01  9.367437234561D-01
  9.367366744030D-01  9.367305644050D-01  9.367239473350D-01  9.367182516974D-01
  9.367120322428D-01  9.367067182874D-01  9.367008653492D-01  9.366959034646D-01
  9.366903888237D-01  9.366857521021D-01  9.366805500852D-01  9.366762140092D-01
  9.366713011868D-01  9.366672433506D-01  9.366625982851D-01  9.366587981649D-01
  9.366544011844D-01  9.366508399122D-01  9.366466729167D-01  9.366433331139D-01
  9.366393794007D-01  9.366362450032D-01  9.366324891122D-01  9.366295452301D-01
  9.366259728078D-01  9.366232055947D-01  9.366198032725D-01  9.366171998101D-01
  9.366139550940D-01  9.366115032860D-01  9.366084044566D-01  9.366060929372D-01
  9.366031289577D-01  9.366009470008D-01  9.365981074361D-01  9.365960448774D-01
  9.365933198157D-01  9.365913669783D-01  9.365887469614D-01  9.365868945852D-01
  9.365843705364D-01  9.365826097154D-01  9.365801728801D-01  9.365784949971D-01
  9.365761368811D-01  9.365745335488D-01  9.365722458573D-01  9.365707088589D-01
  9.365684834394D-01  9.365670046723D-01  9.365648334577D-01  9.365634048762D-01
  9.365612798270D-01  9.365598933836D-01  9.365578064306D-01  9.365564540189D-01
  9.365543970043D-01  9.365530703990D-01  9.365510350139D-01  9.365497258094D-01
  9.365477035339D-01  9.365464030786D-01  9.365443851145D-01  9.365430844439D-01
  9.365410616431D-01  9.365397514095D-01  9.365377142033D-01  9.365363845971D-01
  9.365343229152D-01  9.365329635849D-01  9.365308667722D-01  9.365294667351D-01
  9.365273234590D-01  9.365258710080D-01  9.365236691605D-01  9.365221517599D-01
  9.365198783497D-01  9.365182825239D-01  9.365159235608D-01  9.365142347722D-01
  9.365117751379D-01  9.365099776534D-01  9.365074009639D-01  9.365054777102D-01
  9.365027661611D-01  9.365006985630D-01  9.364978327658D-01  9.364956005718D-01
  9.364925593654D-01  9.364901404560D-01  9.364869007077D-01  9.364842708815D-01
  9.364808072636D-01  9.364779400051D-01  9.364742247498D-01  9.364710909721D-01
  9.364670936024D-01  9.364636613641D-01  9.364593483961D-01  9.364555825885D-01
  9.364509172032D-01  9.364467792067D-01  9.364417208885D-01  9.364371681923D-01
  9.364316723303D-01  9.364266581127D-01  9.364206755593D-01  9.364151482253D-01
  9.364086248103D-01  9.364025274804D-01  9.363954034737D-01  9.363886734193D-01
  9.363808829383D-01  9.363734509589D-01  9.363649213129D-01  9.363567110467D-01
  9.363473620134D-01  9.363382891783D-01  9.363280322048D-01  9.363180037565D-01
  9.363067410762D-01  9.362956542814D-01  9.362832779376D-01  9.362710193473D-01
  9.362574101158D-01  9.362438544328D-01  9.362288806302D-01  9.362138894562D-01
  9.361974056237D-01  9.361808260757D-01  9.361626715240D-01  9.361443347049D-01
  9.361243319066D-01  9.361040512147D-01  9.360820040275D-01  9.360595732890D-01
  9.360352649915D-01  9.360104563956D-01  9.359836475173D-01  9.359562093344D-01
  9.359266352566D-01  9.358962893160D-01  9.358636576197D-01  9.358300965224D-01
  9.357940840581D-01  9.357569680946D-01  9.357172177422D-01  9.356761714867D-01
  9.356322885740D-01  9.355868971192D-01  9.355384454636D-01  9.354882502579D-01
  9.354347477894D-01  9.353792420359D-01  9.353201559593D-01  9.352587795281D-01
  9.351935209737D-01  9.351256547780D-01  9.350535728882D-01  9.349785326657D-01
  9.348989080557D-01  9.348159374930D-01  9.347279750212D-01  9.346362381510D-01
  9.345390589238D-01  9.344376317175D-01  9.343302642485D-01  9.342181253189D-01
  9.340994957506D-01  9.339755160685D-01  9.338444373583D-01  9.337073688788D-01
  9.335625288363D-01  9.334109919175D-01  9.332509399717D-01  9.330834094558D-01
  9.329065420142D-01  9.327213318267D-01  9.325258760751D-01  9.323211221832D-01
  9.321051181576D-01  9.318787597082D-01  9.316400404501D-01  9.313897988910D-01
  9.311259684785D-01  9.308493244408D-01  9.305577336615D-01  9.302519013578D-01
  9.299296207641D-01  9.295915196285D-01  9.292353096844D-01  9.288615329454D-01
  9.284678109404D-01  9.280545907840D-01  9.276193941488D-01  9.271625630844D-01
  9.266815086980D-01  9.261764566924D-01  9.256446957197D-01  9.250863226068D-01
  9.244984903424D-01  9.238811529528D-01  9.232313130784D-01  9.225487664554D-01
  9.218303490328D-01  9.210756810102D-01  9.202814134364D-01  9.194469717463D-01
  9.185688017745D-01  9.176461127244D-01  9.166751225175D-01  9.156548001167D-01
  9.145811101201D-01  9.134527543450D-01  9.122654155576D-01  9.110174982065D-01
  9.097043711588D-01  9.083241074504D-01  9.068717258715D-01  9.053449295718D-01
  9.037383463061D-01  9.020492656966D-01  9.002718779069D-01  8.984030093161D-01
  8.964363593364D-01  8.943682341947D-01  8.921917815398D-01  8.899027219522D-01
  8.874935808982D-01  8.849594174904D-01  8.822920532355D-01  8.794857974427D-01
  8.765316720675D-01  8.734231330070D-01  8.701502901586D-01  8.667056236367D-01
  8.630781979323D-01  8.592593718274D-01  8.552370052439D-01  8.510011613004D-01
  8.465383040641D-01  8.418369907755D-01  8.368820582393D-01  8.316603027090D-01
  8.261546520485D-01  8.203498300951D-01  8.142265109547D-01  8.077669638057D-01
  8.009491847209D-01  7.937525167861D-01  7.861517536093D-01  7.781227282512D-01
  7.696363810195D-01  7.606643089602D-01  7.511727885604D-01  7.411282753404D-01
  7.304913696007D-01  7.192222528839D-01  7.072745817943D-01  6.946008446621D-01
  6.811461646485D-01  6.668535557660D-01  6.516576119151D-01  6.354896365135D-01
  6.182711888913D-01  5.999190563798D-01  5.803386239804D-01  5.594286525868D-01
  5.370744330884D-01  5.131523294487D-01  4.875226825089D-01  4.600340687220D-01
  4.305159138943D-01  3.987826920024D-01  3.646254212287D-01  3.278165849305D-01
  2.881008065367D-01
Vac0 POTENTIAL                      exc: Vosko,Wilk,Nusair      
  1.63952924  6.17500000  1.64793099
   0.00000
   1.91467   1.0889894757   0.9652352811
353
 0.25000000D-01 0.28864751D-03
 0 1
  7.168302992361D-01  7.167842569257D-01  7.167365933087D-01  7.167221390901D-01
  7.167141308316D-01  7.167093428065D-01  7.167055870840D-01  7.167032210298D-01
  7.167010735202D-01  7.166998948010D-01  7.166986967057D-01  7.166983259087D-01
  7.166978506592D-01  7.166981534896D-01  7.166983267587D-01  7.166992706562D-01
  7.167000913658D-01  7.167017006359D-01  7.167032147362D-01  7.167055548865D-01
  7.167078468942D-01  7.167110214978D-01  7.167142144902D-01  7.167183675157D-01
  7.167226282062D-01  7.167279512863D-01  7.167334990945D-01  7.167402428569D-01
  7.167473635797D-01  7.167558536869D-01  7.167649183352D-01  7.167755775430D-01
  7.167870679987D-01  7.168004459043D-01  7.168149895321D-01  7.168318028071D-01
  7.168502185170D-01  7.168713783265D-01  7.168926611878D-01  7.169010249989D-01
  7.168909269242D-01  7.168817991156D-01  7.168727041079D-01  7.168645080494D-01
  7.168562800433D-01  7.168488920638D-01  7.168414183708D-01  7.168347355938D-01
  7.168279221035D-01  7.168218582306D-01  7.168156257034D-01  7.168101078429D-01
  7.168043890922D-01  7.167993552153D-01  7.167940928818D-01  7.167894898823D-01
  7.167846347134D-01  7.167804168382D-01  7.167759262895D-01  7.167720539188D-01
  7.167678910402D-01  7.167643296852D-01  7.167604622414D-01  7.167571817267D-01
  7.167535814448D-01  7.167505552565D-01  7.167471972424D-01  7.167444019876D-01
  7.167412642303D-01  7.167386791725D-01  7.167357421307D-01  7.167333488267D-01
  7.167305950783D-01  7.167283770696D-01  7.167257910397D-01  7.167237335744D-01
  7.167213012826D-01  7.167193910972D-01  7.167170999527D-01  7.167153250865D-01
  7.167131637176D-01  7.167115133437D-01  7.167094714332D-01  7.167079357229D-01
  7.167060038973D-01  7.167045738966D-01  7.167027435996D-01  7.167014111236D-01
  7.166996745240D-01  7.166984320762D-01  7.166967819788D-01  7.166956226541D-01
  7.166940524307D-01  7.166929698575D-01  7.166914733785D-01  7.166904616505D-01
  7.166890332241D-01  7.166880868506D-01  7.166867211712D-01  7.166858350220D-01
  7.166845271211D-01  7.166836963838D-01  7.166824415955D-01  7.166816617325D-01
  7.166804556443D-01  7.166797223614D-01  7.166785607830D-01  7.166778699890D-01
  7.166767489207D-01  7.166760966976D-01  7.166750122965D-01  7.166743948685D-01
  7.166733434202D-01  7.166727571266D-01  7.166717350158D-01  7.166711762818D-01
  7.166701799679D-01  7.166696452783D-01  7.166686712654D-01  7.166681571382D-01
  7.166672019507D-01  7.166667049110D-01  7.166657650675D-01  7.166652816189D-01
  7.166643536038D-01  7.166638802058D-01  7.166629604435D-01  7.166624934802D-01
  7.166615783074D-01  7.166611140590D-01  7.166601996942D-01  7.166597343093D-01
  7.166588168216D-01  7.166583462833D-01  7.166574215625D-01  7.166569416567D-01
  7.166560053754D-01  7.166555116538D-01  7.166545592324D-01  7.166540469744D-01
  7.166530735418D-01  7.166525377130D-01  7.166515380611D-01  7.166509732686D-01
  7.166499418074D-01  7.166493422514D-01  7.166482729582D-01  7.166476323791D-01
  7.166465187425D-01  7.166458303626D-01  7.166446653217D-01  7.166439217814D-01
  7.166426976614D-01  7.166418909506D-01  7.166405993880D-01  7.166397207709D-01
  7.166383526349D-01  7.166373925642D-01  7.166359378693D-01  7.166348858963D-01
  7.166333337051D-01  7.166321783775D-01  7.166305166950D-01  7.166292454460D-01
  7.166274611026D-01  7.166260601280D-01  7.166241386513D-01  7.166225927740D-01
  7.166205182456D-01  7.166188107670D-01  7.166165656659D-01  7.166146782006D-01
  7.166122432316D-01  7.166101555259D-01  7.166075094274D-01  7.166051991590D-01
  7.166023184924D-01  7.165997610486D-01  7.165966199661D-01  7.165937881997D-01
  7.165903581867D-01  7.165872221452D-01  7.165834717374D-01  7.165799983655D-01
  7.165758928342D-01  7.165720456440D-01  7.165675466507D-01  7.165632853573D-01
  7.165583505705D-01  7.165536306899D-01  7.165482133625D-01  7.165429857676D-01
  7.165370342693D-01  7.165312446983D-01  7.165247019999D-01  7.165182905135D-01
  7.165110936161D-01  7.165039939979D-01  7.164960733023D-01  7.164882123961D-01
  7.164794910058D-01  7.164707879830D-01  7.164611809346D-01  7.164515464841D-01
  7.164409598955D-01  7.164302953292D-01  7.164186254591D-01  7.164068217226D-01
  7.163939539305D-01  7.163808905098D-01  7.163666981061D-01  7.163522418190D-01
  7.163365847951D-01  7.163205884550D-01  7.163033120777D-01  7.162856130171D-01
  7.162665462762D-01  7.162469647137D-01  7.162259186055D-01  7.162042558406D-01
  7.161810214697D-01  7.161570578876D-01  7.161314043682D-01  7.161048972331D-01
  7.160765693697D-01  7.160472503849D-01  7.160159661060D-01  7.159835387168D-01
  7.159489862387D-01  7.159131226486D-01  7.158749573381D-01  7.158352952102D-01
  7.157931361150D-01  7.157492749231D-01  7.157027009349D-01  7.156541979281D-01
  7.156027435381D-01  7.155491092767D-01  7.154922598804D-01  7.154329532975D-01
  7.153701400006D-01  7.153045629388D-01  7.152351568102D-01  7.151626479757D-01
  7.150859536876D-01  7.150057819602D-01  7.149210307500D-01  7.148323877787D-01
  7.147387296586D-01  7.146407216640D-01  7.145372167962D-01  7.144288554959D-01
  7.143144646426D-01  7.141946572012D-01  7.140682311482D-01  7.139357690458D-01
  7.137960368864D-01  7.136495835864D-01  7.134951397395D-01  7.133332170218D-01
  7.131625068436D-01  7.129834796555D-01  7.127947834874D-01  7.125968431446D-01
  7.123882586212D-01  7.121694041733D-01  7.119388265928D-01  7.116968441438D-01
  7.114419446802D-01  7.111743844295D-01  7.108925859368D-01  7.105967366767D-01
  7.102851868044D-01  7.099580475757D-01  7.096135888809D-01  7.092518374507D-01
  7.088709741467D-01  7.084709319270D-01  7.080497928642D-01  7.076073858401D-01
  7.071416832573D-01  7.066523984304D-01  7.061373819515D-01  7.055962187387D-01
  7.050266240125D-01  7.044280399554D-01  7.037980312488D-01  7.031358812929D-01
  7.024389872438D-01  7.017064557341D-01  7.009354973427D-01  7.001250217449D-01
  6.992720315366D-01  6.983752167313D-01  6.974313478450D-01  6.964388696449D-01
  6.953942933849D-01  6.942957896911D-01  6.931395798191D-01  6.919235275403D-01
  6.906435292666D-01  6.892971047749D-01  6.878797860148D-01  6.863887064753D-01
  6.848189884540D-01  6.831673308292D-01  6.814283945210D-01  6.795983883816D-01
  6.776714525207D-01  6.756432419616D-01  6.735073074301D-01  6.712586763426D-01
  6.688902305664D-01  6.663962842025D-01  6.637689577076D-01  6.610017518060D-01
  6.580859172141D-01  6.550140238503D-01  6.517763252156D-01  6.483643218580D-01
  6.447671192232D-01  6.409749840601D-01  6.369756942479D-01  6.327580864859D-01
  6.283083962080D-01  6.236137944565D-01  6.186587154904D-01  6.134283801725D-01
  6.079051082283D-01  6.020718247393D-01  5.959083531706D-01  5.893949006154D-01
  5.825083266241D-01  5.752256016168D-01  5.675200451456D-01  5.593647503006D-01
  5.507287832204D-01  5.415805642589D-01  5.318840182111D-01  5.216019003450D-01
  5.106918837841D-01  4.991098150932D-01  4.868057213658D-01  4.737269757479D-01
  4.598142018923D-01  4.450043236123D-01  4.292263418452D-01  4.124042310069D-01
  3.944525491388D-01  3.752793291487D-01  3.547808488530D-01  3.328451405117D-01
  3.093459615158D-01
