In49 POTENTIAL                      exc: Vosko,Wilk,Nusair      
  2.20033126  6.33750000  2.17664358
  49.00000
   2.40560   0.9811931927   0.9240466117
353
 0.25000000D-01 0.36265835D-03
 9 1
    0  -1.96656160000D+03
    0  -2.87428550000D+02
    0  -5.37136240000D+01
    0  -7.39818510000D+00
    1  -2.68528840000D+02
    1  -4.59639090000D+01
    1  -4.86454470000D+00
    2  -3.15522220000D+01
    2  -7.38539920000D-01
  4.726906034829D+02  4.727162941425D+02  4.727425734448D+02  4.727694480749D+02
  4.727969265358D+02  4.728250225765D+02  4.728537456555D+02  4.728831096573D+02
  4.729131242941D+02  4.729438036187D+02  4.729751575332D+02  4.730072002291D+02
  4.730399417529D+02  4.730733964005D+02  4.731075743182D+02  4.731424898652D+02
  4.731781532383D+02  4.732145788113D+02  4.732517767764D+02  4.732897614654D+02
  4.733285430033D+02  4.733681356148D+02  4.734085492870D+02  4.734497980628D+02
  4.734918917112D+02  4.735348440092D+02  4.735786644168D+02  4.736233663495D+02
  4.736689588565D+02  4.737154548841D+02  4.737628629560D+02  4.738111954287D+02
  4.738604601721D+02  4.739106688175D+02  4.739618284380D+02  4.740139497884D+02
  4.740670389856D+02  4.741211057401D+02  4.741761550350D+02  4.742321953501D+02
  4.742892303466D+02  4.743472670581D+02  4.744063075896D+02  4.744663573179D+02
  4.745274165605D+02  4.745894887768D+02  4.746525722331D+02  4.747166681945D+02
  4.747817725859D+02  4.748478841750D+02  4.749149962271D+02  4.749831046800D+02
  4.750521997925D+02  4.751222743095D+02  4.751933151038D+02  4.752653113320D+02
  4.753382460689D+02  4.754121044528D+02  4.754868653124D+02  4.755625093021D+02
  4.756390105197D+02  4.757163446313D+02  4.757944804805D+02  4.758733882016D+02
  4.759530308197D+02  4.760333723530D+02  4.761143694026D+02  4.761959792434D+02
  4.762781514040D+02  4.763608357461D+02  4.764439740339D+02  4.765275080018D+02
  4.766113709137D+02  4.766954956189D+02  4.767798061011D+02  4.768642255232D+02
  4.769486677659D+02  4.770330454618D+02  4.771172615242D+02  4.772012171708D+02
  4.772848034439D+02  4.773679092240D+02  4.774504127421D+02  4.775321895853D+02
  4.776131042019D+02  4.776930179000D+02  4.777717803476D+02  4.778492375657D+02
  4.779252234255D+02  4.779995676382D+02  4.780720872513D+02  4.781425946387D+02
  4.782108889982D+02  4.782767643447D+02  4.783400010135D+02  4.784003736598D+02
  4.784576427711D+02  4.785115626781D+02  4.785618730807D+02  4.786083070749D+02
  4.786505826980D+02  4.786884109768D+02  4.787214874979D+02  4.787495004837D+02
  4.787721223944D+02  4.787890180385D+02  4.787998362138D+02  4.788042178602D+02
  4.788017877476D+02  4.787921626793D+02  4.787749432352D+02  4.787497220347D+02
  4.787160755444D+02  4.786735724096D+02  4.786217653360D+02  4.785601995001D+02
  4.784884045138D+02  4.784059029237D+02  4.783122022691D+02  4.782068036789D+02
  4.780891940333D+02  4.779588546679D+02  4.778152536471D+02  4.776578545846D+02
  4.774861090371D+02  4.772994654477D+02  4.770973616667D+02  4.768792340240D+02
  4.766445099814D+02  4.763926173373D+02  4.761229770125D+02  4.758350123876D+02
  4.755281422203D+02  4.752017901129D+02  4.748553775560D+02  4.744883335167D+02
  4.741000875983D+02  4.736900797369D+02  4.732577534601D+02  4.728025656721D+02
  4.723239799880D+02  4.718214765809D+02  4.712945455613D+02  4.707426968506D+02
  4.701654535669D+02  4.695623618816D+02  4.689329843636D+02  4.682769097664D+02
  4.675937462740D+02  4.668831311570D+02  4.661447238539D+02  4.653782154264D+02
  4.645833214019D+02  4.637597909505D+02  4.629073994081D+02  4.620259570913D+02
  4.611153014163D+02  4.601753052666D+02  4.592058686223D+02  4.582069263972D+02
  4.571784394990D+02  4.561204020615D+02  4.550328318685D+02  4.539157769241D+02
  4.527693052033D+02  4.515935105307D+02  4.503885016445D+02  4.491544074135D+02
  4.478913652645D+02  4.465995258177D+02  4.452790408041D+02  4.439300672892D+02
  4.425527553050D+02  4.411472519429D+02  4.397136890415D+02  4.382521875569D+02
  4.367628457824D+02  4.352457445358D+02  4.337009365112D+02  4.321284529327D+02
  4.305282947189D+02  4.289004412914D+02  4.272448442103D+02  4.255614387247D+02
  4.238501403425D+02  4.221108593985D+02  4.203435005831D+02  4.185479802360D+02
  4.167242281672D+02  4.148722065938D+02  4.129919127423D+02  4.110833975098D+02
  4.091467665882D+02  4.071821963682D+02  4.051899310403D+02  4.031702933339D+02
  4.011236755424D+02  3.990505436121D+02  3.969514213559D+02  3.948268880262D+02
  3.926775567667D+02  3.905040675884D+02  3.883070627146D+02  3.860871781505D+02
  3.838450193967D+02  3.815811551056D+02  3.792960964254D+02  3.769902955605D+02
  3.746641309641D+02  3.723179123327D+02  3.699518724586D+02  3.675661787797D+02
  3.651609313920D+02  3.627361801252D+02  3.602919272662D+02  3.578281484033D+02
  3.553447978963D+02  3.528418314092D+02  3.503192120133D+02  3.477769323229D+02
  3.452150192236D+02  3.426335537294D+02  3.400326725991D+02  3.374125843661D+02
  3.347735665136D+02  3.321159765573D+02  3.294402439202D+02  3.267468755008D+02
  3.240364419846D+02  3.213095779789D+02  3.185669632213D+02  3.158093181643D+02
  3.130373813906D+02  3.102519024668D+02  3.074536179174D+02  3.046432441441D+02
  3.018214552572D+02  2.989888797809D+02  2.961460842874D+02  2.932935778539D+02
  2.904318051405D+02  2.875611614752D+02  2.846819969631D+02  2.817946419508D+02
  2.788994196037D+02  2.759966765959D+02  2.730867964908D+02  2.701702260327D+02
  2.672474788173D+02  2.643191472776D+02  2.613858890204D+02  2.584484206770D+02
  2.555074878256D+02  2.525638464965D+02  2.496182265525D+02  2.466713132697D+02
  2.437237172238D+02  2.407759677447D+02  2.378284983867D+02  2.348816577687D+02
  2.319357123865D+02  2.289908731935D+02  2.260473114099D+02  2.231051946500D+02
  2.201647084979D+02  2.172260946640D+02  2.142896710733D+02  2.113558653832D+02
  2.084252277970D+02  2.054984551605D+02  2.025763927327D+02  1.996600461272D+02
  1.967505702486D+02  1.938492682594D+02  1.909575677454D+02  1.880770074944D+02
  1.852092024920D+02  1.823558208042D+02  1.795185403615D+02  1.766990196185D+02
  1.738988504951D+02  1.711195279859D+02  1.683624053505D+02  1.656286698432D+02
  1.629193085600D+02  1.602350999992D+02  1.575766014054D+02  1.549441674888D+02
  1.523379696675D+02  1.497580490048D+02  1.472043676818D+02  1.446768859862D+02
  1.421756225873D+02  1.397007191650D+02  1.372524651896D+02  1.348313080811D+02
  1.324378149970D+02  1.300726254632D+02  1.277363739195D+02  1.254296286303D+02
  1.231528258127D+02  1.209062390076D+02  1.186899531967D+02  1.165038747549D+02
  1.143477403663D+02  1.122211527299D+02  1.101236055450D+02  1.080545266243D+02
  1.060133034350D+02  1.039993218400D+02  1.020119841336D+02  1.000507384813D+02
  9.811508696289D+01  9.620460506405D+01  9.431894025832D+01  9.245782292164D+01
  9.062105736206D+01  8.880852630877D+01  8.702017666667D+01  8.525601985710D+01
  8.351611449387D+01  8.180056463286D+01  8.010950124857D+01  7.844308006633D+01
  7.680146329417D+01  7.518481826710D+01  7.359330044200D+01  7.202705364813D+01
  7.048619494185D+01  6.897081688140D+01  6.748097450490D+01  6.601668976331D+01
  6.457794065411D+01  6.316466776922D+01  6.177676549087D+01  6.041409052903D+01
  5.907645503341D+01  5.776363694966D+01  5.647537483285D+01  5.521137972244D+01
  5.397133121503D+01  5.275489020802D+01  5.156169532189D+01  5.039137533173D+01
  4.924354454614D+01  4.811781346301D+01  4.701378178689D+01  4.593104636164D+01
  4.486919144748D+01  4.382779434976D+01  4.280641325708D+01  4.180459243661D+01
  4.082184897006D+01
N_07 POTENTIAL                      exc: Vosko,Wilk,Nusair      
  1.68057905  6.33750000  1.68945972
   7.00000
   1.96292   0.9811931927   0.9240466117
353
 0.25000000D-01 0.29592158D-03
 2 1
    0  -2.69998930000D+01
    0  -4.29582100000D-01
  2.622127578750D+01  2.622164794673D+01  2.622202910470D+01  2.622244507046D+01
  2.622287634186D+01  2.622332082137D+01  2.622377719436D+01  2.622424597359D+01
  2.622472659866D+01  2.622521988165D+01  2.622572540798D+01  2.622624407275D+01
  2.622677551513D+01  2.622732066892D+01  2.622787920378D+01  2.622845207923D+01
  2.622903898785D+01  2.622964091033D+01  2.623025755943D+01  2.623088993540D+01
  2.623153777028D+01  2.623220208346D+01  2.623288262613D+01  2.623358043697D+01
  2.623429528663D+01  2.623502823345D+01  2.623577906805D+01  2.623654886904D+01
  2.623733744765D+01  2.623814590343D+01  2.623897406893D+01  2.623982306540D+01
  2.624069274750D+01  2.624158425900D+01  2.624249747748D+01  2.624343357007D+01
  2.624439243816D+01  2.624537527310D+01  2.624638200113D+01  2.624741384315D+01
  2.624847113207D+01  2.624955471779D+01  2.625066457877D+01  2.625180198482D+01
  2.625296694181D+01  2.625416074744D+01  2.625538343595D+01  2.625663633393D+01
  2.625791950497D+01  2.625923430550D+01  2.626058082944D+01  2.626196046405D+01
  2.626337333454D+01  2.626482085995D+01  2.626630319776D+01  2.626782179974D+01
  2.626937685659D+01  2.627096985374D+01  2.627260101602D+01  2.627427186344D+01
  2.627598265586D+01  2.627773494872D+01  2.627952903775D+01  2.628136651468D+01
  2.628324771190D+01  2.628517425817D+01  2.628714652329D+01  2.628916617376D+01
  2.629123361743D+01  2.629335055915D+01  2.629551744540D+01  2.629773601991D+01
  2.630000676821D+01  2.630233147329D+01  2.630471066012D+01  2.630714615119D+01
  2.630963851105D+01  2.631218960181D+01  2.631480002762D+01  2.631747169013D+01
  2.632020523289D+01  2.632300259677D+01  2.632586446433D+01  2.632879281513D+01
  2.633178837005D+01  2.633485314652D+01  2.633798790278D+01  2.634119469300D+01
  2.634447431149D+01  2.634782884768D+01  2.635125913026D+01  2.635476728207D+01
  2.635835416407D+01  2.636202193018D+01  2.636577147107D+01  2.636960496891D+01
  2.637352334100D+01  2.637752879436D+01  2.638162226924D+01  2.638580599349D+01
  2.639008092596D+01  2.639444931065D+01  2.639891211992D+01  2.640347160843D+01
  2.640812875616D+01  2.641288582212D+01  2.641774378710D+01  2.642270490718D+01
  2.642777015618D+01  2.643294177892D+01  2.643822073338D+01  2.644360924365D+01
  2.644910824175D+01  2.645471992029D+01  2.646044517396D+01  2.646628615175D+01
  2.647224369812D+01  2.647831990481D+01  2.648451555156D+01  2.649083265757D+01
  2.649727192167D+01  2.650383527334D+01  2.651052331243D+01  2.651733785962D+01
  2.652427939559D+01  2.653134961096D+01  2.653854884487D+01  2.654587863429D+01
  2.655333915201D+01  2.656093175524D+01  2.656865642298D+01  2.657651430392D+01
  2.658450515301D+01  2.659262987866D+01  2.660088797852D+01  2.660928008586D+01
  2.661780540451D+01  2.662646425440D+01  2.663525550558D+01  2.664417912283D+01
  2.665323359877D+01  2.666241849747D+01  2.667173188654D+01  2.668117287975D+01
  2.669073906802D+01  2.670042906096D+01  2.671023991681D+01  2.672016968274D+01
  2.673021482369D+01  2.674037276153D+01  2.675063930259D+01  2.676101117568D+01
  2.677148345836D+01  2.678205211366D+01  2.679271141515D+01  2.680345648232D+01
  2.681428070437D+01  2.682517827432D+01  2.683614161147D+01  2.684716389423D+01
  2.685823648134D+01  2.686935144332D+01  2.688049898250D+01  2.689166996326D+01
  2.690285333080D+01  2.691403864021D+01  2.692521347412D+01  2.693636597075D+01
  2.694748224042D+01  2.695854889275D+01  2.696955045224D+01  2.698047188467D+01
  2.699129601206D+01  2.700200603837D+01  2.701258296411D+01  2.702300811163D+01
  2.703326053958D+01  2.704331956818D+01  2.705316219382D+01  2.706276561471D+01
  2.707210464598D+01  2.708115424616D+01  2.708988693329D+01  2.709827531270D+01
  2.710628949466D+01  2.711389962404D+01  2.712107330017D+01  2.712777810902D+01
  2.713397904595D+01  2.713964105116D+01  2.714472643618D+01  2.714919742337D+01
  2.715301357699D+01  2.715613434779D+01  2.715851650956D+01  2.716011670975D+01
  2.716088891265D+01  2.716078695714D+01  2.715976200753D+01  2.715776511968D+01
  2.715474470070D+01  2.715064908459D+01  2.714542400212D+01  2.713901516728D+01
  2.713136575860D+01  2.712241901766D+01  2.711211574318D+01  2.710039690296D+01
  2.708720114194D+01  2.707246740879D+01  2.705613247927D+01  2.703813359859D+01
  2.701840602117D+01  2.699688566988D+01  2.697350669313D+01  2.694820414186D+01
  2.692091154469D+01  2.689156360332D+01  2.686009378621D+01  2.682643704264D+01
  2.679052741506D+01  2.675230077172D+01  2.671169243734D+01  2.666863994371D+01
  2.662308067789D+01  2.657495464958D+01  2.652420215537D+01  2.647076656112D+01
  2.641459198006D+01  2.635562606766D+01  2.629381771062D+01  2.622911983087D+01
  2.616148708171D+01  2.609087865661D+01  2.601725598780D+01  2.594058555483D+01
  2.586083657982D+01  2.577798382965D+01  2.569200530140D+01  2.560288501092D+01
  2.551061066097D+01  2.541517640827D+01  2.531658050572D+01  2.521482803920D+01
  2.510992853471D+01  2.500189865526D+01  2.489075976308D+01  2.477654056658D+01
  2.465927462735D+01  2.453900294669D+01  2.441577140685D+01  2.428963328730D+01
  2.416064662951D+01  2.402887667191D+01  2.389439312953D+01  2.375727253830D+01
  2.361759543996D+01  2.347544862766D+01  2.333092222864D+01  2.318411184443D+01
  2.303511552577D+01  2.288403580306D+01  2.273097655051D+01  2.257604490567D+01
  2.241934802330D+01  2.226099488679D+01  2.210109295723D+01  2.193974988499D+01
  2.177707006603D+01  2.161315626997D+01  2.144810612501D+01  2.128201369010D+01
  2.111496590358D+01  2.094704414369D+01  2.077832069611D+01  2.060886037107D+01
  2.043871707366D+01  2.026793557967D+01  2.009654833168D+01  1.992457751980D+01
  1.975203227445D+01  1.957891124776D+01  1.940520042094D+01  1.923087642053D+01
  1.905590517960D+01  1.888024621494D+01  1.870385233001D+01  1.852667496946D+01
  1.834866496802D+01  1.816977883105D+01  1.798998018153D+01  1.780924639280D+01
  1.762756992720D+01  1.744496430866D+01  1.726146420246D+01  1.707712954789D+01
  1.689204331090D+01  1.670631297176D+01  1.652006554225D+01  1.633344648384D+01
  1.614661256529D+01  1.595972922673D+01  1.577296260489D+01  1.558647681209D+01
  1.540042656288D+01  1.521495561382D+01  1.503019094351D+01  1.484624296257D+01
  1.466320151753D+01  1.448113784588D+01  1.430010215044D+01  1.412012689248D+01
  1.394122544593D+01  1.376339621249D+01  1.358662185698D+01  1.341087379125D+01
  1.323611159842D+01  1.306228755934D+01  1.288934600440D+01  1.271722768060D+01
  1.254586888055D+01  1.237520554324D+01  1.220517208866D+01  1.203570520861D+01
  1.186674238506D+01  1.169822536565D+01  1.153009837262D+01  1.136231127861D+01
  1.119481752808D+01  1.102757703931D+01  1.086055386668D+01  1.069371885845D+01
  1.052704708964D+01  1.036052030454D+01  1.019412414759D+01  1.002785041598D+01
  9.861694111277D+00  9.695655521172D+00  9.529737107269D+00  9.363945427041D+00
  9.198287863893D+00  9.032774390294D+00  8.867414135851D+00  8.702216982008D+00
  8.537189953804D+00  8.372338627724D+00  8.207663327515D+00  8.043160323390D+00
  7.878817813841D+00  7.714616971511D+00  7.550527494647D+00  7.386508763782D+00
  7.222505008640D+00
Vac0 POTENTIAL                      exc: Vosko,Wilk,Nusair      
  2.20033126  6.33750000  2.17664358
   0.00000
   2.40560   0.9811931927   0.9240466117
353
 0.25000000D-01 0.36265835D-03
 0 1
  8.824991070589D-01  8.824699440237D-01  8.824392810156D-01  8.824303673256D-01
  8.824253732493D-01  8.824231349732D-01  8.824213190256D-01  8.824210897905D-01
  8.824207833222D-01  8.824218265009D-01  8.824226807056D-01  8.824248421585D-01
  8.824268158700D-01  8.824301289715D-01  8.824333109609D-01  8.824379103827D-01
  8.824424770270D-01  8.824485798749D-01  8.824547903249D-01  8.824627008103D-01
  8.824709087256D-01  8.824810357451D-01  8.824917124632D-01  8.825045984423D-01
  8.825183678257D-01  8.825347302930D-01  8.825524178652D-01  8.825732072254D-01
  8.825959080563D-01  8.826223872494D-01  8.826515593531D-01  8.826854133433D-01
  8.827230060757D-01  8.827664925649D-01  8.828151235930D-01  8.828712808498D-01
  8.829344779038D-01  8.830072867181D-01  8.830818344165D-01  8.831150006172D-01
  8.830854352941D-01  8.830581635457D-01  8.830315699923D-01  8.830070583253D-01
  8.829830326748D-01  8.829609140576D-01  8.829391220037D-01  8.829190912735D-01
  8.828992536942D-01  8.828810550421D-01  8.828629370508D-01  8.828463544172D-01
  8.828297569251D-01  8.828146065522D-01  8.827993596867D-01  8.827854842993D-01
  8.827714422259D-01  8.827587064037D-01  8.827457432085D-01  8.827340297221D-01
  8.827220361122D-01  8.827112429455D-01  8.827001235923D-01  8.826901615552D-01
  8.826798329130D-01  8.826706236709D-01  8.826610122137D-01  8.826524866791D-01
  8.826435274300D-01  8.826356244319D-01  8.826272597409D-01  8.826199249064D-01
  8.826121034508D-01  8.826052882844D-01  8.825979642025D-01  8.825916253012D-01
  8.825847574811D-01  8.825788558733D-01  8.825724073441D-01  8.825669079279D-01
  8.825608453395D-01  8.825557164047D-01  8.825500095833D-01  8.825452224001D-01
  8.825398439685D-01  8.825353724315D-01  8.825302974804D-01  8.825261178029D-01
  8.825213236044D-01  8.825174140535D-01  8.825128798121D-01  8.825092204779D-01
  8.825049271139D-01  8.825014997007D-01  8.824974296614D-01  8.824942173144D-01
  8.824903544034D-01  8.824873415478D-01  8.824836707770D-01  8.824808429791D-01
  8.824773504361D-01  8.824746942758D-01  8.824713670054D-01  8.824688699660D-01
  8.824656958643D-01  8.824633462290D-01  8.824603139454D-01  8.824581007079D-01
  8.824551995581D-01  8.824531123364D-01  8.824503322214D-01  8.824483611814D-01
  8.824456925135D-01  8.824438282970D-01  8.824412619312D-01  8.824394955892D-01
  8.824370227561D-01  8.824353456851D-01  8.824329579321D-01  8.824313618142D-01
  8.824290509446D-01  8.824275276895D-01  8.824252857056D-01  8.824238273947D-01
  8.824216464425D-01  8.824202452732D-01  8.824181175878D-01  8.824167658186D-01
  8.824146836684D-01  8.824133735640D-01  8.824113291961D-01  8.824100529719D-01
  8.824080385553D-01  8.824067883193D-01  8.824047958868D-01  8.824035635820D-01
  8.824015849701D-01  8.824003623115D-01  8.823983890983D-01  8.823971675092D-01
  8.823951909465D-01  8.823939614902D-01  8.823919724343D-01  8.823907257409D-01
  8.823887145768D-01  8.823874407663D-01  8.823853973274D-01  8.823840859253D-01
  8.823819994068D-01  8.823806392539D-01  8.823784981180D-01  8.823770772729D-01
  8.823748691481D-01  8.823733747809D-01  8.823710863499D-01  8.823695046259D-01
  8.823671215051D-01  8.823654374589D-01  8.823629440661D-01  8.823611414624D-01
  8.823585208718D-01  8.823565820544D-01  8.823538158374D-01  8.823517215622D-01
  8.823487896131D-01  8.823465188650D-01  8.823433992096D-01  8.823409290017D-01
  8.823375975853D-01  8.823349027375D-01  8.823313331932D-01  8.823283860877D-01
  8.823245494802D-01  8.823213197938D-01  8.823171843373D-01  8.823136387442D-01
  8.823091694913D-01  8.823052713366D-01  8.823004298352D-01  8.822961387746D-01
  8.822908826890D-01  8.822861542912D-01  8.822804369842D-01  8.822752222911D-01
  8.822689923628D-01  8.822632374053D-01  8.822564381836D-01  8.822500834458D-01
  8.822426524234D-01  8.822356322518D-01  8.822275004657D-01  8.822197424157D-01
  8.822108337598D-01  8.822022578747D-01  8.821924883423D-01  8.821830063562D-01
  8.821722832021D-01  8.821617976593D-01  8.821500184744D-01  8.821384217567D-01
  8.821254734451D-01  8.821126466968D-01  8.820984043461D-01  8.820842162861D-01
  8.820685419186D-01  8.820528475278D-01  8.820355887206D-01  8.820182277911D-01
  8.819992161509D-01  8.819800116832D-01  8.819590611613D-01  8.819378175920D-01
  8.819147226211D-01  8.818912238649D-01  8.818657573010D-01  8.818397645864D-01
  8.818116754327D-01  8.817829249095D-01  8.817519358018D-01  8.817201358971D-01
  8.816859403235D-01  8.816507688186D-01  8.816130280467D-01  8.815741288468D-01
  8.815324685266D-01  8.814894480887D-01  8.814434544980D-01  8.813958778834D-01
  8.813450937762D-01  8.812924802854D-01  8.812364003033D-01  8.811782186509D-01
  8.811162842490D-01  8.810519472293D-01  8.809835410669D-01  8.809123996551D-01
  8.808368393938D-01  8.807581762245D-01  8.806747076702D-01  8.805877298258D-01
  8.804955193451D-01  8.803993503814D-01  8.802974765158D-01  8.801911476428D-01
  8.800785918339D-01  8.799610321620D-01  8.798366684935D-01  8.797066942451D-01
  8.795692780963D-01  8.794255806717D-01  8.792737361653D-01  8.791148689399D-01
  8.789470750543D-01  8.787714387709D-01  8.785860139741D-01  8.783918405773D-01
  8.781869258208D-01  8.779722605663D-01  8.777458004619D-01  8.775084821116D-01
  8.772582040928D-01  8.769958429870D-01  8.767192342338D-01  8.764291880073D-01
  8.761234698883D-01  8.758028165698D-01  8.754649163265D-01  8.751104245300D-01
  8.747369438938D-01  8.743450397761D-01  8.739322201742D-01  8.734989507915D-01
  8.730426347520D-01  8.725636274040D-01  8.720592157227D-01  8.715296328186D-01
  8.709720369922D-01  8.703865259113D-01  8.697701152758D-01  8.691227526238D-01
  8.684412955575D-01  8.677255251327D-01  8.669721235905D-01  8.661806872753D-01
  8.653477038098D-01  8.644725644781D-01  8.635515407694D-01  8.625837961534D-01
  8.615653619052D-01  8.604951481853D-01  8.593689190443D-01  8.581853027021D-01
  8.569397656096D-01  8.556306218035D-01  8.542530058764D-01  8.528048812555D-01
  8.512810119026D-01  8.496789693302D-01  8.479931028139D-01  8.462205449162D-01
  8.443551799417D-01  8.423936476844D-01  8.403293097911D-01  8.381582513767D-01
  8.358732448795D-01  8.334697490956D-01  8.309398700047D-01  8.282783566581D-01
  8.254765583174D-01  8.225284164808D-01  8.194244175031D-01  8.161575798532D-01
  8.127174011642D-01  8.090958395683D-01  8.052812538441D-01  8.012643773630D-01
  7.970322496433D-01  7.925741810424D-01  7.878756735730D-01  7.829243739689D-01
  7.777039810396D-01  7.722001840907D-01  7.663945533591D-01  7.602704599477D-01
  7.538069449460D-01  7.469846159892D-01  7.397794894779D-01  7.321688575354D-01
  7.241250962179D-01  7.156214949365D-01  7.066260216139D-01  6.971071044665D-01
  6.870273426009D-01  6.763492272980D-01  6.650287834429D-01  6.530212139972D-01
  6.402744537891D-01  6.267347165987D-01  6.123399381263D-01  5.970251999991D-01
  5.807160332113D-01  5.633336875276D-01  5.447882605880D-01  5.249837752009D-01
  5.038110934889D-01  4.811527583805D-01  4.568756536730D-01  4.308355569379D-01
  4.028694994983D-01  3.728002141081D-01  3.404274614229D-01  3.055330344738D-01
  2.678713013529D-01
Vac0 POTENTIAL                      exc: Vosko,Wilk,Nusair      
  1.68057905  6.33750000  1.68945972
   0.00000
   1.96292   0.9811931927   0.9240466117
353
 0.25000000D-01 0.29592158D-03
 0 1
  6.706251496176D-01  6.705819704792D-01  6.705372620236D-01  6.705237106578D-01
  6.705161957155D-01  6.705117094743D-01  6.705081825486D-01  6.705059673012D-01
  6.705039480648D-01  6.705028456526D-01  6.705017156991D-01  6.705013696546D-01
  6.705009159474D-01  6.705011993366D-01  6.705013508631D-01  6.705022317678D-01
  6.705029858421D-01  6.705044849057D-01  6.705058820740D-01  6.705080578383D-01
  6.705101738109D-01  6.705131190682D-01  6.705160642374D-01  6.705199080569D-01
  6.705238316816D-01  6.705287454679D-01  6.705338435243D-01  6.705400507591D-01
  6.705465776913D-01  6.705543678259D-01  6.705626528274D-01  6.705724003254D-01
  6.705828695225D-01  6.705950595653D-01  6.706082658054D-01  6.706235288663D-01
  6.706401914004D-01  6.706593265881D-01  6.706785288485D-01  6.706858376664D-01
  6.706762910528D-01  6.706676668908D-01  6.706590682893D-01  6.706513247440D-01
  6.706435455637D-01  6.706365657427D-01  6.706294994846D-01  6.706231861541D-01
  6.706167438619D-01  6.706110154824D-01  6.706051222723D-01  6.705999099412D-01
  6.705945023098D-01  6.705897474044D-01  6.705847711463D-01  6.705804234724D-01
  6.705758320391D-01  6.705718483603D-01  6.705676015385D-01  6.705639444088D-01
  6.705600072825D-01  6.705566441034D-01  6.705529862000D-01  6.705498884566D-01
  6.705464830619D-01  6.705436256937D-01  6.705404492806D-01  6.705378101761D-01
  6.705348419378D-01  6.705324015043D-01  6.705296229707D-01  6.705273637797D-01
  6.705247584916D-01  6.705226649836D-01  6.705202182189D-01  6.705182764523D-01
  6.705159750005D-01  6.705141724441D-01  6.705120044060D-01  6.705103297538D-01
  6.705082843803D-01  6.705067274024D-01  6.705047949483D-01  6.705033463558D-01
  6.705015179597D-01  6.705001692921D-01  6.704984368704D-01  6.704971803961D-01
  6.704955365476D-01  6.704943651781D-01  6.704928031073D-01  6.704917103218D-01
  6.704902237656D-01  6.704892035438D-01  6.704877867097D-01  6.704868334736D-01
  6.704854809854D-01  6.704845895457D-01  6.704832963922D-01  6.704824619044D-01
  6.704812233954D-01  6.704804413144D-01  6.704792530400D-01  6.704785190827D-01
  6.704773768781D-01  6.704766869888D-01  6.704755868988D-01  6.704749372154D-01
  6.704738754636D-01  6.704732622889D-01  6.704722352491D-01  6.704716550204D-01
  6.704706591877D-01  6.704701084516D-01  6.704691404169D-01  6.704686158013D-01
  6.704676722247D-01  6.704671704157D-01  6.704662480020D-01  6.704657657165D-01
  6.704648611896D-01  6.704643951532D-01  6.704635052326D-01  6.704630521522D-01
  6.704621735268D-01  6.704617300668D-01  6.704608593698D-01  6.704604221254D-01
  6.704595559076D-01  6.704591213783D-01  6.704582560806D-01  6.704578206418D-01
  6.704569525662D-01  6.704565124393D-01  6.704556377189D-01  6.704551889399D-01
  6.704543035055D-01  6.704538418915D-01  6.704529414377D-01  6.704524625510D-01
  6.704515424977D-01  6.704510416066D-01  6.704500970595D-01  6.704495690960D-01
  6.704485948024D-01  6.704480343167D-01  6.704470246178D-01  6.704464257289D-01
  6.704453745077D-01  6.704447308488D-01  6.704436314734D-01  6.704429361323D-01
  6.704417813940D-01  6.704410268480D-01  6.704398088926D-01  6.704389869374D-01
  6.704376971908D-01  6.704367988618D-01  6.704354279475D-01  6.704344434338D-01
  6.704329810824D-01  6.704318996314D-01  6.704303345813D-01  6.704291443946D-01
  6.704274642818D-01  6.704261523998D-01  6.704243436372D-01  6.704228958122D-01
  6.704209434563D-01  6.704193440122D-01  6.704172316160D-01  6.704154632940D-01
  6.704131727443D-01  6.704112165324D-01  6.704087278710D-01  6.704065628154D-01
  6.704038540415D-01  6.704014570391D-01  6.703985038900D-01  6.703958494591D-01
  6.703926251700D-01  6.703896851958D-01  6.703861602329D-01  6.703829036889D-01
  6.703790454551D-01  6.703754380927D-01  6.703712106027D-01  6.703672146099D-01
  6.703625781308D-01  6.703581517550D-01  6.703530624097D-01  6.703481595397D-01
  6.703425688682D-01  6.703371385740D-01  6.703309930489D-01  6.703249790719D-01
  6.703182195630D-01  6.703115597533D-01  6.703041209355D-01  6.702967466296D-01
  6.702885563292D-01  6.702803916625D-01  6.702713701342D-01  6.702623312811D-01
  6.702523904089D-01  6.702423847429D-01  6.702314271576D-01  6.702203523225D-01
  6.702082704250D-01  6.701960133094D-01  6.701826881922D-01  6.701691237945D-01
  6.701544240489D-01  6.701394142237D-01  6.701231946215D-01  6.701065866936D-01
  6.700886867294D-01  6.700703119612D-01  6.700505542416D-01  6.700302261386D-01
  6.700084146006D-01  6.699859270392D-01  6.699618449807D-01  6.699369701365D-01
  6.699103780390D-01  6.698828640975D-01  6.698534972180D-01  6.698230658426D-01
  6.697906315512D-01  6.697569750832D-01  6.697211499190D-01  6.696839282816D-01
  6.696443546960D-01  6.696031919695D-01  6.695594747254D-01  6.695139553598D-01
  6.694656575478D-01  6.694153221731D-01  6.693619608048D-01  6.693063015964D-01
  6.692473427297D-01  6.691857982806D-01  6.691206516256D-01  6.690526012721D-01
  6.689806142229D-01  6.689053717663D-01  6.688258227950D-01  6.687426295517D-01
  6.686547208971D-01  6.685627380060D-01  6.684655875793D-01  6.683638874847D-01
  6.682565199067D-01  6.681440769264D-01  6.680254136020D-01  6.679010934808D-01
  6.677699416032D-01  6.676324899395D-01  6.674875303077D-01  6.673355597275D-01
  6.671753332432D-01  6.670073091841D-01  6.668302018820D-01  6.666444268281D-01
  6.664486532731D-01  6.662432492687D-01  6.660268341363D-01  6.657997233806D-01
  6.655604810117D-01  6.653093643155D-01  6.650448760125D-01  6.647672088684D-01
  6.644747976704D-01  6.641677636585D-01  6.638444662980D-01  6.635049475103D-01
  6.631474832173D-01  6.627720273460D-01  6.623767631179D-01  6.619615468005D-01
  6.615244587085D-01  6.610652466706D-01  6.605818767074D-01  6.600739761764D-01
  6.595393840852D-01  6.589775938729D-01  6.583863033107D-01  6.577648568720D-01
  6.571107951649D-01  6.564232968349D-01  6.556997274660D-01  6.549390809499D-01
  6.541385277821D-01  6.532968558210D-01  6.524110178918D-01  6.514795718459D-01
  6.504992273704D-01  6.494682852409D-01  6.483831832156D-01  6.472419343560D-01
  6.460406718612D-01  6.447770863047D-01  6.434469692375D-01  6.420476491587D-01
  6.405745336810D-01  6.390245440140D-01  6.373926554423D-01  6.356753300536D-01
  6.338670552242D-01  6.319637742646D-01  6.299594225387D-01  6.278493556230D-01
  6.256268826015D-01  6.232866912388D-01  6.208213778817D-01  6.182248690257D-01
  6.154889471170D-01  6.126066677365D-01  6.095688804184D-01  6.063676404792D-01
  6.029927237427D-01  5.994350317885D-01  5.956830991855D-01  5.917264906066D-01
  5.875522988026D-01  5.831485316127D-01  5.785005984304D-01  5.735946845990D-01
  5.684142235051D-01  5.629432551493D-01  5.571628802016D-01  5.510545986314D-01
  5.445967410228D-01  5.377677819693D-01  5.305427425970D-01  5.228964718939D-01
  5.148000126336D-01  5.062238418105D-01  4.971341898654D-01  4.874962287939D-01
  4.772703316041D-01  4.664151932889D-01  4.548840135830D-01  4.426275316823D-01
  4.295901104484D-01  4.157126595912D-01  4.009285963063D-01  3.851666205200D-01
  3.683465129557D-01  3.503818865336D-01  3.311752278780D-01  3.106211611242D-01
  2.886007611289D-01
