In49 POTENTIAL                      exc: Vosko,Wilk,Nusair      
  2.31897314  6.66250000  2.29182178
  49.00000
   2.53289   0.8007018828   0.8498776284
353
 0.25000000D-01 0.38184860D-03
 9 1
    0  -1.96656160000D+03
    0  -2.87428550000D+02
    0  -5.37136240000D+01
    0  -7.39818510000D+00
    1  -2.68528840000D+02
    1  -4.59639090000D+01
    1  -4.86454470000D+00
    2  -3.15522220000D+01
    2  -7.38539920000D-01
  4.724941001655D+02  4.725211480325D+02  4.725488123269D+02  4.725770992006D+02
  4.726060174810D+02  4.726355811997D+02  4.726658001136D+02  4.726966883629D+02
  4.727282559346D+02  4.727605171044D+02  4.727934820185D+02  4.728271650543D+02
  4.728615764651D+02  4.728967306901D+02  4.729326380382D+02  4.729693129626D+02
  4.730067657710D+02  4.730450108746D+02  4.730840585162D+02  4.731239230000D+02
  4.731646144328D+02  4.732061469370D+02  4.732485304024D+02  4.732917786854D+02
  4.733359013675D+02  4.733809119430D+02  4.734268195828D+02  4.734736373110D+02
  4.735213737728D+02  4.735700414009D+02  4.736196481858D+02  4.736702058329D+02
  4.737217215342D+02  4.737742061163D+02  4.738276658121D+02  4.738821104009D+02
  4.739375449785D+02  4.739939780891D+02  4.740514134942D+02  4.741098582956D+02
  4.741693147102D+02  4.742297881594D+02  4.742912790580D+02  4.743537909116D+02
  4.744173220760D+02  4.744818738546D+02  4.745474422528D+02  4.746140260666D+02
  4.746816186320D+02  4.747502159039D+02  4.748198081996D+02  4.748903882684D+02
  4.749619430285D+02  4.750344616263D+02  4.751079271663D+02  4.751823247604D+02
  4.752576332501D+02  4.753338332446D+02  4.754108988350D+02  4.754888056220D+02
  4.755675224206D+02  4.756470192769D+02  4.757272591635D+02  4.758082059848D+02
  4.758898162630D+02  4.759720471312D+02  4.760548480098D+02  4.761381685882D+02
  4.762219504902D+02  4.763061352442D+02  4.763906559388D+02  4.764754451808D+02
  4.765604267406D+02  4.766455234988D+02  4.767306490817D+02  4.768157157968D+02
  4.769006262587D+02  4.769852813138D+02  4.770695716580D+02  4.771533857514D+02
  4.772366014277D+02  4.773190938011D+02  4.774007268685D+02  4.774813614095D+02
  4.775608465834D+02  4.776390278241D+02  4.777157384339D+02  4.777908074753D+02
  4.778640513642D+02  4.779352817615D+02  4.780042971681D+02  4.780708908196D+02
  4.781348422870D+02  4.781959253777D+02  4.782538997463D+02  4.783085188062D+02
  4.783595213544D+02  4.784066394993D+02  4.784495903053D+02  4.784880837417D+02
  4.785218143525D+02  4.785504692338D+02  4.785737197350D+02  4.785912294716D+02
  4.786026460654D+02  4.786076091998D+02  4.786057424074D+02  4.785966611762D+02
  4.785799647929D+02  4.785552445090D+02  4.785220754490D+02  4.784800248456D+02
  4.784286440223D+02  4.783674767076D+02  4.782960511020D+02  4.782138882804D+02
  4.781204943534D+02  4.780153689686D+02  4.778979975750D+02  4.777678600323D+02
  4.776244229880D+02  4.774671486034D+02  4.772954870512D+02  4.771088853651D+02
  4.769067800653D+02  4.766886061372D+02  4.764537897888D+02  4.762017575625D+02
  4.759319292256D+02  4.756437270159D+02  4.753365686641D+02  4.750098767692D+02
  4.746630719469D+02  4.742955823267D+02  4.739068368166D+02  4.734962747073D+02
  4.730633390362D+02  4.726074862800D+02  4.721281797939D+02  4.716248995646D+02
  4.710971356951D+02  4.705443981828D+02  4.699662104091D+02  4.693621189003D+02
  4.687316867733D+02  4.680745034260D+02  4.673901778829D+02  4.666783483519D+02
  4.659386754040D+02  4.651708513266D+02  4.643745930620D+02  4.635496512793D+02
  4.626958029907D+02  4.618128602590D+02  4.609006624057D+02  4.599590842685D+02
  4.589880279166D+02  4.579874303737D+02  4.569572547613D+02  4.558974974135D+02
  4.548081783810D+02  4.536893478811D+02  4.525410761256D+02  4.513634590776D+02
  4.501566075907D+02  4.489206525035D+02  4.476557331427D+02  4.463620018364D+02
  4.450396119094D+02  4.436887217889D+02  4.423094827194D+02  4.409020427444D+02
  4.394665344862D+02  4.380030794160D+02  4.365117761784D+02  4.349927056943D+02
  4.334459206340D+02  4.318714520057D+02  4.302693004615D+02  4.286394450604D+02
  4.269818370654D+02  4.252964114664D+02  4.235830837254D+02  4.218417643259D+02
  4.200723584788D+02  4.182747833895D+02  4.164489702376D+02  4.145948830577D+02
  4.127125214581D+02  4.108019391727D+02  4.088632452411D+02  4.068966197361D+02
  4.049023108545D+02  4.028806454172D+02  4.008320198352D+02  3.987569039264D+02
  3.966558250570D+02  3.945293654543D+02  3.923781406208D+02  3.902027921066D+02
  3.880039628902D+02  3.857822888293D+02  3.835383744996D+02  3.812727868201D+02
  3.789860346015D+02  3.766785671431D+02  3.743507596801D+02  3.720029184465D+02
  3.696352727991D+02  3.672479868328D+02  3.648411576476D+02  3.624148324606D+02
  3.599690115445D+02  3.575036690609D+02  3.550187586929D+02  3.525142361133D+02
  3.499900651929D+02  3.474462400171D+02  3.448827896660D+02  3.422997979015D+02
  3.396974047897D+02  3.370758225186D+02  3.344353325445D+02  3.317762964333D+02
  3.290991476855D+02  3.264043970513D+02  3.236926187888D+02  3.209644505544D+02
  3.182205745790D+02  3.154617130419D+02  3.126886055023D+02  3.099020016058D+02
  3.071026371533D+02  3.042912269668D+02  3.014684429209D+02  2.986349107084D+02
  2.957911937903D+02  2.929377980193D+02  2.900751651184D+02  2.872036879815D+02
  2.843237151789D+02  2.814355765655D+02  2.785395961065D+02  2.756361224887D+02
  2.727255424692D+02  2.698083067820D+02  2.668849334867D+02  2.639560193464D+02
  2.610222257330D+02  2.580842719013D+02  2.551429046549D+02  2.521988795693D+02
  2.492529244851D+02  2.463057211902D+02  2.433578757649D+02  2.404099124002D+02
  2.374622594822D+02  2.345152608417D+02  2.315691791261D+02  2.286242226573D+02
  2.256805616142D+02  2.227383642239D+02  2.197978184891D+02  2.168591701945D+02
  2.139227429536D+02  2.109889714073D+02  2.080584138572D+02  2.051317759351D+02
  2.022099121144D+02  1.992938371771D+02  1.963847148684D+02  1.934838563942D+02
  1.905926963337D+02  1.877127789981D+02  1.848457232462D+02  1.819931990378D+02
  1.791568841477D+02  1.763384346276D+02  1.735394378284D+02  1.707613819880D+02
  1.680056117076D+02  1.652733038957D+02  1.625654341701D+02  1.598827689300D+02
  1.572258535637D+02  1.545950319586D+02  1.519904667926D+02  1.494121932595D+02
  1.468601712935D+02  1.443343626770D+02  1.418347910338D+02  1.393616053252D+02
  1.369151031693D+02  1.344957391228D+02  1.321040849759D+02  1.297407812412D+02
  1.274064594950D+02  1.251016815960D+02  1.228268748289D+02  1.205823023252D+02
  1.183680384108D+02  1.161839794026D+02  1.140298532998D+02  1.119052557928D+02
  1.098096755122D+02  1.077425370262D+02  1.057032263385D+02  1.036911293125D+02
  1.017056495522D+02  9.974623748067D+01  9.781239823366D+01  9.590371082844D+01
  9.401982665639D+01  9.216048014808D+01  9.032547979350D+01  8.851471246328D+01
  8.672812923442D+01  8.496574564013D+01  8.322762448874D+01  8.151387408777D+01
  7.982462992146D+01  7.816005250788D+01  7.652030937402D+01  7.490557375880D+01
  7.331600787603D+01  7.175176323875D+01  7.021296578632D+01  6.869971822451D+01
  6.721208725182D+01  6.575010801445D+01  6.431377342097D+01  6.290304061511D+01
  6.151782222042D+01  6.015799463089D+01  5.882339096026D+01  5.751381090707D+01
  5.622901514619D+01  5.496873647117D+01  5.373267527001D+01  5.252051148809D+01
  5.133190059343D+01  5.016648559870D+01  4.902389258922D+01  4.790374175829D+01
  4.680564143402D+01  4.572919718873D+01  4.467400370901D+01  4.363965172455D+01
  4.262571792696D+01  4.163177045902D+01  4.065735737067D+01  3.970201219012D+01
  3.876524184982D+01
N_07 POTENTIAL                      exc: Vosko,Wilk,Nusair      
  1.76095821  6.66250000  1.77099661
   7.00000
   2.05765   0.8007018828   0.8498776284
353
 0.25000000D-01 0.31020338D-03
 2 1
    0  -2.69998930000D+01
    0  -4.29582100000D-01
  2.602658843168D+01  2.602697981827D+01  2.602738073888D+01  2.602781723490D+01
  2.602826967347D+01  2.602873581258D+01  2.602921445320D+01  2.602970599970D+01
  2.603021001793D+01  2.603072721603D+01  2.603125730803D+01  2.603180108661D+01
  2.603235832073D+01  2.603292984274D+01  2.603351545291D+01  2.603411601010D+01
  2.603473133828D+01  2.603536231822D+01  2.603600879480D+01  2.603667166912D+01
  2.603735080605D+01  2.603804712658D+01  2.603876051550D+01  2.603949191382D+01
  2.604024122656D+01  2.604100941521D+01  2.604179640552D+01  2.604260318004D+01
  2.604342968595D+01  2.604427692753D+01  2.604514487413D+01  2.604603455258D+01
  2.604694595516D+01  2.604788013207D+01  2.604883709939D+01  2.604981793154D+01
  2.605082266929D+01  2.605185241217D+01  2.605290722671D+01  2.605398824162D+01
  2.605509593577D+01  2.605623106567D+01  2.605739375189D+01  2.605858517521D+01
  2.605980548456D+01  2.606105588953D+01  2.606233656840D+01  2.606364876056D+01
  2.606499267458D+01  2.606636958064D+01  2.606777971857D+01  2.606922439032D+01
  2.607070386794D+01  2.607221948608D+01  2.607377154998D+01  2.607536142792D+01
  2.607698945926D+01  2.607865704682D+01  2.608036456494D+01  2.608211345189D+01
  2.608390411784D+01  2.608573803732D+01  2.608761565715D+01  2.608953848887D+01
  2.609150701669D+01  2.609352278988D+01  2.609558633071D+01  2.609769922678D+01
  2.609986203896D+01  2.610207639374D+01  2.610434289108D+01  2.610666319670D+01
  2.610903795000D+01  2.611146885623D+01  2.611395659439D+01  2.611650290939D+01
  2.611910851983D+01  2.612177521018D+01  2.612450373850D+01  2.612729592854D+01
  2.613015257740D+01  2.613307554758D+01  2.613606567456D+01  2.613912485879D+01
  2.614225397319D+01  2.614545495504D+01  2.614872871343D+01  2.615207722101D+01
  2.615550142137D+01  2.615900332068D+01  2.616258389496D+01  2.616624518161D+01
  2.616998818653D+01  2.617381497554D+01  2.617772658136D+01  2.618172509489D+01
  2.618581157199D+01  2.618998812465D+01  2.619425582759D+01  2.619861680923D+01
  2.620307215808D+01  2.620762401355D+01  2.621227347211D+01  2.621702267784D+01
  2.622187272845D+01  2.622682576549D+01  2.623188288011D+01  2.623704620308D+01
  2.624231681019D+01  2.624769681198D+01  2.625318725885D+01  2.625879023046D+01
  2.626450674047D+01  2.627033882555D+01  2.627628744985D+01  2.628235459350D+01
  2.628854115671D+01  2.629484904786D+01  2.630127908711D+01  2.630783309403D+01
  2.631451179071D+01  2.632131688893D+01  2.632824899267D+01  2.633530968474D+01
  2.634249942872D+01  2.634981965498D+01  2.635727066203D+01  2.636485370183D+01
  2.637256888047D+01  2.638041724285D+01  2.638839867255D+01  2.639651397579D+01
  2.640476278053D+01  2.641314561959D+01  2.642166182895D+01  2.643031162999D+01
  2.643909402689D+01  2.644800888797D+01  2.645705484214D+01  2.646623135925D+01
  2.647553664557D+01  2.648496972307D+01  2.649452832385D+01  2.650421096837D+01
  2.651401485877D+01  2.652393795592D+01  2.653397687158D+01  2.654412894436D+01
  2.655439013056D+01  2.656475707899D+01  2.657522502054D+01  2.658578984170D+01
  2.659644597297D+01  2.660718846097D+01  2.661801085564D+01  2.662890728105D+01
  2.663987032124D+01  2.665089308980D+01  2.666196711442D+01  2.667308440515D+01
  2.668423533769D+01  2.669541072047D+01  2.670659967667D+01  2.671779171014D+01
  2.672897458629D+01  2.674013639691D+01  2.675126344006D+01  2.676234228390D+01
  2.677335764570D+01  2.678429445487D+01  2.679513573126D+01  2.680586464762D+01
  2.681646240739D+01  2.682691030682D+01  2.683718761256D+01  2.684727362377D+01
  2.685714554981D+01  2.686678057270D+01  2.687615372534D+01  2.688523995469D+01
  2.689401200107D+01  2.690244246253D+01  2.691050167572D+01  2.691815978210D+01
  2.692538461094D+01  2.693214374808D+01  2.693840242175D+01  2.694412557458D+01
  2.694927575309D+01  2.695381518373D+01  2.695770366693D+01  2.696090065815D+01
  2.696336316737D+01  2.696504784612D+01  2.696590889360D+01  2.696590015073D+01
  2.696497301388D+01  2.696307853728D+01  2.696016535554D+01  2.695618179553D+01
  2.695107380902D+01  2.694478709532D+01  2.693726504530D+01  2.692845087609D+01
  2.691828558777D+01  2.690671011143D+01  2.689366327991D+01  2.687908399034D+01
  2.686290919019D+01  2.684507605560D+01  2.682551999372D+01  2.680417683798D+01
  2.678098086772D+01  2.675586702116D+01  2.672876893320D+01  2.669962116674D+01
  2.666835726905D+01  2.663491202184D+01  2.659921951630D+01  2.656121542182D+01
  2.652083507947D+01  2.647801578877D+01  2.643269491880D+01  2.638481221195D+01
  2.633430791116D+01  2.628112507890D+01  2.622520773848D+01  2.616650320572D+01
  2.610496024145D+01  2.604053139255D+01  2.597317115184D+01  2.590283830441D+01
  2.582949409023D+01  2.575310455056D+01  2.567363868772D+01  2.559107080558D+01
  2.550537865989D+01  2.541654578572D+01  2.532455963099D+01  2.522941386287D+01
  2.513110647601D+01  2.502964206923D+01  2.492502991926D+01  2.481728621810D+01
  2.470643210251D+01  2.459249584199D+01  2.447551081367D+01  2.435551763056D+01
  2.423256205118D+01  2.410669703817D+01  2.397798059212D+01  2.384647772926D+01
  2.371225823076D+01  2.357539853016D+01  2.343597936835D+01  2.329408758267D+01
  2.314981365984D+01  2.300325341989D+01  2.285450546123D+01  2.270367273485D+01
  2.255085987833D+01  2.239617467852D+01  2.223972529471D+01  2.208162161209D+01
  2.192197235880D+01  2.176088635779D+01  2.159846954880D+01  2.143482615385D+01
  2.127005562413D+01  2.110425374510D+01  2.093750954154D+01  2.076990636410D+01
  2.060151880492D+01  2.043241383081D+01  2.026264778980D+01  2.009226768913D+01
  1.992130841159D+01  1.974979428049D+01  1.957773665306D+01  1.940513596552D+01
  1.923197992085D+01  1.905824625039D+01  1.888390174166D+01  1.870890595496D+01
  1.853321129846D+01  1.835676784337D+01  1.817952448616D+01  1.800143475340D+01
  1.782245874918D+01  1.764256942026D+01  1.746175451739D+01  1.728002232574D+01
  1.709740248086D+01  1.691394994426D+01  1.672974353324D+01  1.654488723736D+01
  1.635950594073D+01  1.617374404442D+01  1.598775886695D+01  1.580171753297D+01
  1.561578936641D+01  1.543014254373D+01  1.524493697640D+01  1.506032205758D+01
  1.487643107501D+01  1.469338074255D+01  1.451126748008D+01  1.433016875131D+01
  1.415014098341D+01  1.397122231256D+01  1.379343164798D+01  1.361677229544D+01
  1.344123164856D+01  1.326678521705D+01  1.309339653349D+01  1.292102124265D+01
  1.274960694772D+01  1.257909714680D+01  1.240943085896D+01  1.224054629433D+01
  1.207238018368D+01  1.190487113533D+01  1.173795864481D+01  1.157158613269D+01
  1.140569964138D+01  1.124025057059D+01  1.107519408484D+01  1.091049157464D+01
  1.074610880592D+01  1.058201813973D+01  1.041819645723D+01  1.025462717139D+01
  1.009129796013D+01  9.928202601432D+00  9.765338544010D+00  9.602708592724D+00
  9.440318340969D+00  9.278177726960D+00  9.116298344636D+00  8.954694883277D+00
  8.793382324625D+00  8.632377268432D+00  8.471695013115D+00  8.311350759135D+00
  8.151356560010D+00  7.991722385573D+00  7.832452922628D+00  7.673548473872D+00
  7.515001584442D+00  7.356797804179D+00  7.198911967413D+00  7.041308990598D+00
  6.883939822384D+00
Vac0 POTENTIAL                      exc: Vosko,Wilk,Nusair      
  2.31897314  6.66250000  2.29182178
   0.00000
   2.53289   0.8007018828   0.8498776284
353
 0.25000000D-01 0.38184860D-03
 0 1
  7.879439058662D-01  7.879191318976D-01  7.878929127975D-01  7.878854172402D-01
  7.878811320083D-01  7.878793943840D-01  7.878778814449D-01  7.878779195110D-01
  7.878777583520D-01  7.878789490909D-01  7.878798489812D-01  7.878820686269D-01
  7.878840027871D-01  7.878872886043D-01  7.878903419395D-01  7.878948183432D-01
  7.878991509989D-01  7.879050129796D-01  7.879108558240D-01  7.879183724812D-01
  7.879260364571D-01  7.879355652724D-01  7.879454602353D-01  7.879574704874D-01
  7.879701335068D-01  7.879852399226D-01  7.880013749410D-01  7.880203842663D-01
  7.880409166826D-01  7.880648914790D-01  7.880910427339D-01  7.881213886646D-01
  7.881547782779D-01  7.881933634895D-01  7.882361489413D-01  7.882854678879D-01
  7.883405346534D-01  7.884038330448D-01  7.884683367197D-01  7.884957321708D-01
  7.884678244818D-01  7.884421770742D-01  7.884170698328D-01  7.883940233699D-01
  7.883713359600D-01  7.883505445417D-01  7.883299619085D-01  7.883111379509D-01
  7.882923970479D-01  7.882752994786D-01  7.882581789550D-01  7.882426041654D-01
  7.882269164086D-01  7.882126912368D-01  7.881982761685D-01  7.881852524049D-01
  7.881719726014D-01  7.881600226417D-01  7.881477594531D-01  7.881367728255D-01
  7.881254232679D-01  7.881153038511D-01  7.881047780952D-01  7.880954418438D-01
  7.880856611717D-01  7.880770342782D-01  7.880679294112D-01  7.880599467797D-01
  7.880514564944D-01  7.880440604876D-01  7.880361304709D-01  7.880292698643D-01
  7.880218517595D-01  7.880154808622D-01  7.880085314647D-01  7.880026093884D-01
  7.879960899671D-01  7.879905799990D-01  7.879844557279D-01  7.879793248017D-01
  7.879735642658D-01  7.879687825154D-01  7.879633572949D-01  7.879588976590D-01
  7.879537819711D-01  7.879496198667D-01  7.879447902539D-01  7.879409032824D-01
  7.879363383448D-01  7.879327060454D-01  7.879283862055D-01  7.879249898345D-01
  7.879208971342D-01  7.879177194741D-01  7.879138373946D-01  7.879108625851D-01
  7.879071758886D-01  7.879043892789D-01  7.879008838682D-01  7.878982718849D-01
  7.878949346802D-01  7.878924847072D-01  7.878893035320D-01  7.878870038092D-01
  7.878839672924D-01  7.878818068159D-01  7.878789043015D-01  7.878768727388D-01
  7.878740942005D-01  7.878721818149D-01  7.878695177832D-01  7.878677153568D-01
  7.878651568493D-01  7.878634556176D-01  7.878609940735D-01  7.878593856636D-01
  7.878570128828D-01  7.878554892538D-01  7.878531973403D-01  7.878517507274D-01
  7.878495320340D-01  7.878481548940D-01  7.878460019690D-01  7.878446869290D-01
  7.878425924652D-01  7.878413322710D-01  7.878392890543D-01  7.878380765196D-01
  7.878360773788D-01  7.878349053344D-01  7.878329430899D-01  7.878318043322D-01
  7.878298717437D-01  7.878287589833D-01  7.878268486976D-01  7.878257545031D-01
  7.878238589976D-01  7.878227757411D-01  7.878208872672D-01  7.878198070645D-01
  7.878179175871D-01  7.878168322349D-01  7.878149333667D-01  7.878138342778D-01
  7.878119172123D-01  7.878107953429D-01  7.878088507805D-01  7.878076965550D-01
  7.878057146243D-01  7.878045178534D-01  7.878024880247D-01  7.878012378162D-01
  7.877991488103D-01  7.877978334724D-01  7.877956731590D-01  7.877942800953D-01
  7.877920353832D-01  7.877905509781D-01  7.877882076956D-01  7.877866171880D-01
  7.877841599508D-01  7.877824472976D-01  7.877798593654D-01  7.877780070894D-01
  7.877752702071D-01  7.877732592319D-01  7.877703534562D-01  7.877681629238D-01
  7.877650664318D-01  7.877626735018D-01  7.877593623804D-01  7.877567420093D-01
  7.877531900236D-01  7.877503147211D-01  7.877464930588D-01  7.877433326200D-01
  7.877392096095D-01  7.877357308186D-01  7.877312716184D-01  7.877274379226D-01
  7.877226041783D-01  7.877183753274D-01  7.877131247937D-01  7.877084564425D-01
  7.877027425650D-01  7.876975858346D-01  7.876913572888D-01  7.876856582819D-01
  7.876788584640D-01  7.876725577297D-01  7.876651241937D-01  7.876581561363D-01
  7.876500199734D-01  7.876423121991D-01  7.876333973508D-01  7.876248699470D-01
  7.876150924470D-01  7.876056571846D-01  7.875949243213D-01  7.875844837745D-01
  7.875726931649D-01  7.875611397383D-01  7.875481783056D-01  7.875353931586D-01
  7.875211360017D-01  7.875069878606D-01  7.874912970054D-01  7.874756408505D-01
  7.874583638690D-01  7.874410394835D-01  7.874220079689D-01  7.874028383347D-01
  7.873818662152D-01  7.873606557411D-01  7.873375374166D-01  7.873140699788D-01
  7.872885782610D-01  7.872626150382D-01  7.872344988746D-01  7.872057759544D-01
  7.871747579118D-01  7.871429836454D-01  7.871087571286D-01  7.870736092062D-01
  7.870358353834D-01  7.869969576022D-01  7.869552620063D-01  7.869122606964D-01
  7.868662294678D-01  7.868186695420D-01  7.867678452750D-01  7.867152458615D-01
  7.866591230117D-01  7.866009526252D-01  7.865389724326D-01  7.864746436360D-01
  7.864061885112D-01  7.863350520122D-01  7.862594393292D-01  7.861807774533D-01
  7.860972526857D-01  7.860102721581D-01  7.859180012883D-01  7.858218252514D-01
  7.857198863760D-01  7.856135455612D-01  7.855009196065D-01  7.853833425689D-01
  7.852589030201D-01  7.851289053369D-01  7.849914068773D-01  7.848476791973D-01
  7.846957451380D-01  7.845368399599D-01  7.843689483312D-01  7.841932653718D-01
  7.840077335310D-01  7.838135035314D-01  7.836084711253D-01  7.833937379259D-01
  7.831671480296D-01  7.829297487228D-01  7.826793269544D-01  7.824168699053D-01
  7.821401012943D-01  7.818499417943D-01  7.815440451534D-01  7.812232584416D-01
  7.808851579652D-01  7.805305093245D-01  7.801568030996D-01  7.797647146961D-01
  7.793516397761D-01  7.789181538685D-01  7.784615475144D-01  7.779822856145D-01
  7.774775422560D-01  7.769476597646D-01  7.763896831755D-01  7.758038189532D-01
  7.751869690634D-01  7.745391893196D-01  7.738572230049D-01  7.731409587975D-01
  7.723869638857D-01  7.715949414158D-01  7.707612630322D-01  7.698854257838D-01
  7.689635840097D-01  7.679950056264D-01  7.669756032674D-01  7.659043898578D-01
  7.647770088974D-01  7.635921892123D-01  7.623452742491D-01  7.610346758678D-01
  7.596554024872D-01  7.582055117549D-01  7.566796373469D-01  7.550754403126D-01
  7.533871342869D-01  7.516119352573D-01  7.497435848909D-01  7.477787984074D-01
  7.457107856476D-01  7.435356966560D-01  7.412461400242D-01  7.388376256799D-01
  7.363020799173D-01  7.336342847579D-01  7.308253889226D-01  7.278693429569D-01
  7.247564052029D-01  7.214795716599D-01  7.180280757607D-01  7.143938116563D-01
  7.105648262773D-01  7.065317343708D-01  7.022812009122D-01  6.978023457618D-01
  6.930802139637D-01  6.881021672969D-01  6.828513393222D-01  6.773130103434D-01
  6.714680431947D-01  6.652992371523D-01  6.587847393391D-01  6.519043718713D-01
  6.446330123176D-01  6.369468867450D-01  6.288169108157D-01  6.202149393031D-01
  6.111070570199D-01  6.014597726806D-01  5.912332457857D-01  5.803874092548D-01
  5.688751144842D-01  5.566481628059D-01  5.436503460299D-01  5.298233613599D-01
  5.150997187339D-01  4.994085073159D-01  4.826681339026D-01  4.647919018003D-01
  4.456805369826D-01  4.252275318900D-01  4.033114131234D-01  3.798007914758D-01
  3.545463147230D-01  3.273855394312D-01  2.981339889190D-01  2.665903105303D-01
  2.325266097485D-01
Vac0 POTENTIAL                      exc: Vosko,Wilk,Nusair      
  1.76095821  6.66250000  1.77099661
   0.00000
   2.05765   0.8007018828   0.8498776284
353
 0.25000000D-01 0.31020338D-03
 0 1
  5.909184502253D-01  5.908803647746D-01  5.908409193658D-01  5.908289707510D-01
  5.908223343128D-01  5.908183786511D-01  5.908152565503D-01  5.908133006514D-01
  5.908115047229D-01  5.908105261297D-01  5.908095097465D-01  5.908091926880D-01
  5.908087662317D-01  5.908089966739D-01  5.908090950555D-01  5.908098419477D-01
  5.908104593089D-01  5.908117367129D-01  5.908129039714D-01  5.908147578176D-01
  5.908165349817D-01  5.908190391694D-01  5.908215143086D-01  5.908247717745D-01
  5.908280637650D-01  5.908322107271D-01  5.908364749288D-01  5.908416880517D-01
  5.908471249847D-01  5.908536316490D-01  5.908604990787D-01  5.908685915061D-01
  5.908772208211D-01  5.908872750730D-01  5.908980933246D-01  5.909105947399D-01
  5.909241537697D-01  5.909397136532D-01  5.909552548972D-01  5.909607592722D-01
  5.909522700048D-01  5.909446086121D-01  5.909369619422D-01  5.909300832512D-01
  5.909231648906D-01  5.909169650026D-01  5.909106802972D-01  5.909050727946D-01
  5.908993426804D-01  5.908942550915D-01  5.908890130096D-01  5.908843840934D-01
  5.908795736055D-01  5.908753512604D-01  5.908709241875D-01  5.908670637996D-01
  5.908629787660D-01  5.908594419069D-01  5.908556631739D-01  5.908524165609D-01
  5.908489130949D-01  5.908459277545D-01  5.908426724715D-01  5.908399230566D-01
  5.908368922111D-01  5.908343564515D-01  5.908315291318D-01  5.908291873738D-01
  5.908265450880D-01  5.908243799153D-01  5.908219062472D-01  5.908199021693D-01
  5.908175824887D-01  5.908157256759D-01  5.908135468980D-01  5.908118249614D-01
  5.908097753431D-01  5.908081771419D-01  5.908062461082D-01  5.908047615951D-01
  5.908029395914D-01  5.908015596726D-01  5.907998380379D-01  5.907985544580D-01
  5.907969253149D-01  5.907957305542D-01  5.907941867190D-01  5.907930739041D-01
  5.907916087980D-01  5.907905716301D-01  5.907891792138D-01  5.907882118963D-01
  5.907868866021D-01  5.907859837843D-01  5.907847204649D-01  5.907838771886D-01
  5.907826710649D-01  5.907818827194D-01  5.907807293366D-01  5.907799916150D-01
  5.907788868057D-01  5.907781956684D-01  5.907771355130D-01  5.907764871538D-01
  5.907754679505D-01  5.907748587644D-01  5.907738769982D-01  5.907733035528D-01
  5.907723558676D-01  5.907718148770D-01  5.907708980501D-01  5.907703863478D-01
  5.907694972642D-01  5.907690117815D-01  5.907681474113D-01  5.907676851517D-01
  5.907668425271D-01  5.907664005449D-01  5.907655767370D-01  5.907651521158D-01
  5.907643442140D-01  5.907639340428D-01  5.907631391318D-01  5.907627404851D-01
  5.907619556225D-01  5.907615655362D-01  5.907607877305D-01  5.907604031791D-01
  5.907596293652D-01  5.907592472385D-01  5.907584742542D-01  5.907580913313D-01
  5.907573158911D-01  5.907569288148D-01  5.907561474828D-01  5.907557527312D-01
  5.907549618919D-01  5.907545557486D-01  5.907537515769D-01  5.907533300992D-01
  5.907525085258D-01  5.907520675097D-01  5.907512241865D-01  5.907507591295D-01
  5.907498893897D-01  5.907493954503D-01  5.907484942667D-01  5.907479662201D-01
  5.907470281580D-01  5.907464603478D-01  5.907454795158D-01  5.907448658013D-01
  5.907438357950D-01  5.907431694932D-01  5.907420833353D-01  5.907413571576D-01
  5.907402072310D-01  5.907394132137D-01  5.907381911885D-01  5.907373206156D-01
  5.907360173690D-01  5.907350606885D-01  5.907336662160D-01  5.907326129466D-01
  5.907311162645D-01  5.907299548935D-01  5.907283439317D-01  5.907270618019D-01
  5.907253232854D-01  5.907239064711D-01  5.907220257889D-01  5.907204589582D-01
  5.907184200198D-01  5.907166862834D-01  5.907144713588D-01  5.907125521025D-01
  5.907101416473D-01  5.907080163477D-01  5.907053888085D-01  5.907030348289D-01
  5.907001664293D-01  5.906975587944D-01  5.906944232983D-01  5.906915344457D-01
  5.906881028959D-01  5.906849024015D-01  5.906811428307D-01  5.906775971046D-01
  5.906734742168D-01  5.906695461685D-01  5.906650209860D-01  5.906606696534D-01
  5.906556991274D-01  5.906508792677D-01  5.906454158482D-01  5.906400774850D-01
  5.906340686447D-01  5.906281565683D-01  5.906215442768D-01  5.906149974914D-01
  5.906077176348D-01  5.906004687478D-01  5.905924504861D-01  5.905844250330D-01
  5.905755900908D-01  5.905667057891D-01  5.905569676708D-01  5.905471335953D-01
  5.905363967185D-01  5.905255123900D-01  5.905136711269D-01  5.905016255045D-01
  5.904885631226D-01  5.904752334897D-01  5.904608209809D-01  5.904460717143D-01
  5.904301665002D-01  5.904138477088D-01  5.903962922097D-01  5.903782382299D-01
  5.903588582825D-01  5.903388860144D-01  5.903174891229D-01  5.902953961913D-01
  5.902717695928D-01  5.902473323132D-01  5.902212408399D-01  5.901942119702D-01
  5.901653956842D-01  5.901355019377D-01  5.901036735167D-01  5.900706128127D-01
  5.900354546578D-01  5.899988930804D-01  5.899600541182D-01  5.899196225527D-01
  5.898767146978D-01  5.898320051105D-01  5.897845993527D-01  5.897351606755D-01
  5.896827827510D-01  5.896281163282D-01  5.895702419308D-01  5.895097964815D-01
  5.894458459631D-01  5.893790120070D-01  5.893083445135D-01  5.892344482011D-01
  5.891563551817D-01  5.890746514657D-01  5.889883494879D-01  5.888980145633D-01
  5.888026373580D-01  5.887027602907D-01  5.885973499427D-01  5.884869233991D-01
  5.883704205901D-01  5.882483305665D-01  5.881195637648D-01  5.879845782087D-01
  5.878422516897D-01  5.876930078870D-01  5.875356884538D-01  5.873706790459D-01
  5.871967813039D-01  5.870143387796D-01  5.868221088023D-01  5.866203882913D-01
  5.864078854931D-01  5.861848456673D-01  5.859499226791D-01  5.857033045435D-01
  5.854435848574D-01  5.851708881850D-01  5.848837413093D-01  5.845821984415D-01
  5.842647122698D-01  5.839312589705D-01  5.835802090311D-01  5.832114520378D-01
  5.828232672452D-01  5.824154481127D-01  5.819861725890D-01  5.815351273655D-01
  5.810603778395D-01  5.805614920481D-01  5.800364102676D-01  5.794845685870D-01
  5.789037680954D-01  5.782932980450D-01  5.776508045721D-01  5.769754133926D-01
  5.762645979919D-01  5.755173017862D-01  5.747308057056D-01  5.739038497438D-01
  5.730334998450D-01  5.721182687501D-01  5.711549820826D-01  5.701418983807D-01
  5.690755742587D-01  5.679539834943D-01  5.667733811151D-01  5.655314213842D-01
  5.642240206332D-01  5.628484739553D-01  5.614003165677D-01  5.598764389803D-01
  5.582719466244D-01  5.565832732124D-01  5.548050383091D-01  5.529331585340D-01
  5.509617026762D-01  5.488860003056D-01  5.466994939387D-01  5.443968445191D-01
  5.419707800184D-01  5.394151971112D-01  5.367220054403D-01  5.338842246367D-01
  5.308928232791D-01  5.277398101848D-01  5.244150668368D-01  5.209094315827D-01
  5.172115239715D-01  5.133108201229D-01  5.091944669866D-01  5.048503466587D-01
  5.002638780204D-01  4.954210671446D-01  4.903052930438D-01  4.849003404863D-01
  4.791871656339D-01  4.731469065027D-01  4.667576230278D-01  4.599972789830D-01
  4.528404493725D-01  4.452612657493D-01  4.372300816788D-01  4.287163709277D-01
  4.196853389005D-01  4.101007599180D-01  3.999215187804D-01  3.891043691106D-01
  3.776003843110D-01  3.653576129116D-01  3.523174140931D-01  3.384169757732D-01
  3.235854968079D-01  3.077466531544D-01  2.908141630075D-01  2.726945956687D-01
  2.532823280675D-01
