In49 POTENTIAL                      exc: Vosko,Wilk,Nusair      
  2.31897314  6.66250000  2.29182178
  49.00000
   2.53289   0.8006801125   0.8498751460
353
 0.25000000D-01 0.38184860D-03
 9 1
    0  -1.96656160000D+03
    0  -2.87428550000D+02
    0  -5.37136240000D+01
    0  -7.39818510000D+00
    1  -2.68528840000D+02
    1  -4.59639090000D+01
    1  -4.86454470000D+00
    2  -3.15522220000D+01
    2  -7.38539920000D-01
  4.724941011268D+02  4.725211489937D+02  4.725488132880D+02  4.725771001617D+02
  4.726060184421D+02  4.726355821607D+02  4.726658010745D+02  4.726966893238D+02
  4.727282568954D+02  4.727605180652D+02  4.727934829792D+02  4.728271660150D+02
  4.728615774256D+02  4.728967316506D+02  4.729326389986D+02  4.729693139230D+02
  4.730067667313D+02  4.730450118348D+02  4.730840594763D+02  4.731239239601D+02
  4.731646153928D+02  4.732061478969D+02  4.732485313623D+02  4.732917796451D+02
  4.733359023272D+02  4.733809129026D+02  4.734268205423D+02  4.734736382704D+02
  4.735213747321D+02  4.735700423602D+02  4.736196491449D+02  4.736702067920D+02
  4.737217224932D+02  4.737742070752D+02  4.738276667709D+02  4.738821113596D+02
  4.739375459371D+02  4.739939790477D+02  4.740514144527D+02  4.741098592540D+02
  4.741693156685D+02  4.742297891176D+02  4.742912800161D+02  4.743537918696D+02
  4.744173230340D+02  4.744818748125D+02  4.745474432106D+02  4.746140270243D+02
  4.746816195897D+02  4.747502168614D+02  4.748198091571D+02  4.748903892258D+02
  4.749619439859D+02  4.750344625835D+02  4.751079281235D+02  4.751823257176D+02
  4.752576342072D+02  4.753338342016D+02  4.754108997920D+02  4.754888065789D+02
  4.755675233776D+02  4.756470202338D+02  4.757272601204D+02  4.758082069417D+02
  4.758898172199D+02  4.759720480880D+02  4.760548489667D+02  4.761381695451D+02
  4.762219514471D+02  4.763061362011D+02  4.763906568958D+02  4.764754461378D+02
  4.765604276977D+02  4.766455244559D+02  4.767306500390D+02  4.768157167542D+02
  4.769006272162D+02  4.769852822714D+02  4.770695726158D+02  4.771533867093D+02
  4.772366023859D+02  4.773190947595D+02  4.774007278271D+02  4.774813623683D+02
  4.775608475425D+02  4.776390287835D+02  4.777157393936D+02  4.777908084353D+02
  4.778640523247D+02  4.779352827224D+02  4.780042981294D+02  4.780708917814D+02
  4.781348432493D+02  4.781959263406D+02  4.782539007098D+02  4.783085197702D+02
  4.783595223190D+02  4.784066404647D+02  4.784495912714D+02  4.784880847086D+02
  4.785218153202D+02  4.785504702024D+02  4.785737207046D+02  4.785912304422D+02
  4.786026470370D+02  4.786076101725D+02  4.786057433813D+02  4.785966621513D+02
  4.785799657693D+02  4.785552454868D+02  4.785220764282D+02  4.784800258263D+02
  4.784286450046D+02  4.783674776916D+02  4.782960520877D+02  4.782138892679D+02
  4.781204953428D+02  4.780153699600D+02  4.778979985684D+02  4.777678610279D+02
  4.776244239858D+02  4.774671496036D+02  4.772954880538D+02  4.771088863703D+02
  4.769067810731D+02  4.766886071478D+02  4.764537908023D+02  4.762017585788D+02
  4.759319302450D+02  4.756437280385D+02  4.753365696900D+02  4.750098777985D+02
  4.746630729797D+02  4.742955833631D+02  4.739068378567D+02  4.734962757512D+02
  4.730633400841D+02  4.726074873320D+02  4.721281808500D+02  4.716249006250D+02
  4.710971367599D+02  4.705443992520D+02  4.699662114829D+02  4.693621199788D+02
  4.687316878565D+02  4.680745045141D+02  4.673901789758D+02  4.666783494499D+02
  4.659386765070D+02  4.651708524348D+02  4.643745941753D+02  4.635496523979D+02
  4.626958041145D+02  4.618128613881D+02  4.609006635401D+02  4.599590854083D+02
  4.589880290616D+02  4.579874315241D+02  4.569572559169D+02  4.558974985743D+02
  4.548081795470D+02  4.536893490521D+02  4.525410773017D+02  4.513634602586D+02
  4.501566087764D+02  4.489206536938D+02  4.476557343375D+02  4.463620030355D+02
  4.450396131126D+02  4.436887229961D+02  4.423094839304D+02  4.409020439589D+02
  4.394665357040D+02  4.380030806369D+02  4.365117774022D+02  4.349927069206D+02
  4.334459218627D+02  4.318714532365D+02  4.302693016941D+02  4.286394462946D+02
  4.269818383010D+02  4.252964127031D+02  4.235830849631D+02  4.218417655643D+02
  4.200723597179D+02  4.182747846289D+02  4.164489714774D+02  4.145948842977D+02
  4.127125226981D+02  4.108019404127D+02  4.088632464811D+02  4.068966209761D+02
  4.049023120943D+02  4.028806466569D+02  4.008320210748D+02  3.987569051658D+02
  3.966558262962D+02  3.945293666932D+02  3.923781418594D+02  3.902027933448D+02
  3.880039641279D+02  3.857822900664D+02  3.835383757360D+02  3.812727880555D+02
  3.789860358359D+02  3.766785683763D+02  3.743507609118D+02  3.720029196766D+02
  3.696352740273D+02  3.672479880590D+02  3.648411588715D+02  3.624148336821D+02
  3.599690127633D+02  3.575036702768D+02  3.550187599056D+02  3.525142373227D+02
  3.499900663988D+02  3.474462412192D+02  3.448827908641D+02  3.422997990955D+02
  3.396974059792D+02  3.370758237033D+02  3.344353337241D+02  3.317762976073D+02
  3.290991488537D+02  3.264043982132D+02  3.236926199438D+02  3.209644517020D+02
  3.182205757185D+02  3.154617141727D+02  3.126886066236D+02  3.099020027167D+02
  3.071026382531D+02  3.042912280545D+02  3.014684439955D+02  2.986349117690D+02
  2.957911948359D+02  2.929377990490D+02  2.900751661312D+02  2.872036889764D+02
  2.843237161552D+02  2.814355775224D+02  2.785395970433D+02  2.756361234048D+02
  2.727255433640D+02  2.698083076551D+02  2.668849343376D+02  2.639560201747D+02
  2.610222265383D+02  2.580842726831D+02  2.551429054128D+02  2.521988803029D+02
  2.492529251937D+02  2.463057218734D+02  2.433578764221D+02  2.404099130307D+02
  2.374622600856D+02  2.345152614173D+02  2.315691796735D+02  2.286242231760D+02
  2.256805621039D+02  2.227383646843D+02  2.197978189200D+02  2.168591705960D+02
  2.139227433257D+02  2.109889717502D+02  2.080584141712D+02  2.051317762204D+02
  2.022099123717D+02  1.992938374069D+02  1.963847150713D+02  1.934838565709D+02
  1.905926964850D+02  1.877127791248D+02  1.848457233491D+02  1.819931991177D+02
  1.791568842058D+02  1.763384346647D+02  1.735394378458D+02  1.707613819867D+02
  1.680056116888D+02  1.652733038608D+02  1.625654341204D+02  1.598827688670D+02
  1.572258534889D+02  1.545950318736D+02  1.519904666988D+02  1.494121931584D+02
  1.468601711864D+02  1.443343625650D+02  1.418347909176D+02  1.393616052054D+02
  1.369151030460D+02  1.344957389958D+02  1.321040848448D+02  1.297407811053D+02
  1.274064593532D+02  1.251016814474D+02  1.228268746723D+02  1.205823021593D+02
  1.183680382341D+02  1.161839792135D+02  1.140298530966D+02  1.119052555734D+02
  1.098096752744D+02  1.077425367674D+02  1.057032260557D+02  1.036911290024D+02
  1.017056492112D+02  9.974623710476D+01  9.781239781854D+01  9.590371036951D+01
  9.401982614886D+01  9.216047958702D+01  9.032547917393D+01  8.851471178027D+01
  8.672812848323D+01  8.496574481631D+01  8.322762358830D+01  8.151387310726D+01
  7.982462885816D+01  7.816005135986D+01  7.652030814034D+01  7.490557243952D+01
  7.331600647234D+01  7.175176175298D+01  7.021296422198D+01  6.869971658620D+01
  6.721208554522D+01  6.575010624614D+01  6.431377159828D+01  6.290303874589D+01
  6.151782031279D+01  6.015799269286D+01  5.882338899948D+01  5.751380893043D+01
  5.622901315952D+01  5.496873447891D+01  5.373267327502D+01  5.252050949144D+01
  5.133189859445D+01  5.016648359498D+01  4.902389057689D+01  4.790373973227D+01
  4.680563938844D+01  4.572919511729D+01  4.467400160543D+01  4.363964958286D+01
  4.262571574183D+01  4.163176822590D+01  4.065735508597D+01  3.970200985114D+01
  3.876523945483D+01
N_07 POTENTIAL                      exc: Vosko,Wilk,Nusair      
  1.76095821  6.66250000  1.77099661
   7.00000
   2.05765   0.8006801125   0.8498751460
353
 0.25000000D-01 0.31020338D-03
 2 1
    0  -2.69998930000D+01
    0  -4.29582100000D-01
  2.602658639937D+01  2.602697778611D+01  2.602737870684D+01  2.602781520274D+01
  2.602826764113D+01  2.602873378004D+01  2.602921242044D+01  2.602970396671D+01
  2.603020798470D+01  2.603072518255D+01  2.603125527429D+01  2.603179905261D+01
  2.603235628645D+01  2.603292780817D+01  2.603351341805D+01  2.603411397495D+01
  2.603472930282D+01  2.603536028245D+01  2.603600675871D+01  2.603666963269D+01
  2.603734876928D+01  2.603804508946D+01  2.603875847802D+01  2.603948987598D+01
  2.604023918835D+01  2.604100737661D+01  2.604179436653D+01  2.604260114065D+01
  2.604342764614D+01  2.604427488730D+01  2.604514283347D+01  2.604603251147D+01
  2.604694391360D+01  2.604787809004D+01  2.604883505688D+01  2.604981588855D+01
  2.605082062579D+01  2.605185036817D+01  2.605290518218D+01  2.605398619656D+01
  2.605509389015D+01  2.605622901948D+01  2.605739170512D+01  2.605858312785D+01
  2.605980343659D+01  2.606105384095D+01  2.606233451918D+01  2.606364671069D+01
  2.606499062405D+01  2.606636752943D+01  2.606777766667D+01  2.606922233770D+01
  2.607070181460D+01  2.607221743200D+01  2.607376949513D+01  2.607535937231D+01
  2.607698740285D+01  2.607865498960D+01  2.608036250689D+01  2.608211139299D+01
  2.608390205808D+01  2.608573597668D+01  2.608761359560D+01  2.608953642640D+01
  2.609150495329D+01  2.609352072552D+01  2.609558426537D+01  2.609769716043D+01
  2.609985997159D+01  2.610207432533D+01  2.610434082160D+01  2.610666112614D+01
  2.610903587833D+01  2.611146678343D+01  2.611395452044D+01  2.611650083426D+01
  2.611910644349D+01  2.612177313262D+01  2.612450165970D+01  2.612729384847D+01
  2.613015049603D+01  2.613307346489D+01  2.613606359053D+01  2.613912277339D+01
  2.614225188639D+01  2.614545286683D+01  2.614872662378D+01  2.615207512989D+01
  2.615549932875D+01  2.615900122655D+01  2.616258179928D+01  2.616624308437D+01
  2.616998608769D+01  2.617381287508D+01  2.617772447926D+01  2.618172299111D+01
  2.618580946652D+01  2.618998601746D+01  2.619425371866D+01  2.619861469853D+01
  2.620307004560D+01  2.620762189925D+01  2.621227135597D+01  2.621702055985D+01
  2.622187060858D+01  2.622682364372D+01  2.623188075642D+01  2.623704407745D+01
  2.624231468260D+01  2.624769468242D+01  2.625318512731D+01  2.625878809691D+01
  2.626450460490D+01  2.627033668796D+01  2.627628531022D+01  2.628235245183D+01
  2.628853901298D+01  2.629484690208D+01  2.630127693926D+01  2.630783094413D+01
  2.631450963876D+01  2.632131473493D+01  2.632824683663D+01  2.633530752667D+01
  2.634249726863D+01  2.634981749290D+01  2.635726849797D+01  2.636485153582D+01
  2.637256671255D+01  2.638041507305D+01  2.638839650091D+01  2.639651180235D+01
  2.640476060534D+01  2.641314344271D+01  2.642165965044D+01  2.643030944992D+01
  2.643909184533D+01  2.644800670501D+01  2.645705265786D+01  2.646622917376D+01
  2.647553445897D+01  2.648496753547D+01  2.649452613538D+01  2.650420877917D+01
  2.651401266898D+01  2.652393576569D+01  2.653397468108D+01  2.654412675377D+01
  2.655438794008D+01  2.656475488882D+01  2.657522283090D+01  2.658578765283D+01
  2.659644378511D+01  2.660718627440D+01  2.661800867063D+01  2.662890509791D+01
  2.663986814028D+01  2.665089091138D+01  2.666196493888D+01  2.667308223288D+01
  2.668423316910D+01  2.669540855598D+01  2.670659751674D+01  2.671778955525D+01
  2.672897243693D+01  2.674013425363D+01  2.675126130341D+01  2.676234015448D+01
  2.677335552413D+01  2.678429234181D+01  2.679513362740D+01  2.680586255368D+01
  2.681646032414D+01  2.682690823505D+01  2.683718555312D+01  2.684727157753D+01
  2.685714351771D+01  2.686677855570D+01  2.687615172445D+01  2.688523797099D+01
  2.689401003565D+01  2.690244051657D+01  2.691049975042D+01  2.691815787872D+01
  2.692538273082D+01  2.693214189258D+01  2.693840059232D+01  2.694412377272D+01
  2.694927398034D+01  2.695381344173D+01  2.695770195737D+01  2.696089898278D+01
  2.696336152800D+01  2.696504624466D+01  2.696590733200D+01  2.696589863102D+01
  2.696497153817D+01  2.696307710776D+01  2.696016397446D+01  2.695618046521D+01
  2.695107253189D+01  2.694478587385D+01  2.693726388207D+01  2.692844977373D+01
  2.691828454901D+01  2.690670913907D+01  2.689366237682D+01  2.687908315948D+01
  2.686290843459D+01  2.684507537836D+01  2.682551939803D+01  2.680417632709D+01
  2.678098044495D+01  2.675586668990D+01  2.672876869690D+01  2.669962102892D+01
  2.666835723328D+01  2.663491209175D+01  2.659921969555D+01  2.656121571414D+01
  2.652083548860D+01  2.647801631850D+01  2.643269557295D+01  2.638481299433D+01
  2.633430882560D+01  2.628112612924D+01  2.622520892853D+01  2.616650453930D+01
  2.610496172231D+01  2.604053302442D+01  2.597317293839D+01  2.590284024923D+01
  2.582949619684D+01  2.575310682237D+01  2.567364112804D+01  2.559107341757D+01
  2.550538144658D+01  2.541654874998D+01  2.532456277550D+01  2.522941719009D+01
  2.513110998820D+01  2.502964576841D+01  2.492503380717D+01  2.481729029621D+01
  2.470643637198D+01  2.459250030365D+01  2.447551546802D+01  2.435552247771D+01
  2.423256709087D+01  2.410670226971D+01  2.397798601439D+01  2.384648334070D+01
  2.371226402933D+01  2.357540451333D+01  2.343598553309D+01  2.329409392544D+01
  2.314982017655D+01  2.300326010591D+01  2.285451231140D+01  2.270367974345D+01
  2.255086703908D+01  2.239618198462D+01  2.223973273879D+01  2.208162918629D+01
  2.192198005474D+01  2.176089416663D+01  2.159847746127D+01  2.143483416029D+01
  2.127006371456D+01  2.110426190926D+01  2.093751776900D+01  2.076991464433D+01
  2.060152712739D+01  2.043242218515D+01  2.026265616587D+01  2.009227607724D+01
  1.992131680260D+01  1.974980266604D+01  1.957774502571D+01  1.940514431899D+01
  1.923198825020D+01  1.905825455221D+01  1.888391001428D+01  1.870891419858D+01
  1.853321951527D+01  1.835677603767D+01  1.817953266429D+01  1.800144292373D+01
  1.782246692188D+01  1.764257760706D+01  1.746176273124D+01  1.728003058032D+01
  1.709741079008D+01  1.691395832171D+01  1.672975199159D+01  1.654489578788D+01
  1.635951459284D+01  1.617375280531D+01  1.598776774140D+01  1.580172652320D+01
  1.561579847217D+01  1.543015176243D+01  1.524494630333D+01  1.506033148626D+01
  1.487644059747D+01  1.469339034973D+01  1.451127716216D+01  1.433017849801D+01
  1.415015078427D+01  1.397123215718D+01  1.379344152620D+01  1.361678219746D+01
  1.344124156506D+01  1.326679513920D+01  1.309340645295D+01  1.292103115161D+01
  1.274961683876D+01  1.257910701286D+01  1.240944069325D+01  1.224055609020D+01
  1.207238993449D+01  1.190488083434D+01  1.173796828506D+01  1.157159570683D+01
  1.140570914160D+01  1.124025998844D+01  1.107520341116D+01  1.091050079944D+01
  1.074611791831D+01  1.058202712786D+01  1.041820530821D+01  1.025463587131D+01
  1.009130649404D+01  9.928210953354D+00  9.765346697028D+00  9.602716529058D+00
  9.440326042085D+00  9.278185173740D+00  9.116305517552D+00  8.954701762623D+00
  8.793388890767D+00  8.632383502105D+00  8.471700895737D+00  8.311356273165D+00
  8.151361689310D+00  7.991727115812D+00  7.832457241668D+00  7.673552372169D+00
  7.515005055420D+00  7.356800844565D+00  7.198914577523D+00  7.041311174521D+00
  6.883941588065D+00
Vac0 POTENTIAL                      exc: Vosko,Wilk,Nusair      
  2.31897314  6.66250000  2.29182178
   0.00000
   2.53289   0.8006801125   0.8498751460
353
 0.25000000D-01 0.38184860D-03
 0 1
  7.879450397890D-01  7.879202658658D-01  7.878940468379D-01  7.878865513624D-01
  7.878822662199D-01  7.878805286616D-01  7.878790157948D-01  7.878790538885D-01
  7.878788928081D-01  7.878800835807D-01  7.878809835511D-01  7.878832032317D-01
  7.878851374494D-01  7.878884233409D-01  7.878914767448D-01  7.878959532104D-01
  7.879002859484D-01  7.879061479870D-01  7.879119909264D-01  7.879195076551D-01
  7.879271717282D-01  7.879367006090D-01  7.879465956642D-01  7.879586059897D-01
  7.879712690811D-01  7.879863755474D-01  7.880025106345D-01  7.880215199645D-01
  7.880420524008D-01  7.880660271616D-01  7.880921783645D-01  7.881225241640D-01
  7.881559136204D-01  7.881944985597D-01  7.882372836762D-01  7.882866021450D-01
  7.883416683086D-01  7.884049659111D-01  7.884694687453D-01  7.884968633409D-01
  7.884689552201D-01  7.884433073816D-01  7.884181997539D-01  7.883951529040D-01
  7.883724651487D-01  7.883516733773D-01  7.883310904328D-01  7.883122661542D-01
  7.882935249695D-01  7.882764271068D-01  7.882593063274D-01  7.882437312700D-01
  7.882280432806D-01  7.882138178618D-01  7.881994025829D-01  7.881863785913D-01
  7.881730985944D-01  7.881611484229D-01  7.881488850580D-01  7.881378982352D-01
  7.881265485151D-01  7.881164289173D-01  7.881059030124D-01  7.880965665926D-01
  7.880867857840D-01  7.880781587324D-01  7.880690537389D-01  7.880610709598D-01
  7.880525805582D-01  7.880451844145D-01  7.880372542907D-01  7.880303935545D-01
  7.880229753510D-01  7.880166043331D-01  7.880096548430D-01  7.880037326524D-01
  7.879972131469D-01  7.879917030705D-01  7.879855787204D-01  7.879804476937D-01
  7.879746870852D-01  7.879699052381D-01  7.879644799504D-01  7.879600202238D-01
  7.879549044731D-01  7.879507422828D-01  7.879459126118D-01  7.879420255590D-01
  7.879374605672D-01  7.879338281906D-01  7.879295082999D-01  7.879261118552D-01
  7.879220191085D-01  7.879188413778D-01  7.879149592551D-01  7.879119843783D-01
  7.879082976413D-01  7.879055109677D-01  7.879020055193D-01  7.878993934744D-01
  7.878960562345D-01  7.878936062026D-01  7.878904249952D-01  7.878881252153D-01
  7.878850886677D-01  7.878829281365D-01  7.878800255932D-01  7.878779939782D-01
  7.878752154128D-01  7.878733029761D-01  7.878706389194D-01  7.878688364434D-01
  7.878662779123D-01  7.878645766321D-01  7.878621150655D-01  7.878605066088D-01
  7.878581338069D-01  7.878566101319D-01  7.878543181982D-01  7.878528715401D-01
  7.878506528270D-01  7.878492756427D-01  7.878471226988D-01  7.878458076150D-01
  7.878437131329D-01  7.878424528952D-01  7.878404096606D-01  7.878391970826D-01
  7.878371979239D-01  7.878360258361D-01  7.878340635737D-01  7.878329247730D-01
  7.878309921665D-01  7.878298793623D-01  7.878279690580D-01  7.878268748194D-01
  7.878249792949D-01  7.878238959934D-01  7.878220074998D-01  7.878209272512D-01
  7.878190377527D-01  7.878179523535D-01  7.878160534629D-01  7.878149543255D-01
  7.878130372361D-01  7.878119153164D-01  7.878099707283D-01  7.878088164505D-01
  7.878068344917D-01  7.878056376662D-01  7.878036078069D-01  7.878023575410D-01
  7.878002685017D-01  7.877989531033D-01  7.877967927531D-01  7.877953996253D-01
  7.877931548727D-01  7.877916703995D-01  7.877893270721D-01  7.877877364921D-01
  7.877852792052D-01  7.877835664743D-01  7.877809784870D-01  7.877791261276D-01
  7.877763891842D-01  7.877743781193D-01  7.877714722757D-01  7.877692816465D-01
  7.877661850790D-01  7.877637920441D-01  7.877604808390D-01  7.877578603540D-01
  7.877543082751D-01  7.877514328491D-01  7.877476110831D-01  7.877444505097D-01
  7.877403273841D-01  7.877368484464D-01  7.877323891181D-01  7.877285552619D-01
  7.877237213754D-01  7.877194923491D-01  7.877142416573D-01  7.877095731140D-01
  7.877038590608D-01  7.876987021199D-01  7.876924733789D-01  7.876867741411D-01
  7.876799741064D-01  7.876736731185D-01  7.876662393419D-01  7.876592710056D-01
  7.876511345757D-01  7.876434264948D-01  7.876345113502D-01  7.876259836089D-01
  7.876162057803D-01  7.876067701464D-01  7.875960369186D-01  7.875855959626D-01
  7.875738049489D-01  7.875622510713D-01  7.875492891906D-01  7.875365035465D-01
  7.875222458932D-01  7.875080972041D-01  7.874924057986D-01  7.874767490394D-01
  7.874594714484D-01  7.874421463960D-01  7.874231142064D-01  7.874039438364D-01
  7.873829709695D-01  7.873617596834D-01  7.873386405313D-01  7.873151721973D-01
  7.872896795634D-01  7.872637153515D-01  7.872355981740D-01  7.872068741618D-01
  7.871758549972D-01  7.871440795252D-01  7.871098517670D-01  7.870747025137D-01
  7.870369273177D-01  7.869980480669D-01  7.869563509523D-01  7.869133480198D-01
  7.868673151118D-01  7.868197533946D-01  7.867689272707D-01  7.867163258793D-01
  7.866602009767D-01  7.866020284067D-01  7.865400459452D-01  7.864757147380D-01
  7.864072571059D-01  7.863361179459D-01  7.862605024926D-01  7.861818376796D-01
  7.860983098516D-01  7.860113260824D-01  7.859190518325D-01  7.858228722184D-01
  7.857209296108D-01  7.856145848490D-01  7.855019547739D-01  7.853843733819D-01
  7.852599292854D-01  7.851299267994D-01  7.849924233216D-01  7.848486903453D-01
  7.846967507502D-01  7.845378397330D-01  7.843699419994D-01  7.841942526040D-01
  7.840087140327D-01  7.838144769416D-01  7.836094371178D-01  7.833946961071D-01
  7.831680980389D-01  7.829306901309D-01  7.826802593637D-01  7.824177928476D-01
  7.821410143315D-01  7.818508444162D-01  7.815449368782D-01  7.812241387135D-01
  7.808860262552D-01  7.805313650278D-01  7.801576456362D-01  7.797655434084D-01
  7.793524540295D-01  7.789189529486D-01  7.784623307283D-01  7.779830521874D-01
  7.774782914325D-01  7.769483907058D-01  7.763903950598D-01  7.758045108739D-01
  7.751876401293D-01  7.745398385525D-01  7.738578494406D-01  7.731415613835D-01
  7.723875415820D-01  7.715954930928D-01  7.707617875720D-01  7.698859219779D-01
  7.689640506609D-01  7.679954414468D-01  7.669760069802D-01  7.659047600959D-01
  7.647773443057D-01  7.635924883468D-01  7.623455356793D-01  7.610348980768D-01
  7.596555839746D-01  7.582056509374D-01  7.566797326621D-01  7.550754901202D-01
  7.533871369736D-01  7.516118891387D-01  7.497434883176D-01  7.477786496678D-01
  7.457105830751D-01  7.435354385333D-01  7.412458246913D-01  7.388372514398D-01
  7.363016451457D-01  7.336337878099D-01  7.308248282442D-01  7.278687169929D-01
  7.247557125100D-01  7.214788108159D-01  7.180272454792D-01  7.143929106979D-01
  7.105638535645D-01  7.065306889013D-01  7.022800818753D-01  6.978011524520D-01
  6.930789458986D-01  6.881008241315D-01  6.828499209674D-01  6.773115168804D-01
  6.714664749937D-01  6.652975947870D-01  6.587830237045D-01  6.519025840973D-01
  6.446311538855D-01  6.369449593994D-01  6.288149166785D-01  6.202128807826D-01
  6.111049369219D-01  6.014575941130D-01  5.912310122650D-01  5.803851246056D-01
  5.688727829393D-01  5.566457888992D-01  5.436479346886D-01  5.298209177890D-01
  5.150972484990D-01  4.994060162172D-01  4.826656280475D-01  4.647893874649D-01
  4.456780206719D-01  4.252250201869D-01  4.033089127357D-01  3.797983090726D-01
  3.545438569700D-01  3.273831128050D-01  2.981315997605D-01  2.665879648336D-01
  2.325243132166D-01
Vac0 POTENTIAL                      exc: Vosko,Wilk,Nusair      
  1.76095821  6.66250000  1.77099661
   0.00000
   2.05765   0.8006801125   0.8498751460
353
 0.25000000D-01 0.31020338D-03
 0 1
  5.909149467109D-01  5.908768584396D-01  5.908374101408D-01  5.908254606633D-01
  5.908188237228D-01  5.908148677593D-01  5.908117454542D-01  5.908097893637D-01
  5.908079932944D-01  5.908070145928D-01  5.908059981156D-01  5.908056810054D-01
  5.908052544789D-01  5.908054848867D-01  5.908055832363D-01  5.908063301002D-01
  5.908069474612D-01  5.908082248846D-01  5.908093921596D-01  5.908112460353D-01
  5.908130232358D-01  5.908155274746D-01  5.908180026859D-01  5.908212602277D-01
  5.908245523083D-01  5.908286993776D-01  5.908329636956D-01  5.908381769505D-01
  5.908436140363D-01  5.908501208672D-01  5.908569884782D-01  5.908650811092D-01
  5.908737106478D-01  5.908837651371D-01  5.908945836524D-01  5.909070853525D-01
  5.909206446927D-01  5.909362049063D-01  5.909517464865D-01  5.909572508726D-01
  5.909487612781D-01  5.909410995758D-01  5.909334526127D-01  5.909265736370D-01
  5.909196550120D-01  5.909134548695D-01  5.909071699242D-01  5.909015621899D-01
  5.908958318585D-01  5.908907440599D-01  5.908855017794D-01  5.908808726720D-01
  5.908760620014D-01  5.908718394804D-01  5.908674122398D-01  5.908635516923D-01
  5.908594665047D-01  5.908559294977D-01  5.908521506243D-01  5.908489038746D-01
  5.908454002783D-01  5.908424148111D-01  5.908391594081D-01  5.908364098763D-01
  5.908333789181D-01  5.908308430507D-01  5.908280156284D-01  5.908256737686D-01
  5.908230313871D-01  5.908208661193D-01  5.908183923621D-01  5.908163881969D-01
  5.908140684331D-01  5.908122115389D-01  5.908100326840D-01  5.908083106698D-01
  5.908062609792D-01  5.908046627058D-01  5.908027316054D-01  5.908012470241D-01
  5.907994249569D-01  5.907980449753D-01  5.907963232808D-01  5.907950396421D-01
  5.907934104430D-01  5.907922156268D-01  5.907906717389D-01  5.907895588709D-01
  5.907880937162D-01  5.907870564981D-01  5.907856640348D-01  5.907846966703D-01
  5.907833713321D-01  5.907824684700D-01  5.907812051090D-01  5.907803617907D-01
  5.907791556278D-01  5.907783672422D-01  5.907772138223D-01  5.907764760627D-01
  5.907753712179D-01  5.907746800447D-01  5.907736198557D-01  5.907729714618D-01
  5.907719522264D-01  5.907713430072D-01  5.907703612103D-01  5.907697877331D-01
  5.907688400185D-01  5.907682989973D-01  5.907673821418D-01  5.907668704102D-01
  5.907659812997D-01  5.907654957882D-01  5.907646313915D-01  5.907641691042D-01
  5.907633264538D-01  5.907628844444D-01  5.907620606116D-01  5.907616359637D-01
  5.907608280374D-01  5.907604178402D-01  5.907596229049D-01  5.907592242323D-01
  5.907584393456D-01  5.907580492333D-01  5.907572714038D-01  5.907568868266D-01
  5.907561129888D-01  5.907557308359D-01  5.907549578276D-01  5.907545748783D-01
  5.907537994135D-01  5.907534123103D-01  5.907526309532D-01  5.907522361741D-01
  5.907514453090D-01  5.907510391373D-01  5.907502349387D-01  5.907498134318D-01
  5.907489918303D-01  5.907485507837D-01  5.907477074311D-01  5.907472423420D-01
  5.907463725712D-01  5.907458785981D-01  5.907449773814D-01  5.907444492990D-01
  5.907435112020D-01  5.907429433537D-01  5.907419624842D-01  5.907413487288D-01
  5.907403186823D-01  5.907396523367D-01  5.907385661353D-01  5.907378399106D-01
  5.907366899369D-01  5.907358958686D-01  5.907346737923D-01  5.907338031643D-01
  5.907324998621D-01  5.907315431216D-01  5.907301485884D-01  5.907290952536D-01
  5.907275985053D-01  5.907264370629D-01  5.907248260285D-01  5.907235438209D-01
  5.907218052246D-01  5.907203883250D-01  5.907185075554D-01  5.907169406311D-01
  5.907149015966D-01  5.907131677574D-01  5.907109527270D-01  5.907090333578D-01
  5.907066227862D-01  5.907044973624D-01  5.907018696948D-01  5.906995155785D-01
  5.906966470374D-01  5.906940392519D-01  5.906909035997D-01  5.906880145812D-01
  5.906845828590D-01  5.906813821816D-01  5.906776224206D-01  5.906740764927D-01
  5.906699533948D-01  5.906660251238D-01  5.906614997093D-01  5.906571481309D-01
  5.906521773486D-01  5.906473572174D-01  5.906418935147D-01  5.906365548519D-01
  5.906305456985D-01  5.906246332911D-01  5.906180206536D-01  5.906114735027D-01
  5.906041932636D-01  5.905969439728D-01  5.905889252884D-01  5.905808993890D-01
  5.905720639796D-01  5.905631791847D-01  5.905534405500D-01  5.905436059296D-01
  5.905328684820D-01  5.905219835514D-01  5.905101416572D-01  5.904980953694D-01
  5.904850322899D-01  5.904717019216D-01  5.904572886418D-01  5.904425385625D-01
  5.904266324961D-01  5.904103128067D-01  5.903927563655D-01  5.903747013932D-01
  5.903553204046D-01  5.903353470399D-01  5.903139489975D-01  5.902918548541D-01
  5.902682269837D-01  5.902437883652D-01  5.902176954863D-01  5.901906651371D-01
  5.901618472979D-01  5.901319519169D-01  5.901001217796D-01  5.900670592698D-01
  5.900318992187D-01  5.899953356463D-01  5.899564945893D-01  5.899160608201D-01
  5.898731506511D-01  5.898284386299D-01  5.897810303160D-01  5.897315889507D-01
  5.896792082032D-01  5.896245388119D-01  5.895666612972D-01  5.895062125702D-01
  5.894422586098D-01  5.893754210350D-01  5.893047497416D-01  5.892308494348D-01
  5.891527522209D-01  5.890710440964D-01  5.889847374895D-01  5.888943977003D-01
  5.887990153870D-01  5.886991329528D-01  5.885937169699D-01  5.884832845064D-01
  5.883667754824D-01  5.882446789306D-01  5.881159052760D-01  5.879809125226D-01
  5.878385784493D-01  5.876893267141D-01  5.875319989559D-01  5.873669808079D-01
  5.871930738948D-01  5.870106217439D-01  5.868183816669D-01  5.866166505571D-01
  5.864041366414D-01  5.861810851513D-01  5.859461499305D-01  5.856995189641D-01
  5.854397858253D-01  5.851670750462D-01  5.848799133841D-01  5.845783550158D-01
  5.842608526017D-01  5.839273822813D-01  5.835763145121D-01  5.832075388412D-01
  5.828193344907D-01  5.824114948789D-01  5.819821979195D-01  5.815311302607D-01
  5.810563572625D-01  5.805574469163D-01  5.800323394597D-01  5.794804709337D-01
  5.788996423865D-01  5.782891430209D-01  5.776466189309D-01  5.769711957816D-01
  5.762603470148D-01  5.755130159951D-01  5.747264836086D-01  5.738994897974D-01
  5.730291004620D-01  5.721138282922D-01  5.711504988693D-01  5.701373706825D-01
  5.690710003063D-01  5.679493614726D-01  5.667687091734D-01  5.655266976311D-01
  5.642192431479D-01  5.628436407833D-01  5.613954257333D-01  5.598714884840D-01
  5.582669344564D-01  5.565781973516D-01  5.547998967386D-01  5.529279492415D-01
  5.509564236713D-01  5.488806496226D-01  5.466940696561D-01  5.443913447643D-01
  5.419652029896D-01  5.394095410850D-01  5.367162687962D-01  5.338784058672D-01
  5.308869210170D-01  5.277338232164D-01  5.244089941324D-01  5.209032723124D-01
  5.172052775388D-01  5.133044861838D-01  5.091880454859D-01  5.048438378523D-01
  5.002572825139D-01  4.954143859184D-01  4.902985274946D-01  4.848934924537D-01
  4.791802374437D-01  4.731399009952D-01  4.667505436020D-01  4.599901296253D-01
  4.528332347007D-01  4.452539910404D-01  4.372227529119D-01  4.287089948091D-01
  4.196779229033D-01  4.100933123034D-01  3.999140486320D-01  3.890968863496D-01
  3.775928997229D-01  3.653501381531D-01  3.523099617089D-01  3.384095591914D-01
  3.235781303446D-01  3.077393519874D-01  2.908069431832D-01  2.726874740415D-01
  2.532753222930D-01
