In49 POTENTIAL                      exc: Vosko,Wilk,Nusair      
  2.37798540  6.82500000  2.34921590
  49.00000
   2.59633   0.7247658564   0.8163257546
353
 0.25000000D-01 0.39141124D-03
 9 1
    0  -1.96656160000D+03
    0  -2.87428550000D+02
    0  -5.37136240000D+01
    0  -7.39818510000D+00
    1  -2.68528840000D+02
    1  -4.59639090000D+01
    1  -4.86454470000D+00
    2  -3.15522220000D+01
    2  -7.38539920000D-01
  4.724081916719D+02  4.724359157547D+02  4.724642699976D+02  4.724932602368D+02
  4.725228954759D+02  4.725531898427D+02  4.725841532628D+02  4.726157999585D+02
  4.726481400724D+02  4.726811879449D+02  4.727149538610D+02  4.727494522430D+02
  4.727846934626D+02  4.728206919813D+02  4.728574582027D+02  4.728950065756D+02
  4.729333474751D+02  4.729724952775D+02  4.730124602614D+02  4.730532566613D+02
  4.730948945831D+02  4.731373880404D+02  4.731807468801D+02  4.732249848053D+02
  4.732701113071D+02  4.733161396759D+02  4.733630789389D+02  4.734109418591D+02
  4.734597368778D+02  4.735094761024D+02  4.735601672519D+02  4.736118216350D+02
  4.736644460960D+02  4.737180509850D+02  4.737726421029D+02  4.738282286628D+02
  4.738848152349D+02  4.739424096982D+02  4.740010151841D+02  4.740606380195D+02
  4.741212796758D+02  4.741829446782D+02  4.742456325687D+02  4.743093458229D+02
  4.743740817835D+02  4.744398405767D+02  4.745066170408D+02  4.745744086332D+02
  4.746432073538D+02  4.747130076423D+02  4.747837982954D+02  4.748555703540D+02
  4.749283090145D+02  4.750020015048D+02  4.750766289884D+02  4.751521744307D+02
  4.752286144941D+02  4.753059273941D+02  4.753840847858D+02  4.754630596084D+02
  4.755428179635D+02  4.756233269476D+02  4.757045465212D+02  4.757864373296D+02
  4.758689525623D+02  4.759520457618D+02  4.760356626731D+02  4.761197490409D+02
  4.762042424485D+02  4.762890801032D+02  4.763741906649D+02  4.764595020204D+02
  4.765449331013D+02  4.766304016468D+02  4.767158160125D+02  4.768010829220D+02
  4.768860992661D+02  4.769707598448D+02  4.770549491581D+02  4.771385491382D+02
  4.772214309333D+02  4.773034626324D+02  4.773845010424D+02  4.774643994070D+02
  4.775429991796D+02  4.776201377380D+02  4.776956401554D+02  4.777693269130D+02
  4.778410056718D+02  4.779104789866D+02  4.779775360817D+02  4.780419605688D+02
  4.781035222308D+02  4.781619847486D+02  4.782170974962D+02  4.782686032808D+02
  4.783162301549D+02  4.783596991754D+02  4.783987162373D+02  4.784329798575D+02
  4.784621730377D+02  4.784859710790D+02  4.785040334801D+02  4.785160117914D+02
  4.785215415556D+02  4.785202502086D+02  4.785117490719D+02  4.784956413082D+02
  4.784715139748D+02  4.784389460431D+02  4.783975005219D+02  4.783467325509D+02
  4.782861816032D+02  4.782153796626D+02  4.781338435155D+02  4.780410830221D+02
  4.779365935065D+02  4.778198641319D+02  4.776903703986D+02  4.775475826318D+02
  4.773909585968D+02  4.772199521065D+02  4.770340057616D+02  4.768325596851D+02
  4.766150443918D+02  4.763808896557D+02  4.761295175118D+02  4.758603512573D+02
  4.755728085875D+02  4.752663107283D+02  4.749402757031D+02  4.745941275910D+02
  4.742272899159D+02  4.738391950211D+02  4.734292775656D+02  4.729969839989D+02
  4.725417661455D+02  4.720630907550D+02  4.715604331486D+02  4.710332868136D+02
  4.704811570761D+02  4.699035707009D+02  4.693000695471D+02  4.686702201244D+02
  4.680136071788D+02  4.673298431490D+02  4.666185616195D+02  4.658794266106D+02
  4.651121258290D+02  4.643163797166D+02  4.634919344206D+02  4.626385705199D+02
  4.617560956311D+02  4.608443527272D+02  4.599032122937D+02  4.589325801543D+02
  4.579323890928D+02  4.569026061066D+02  4.558432234204D+02  4.547542650999D+02
  4.536357773995D+02  4.524878347003D+02  4.513105291632D+02  4.501039759766D+02
  4.488683023467D+02  4.476036521065D+02  4.463101741226D+02  4.449880263950D+02
  4.436373640528D+02  4.422583431701D+02  4.408511086342D+02  4.394157980223D+02
  4.379525297540D+02  4.364614075073D+02  4.349425091987D+02  4.333958925435D+02
  4.318215855163D+02  4.302195937391D+02  4.285898931130D+02  4.269324396953D+02
  4.252471650892D+02  4.235339892706D+02  4.217928190083D+02  4.200235636583D+02
  4.182261363118D+02  4.164004718769D+02  4.145465298576D+02  4.126643131936D+02
  4.107538707328D+02  4.088153145532D+02  4.068488196325D+02  4.048546370978D+02
  4.028330886816D+02  4.007845738520D+02  3.987095575841D+02  3.966085706570D+02
  3.944821909038D+02  3.923310377577D+02  3.901557489324D+02  3.879569719046D+02
  3.857353392413D+02  3.834914605109D+02  3.812258997600D+02  3.789391711155D+02
  3.766317212192D+02  3.743039307224D+02  3.719561031880D+02  3.695884732660D+02
  3.672012021590D+02  3.647943919542D+02  3.623680866022D+02  3.599222909377D+02
  3.574569753974D+02  3.549720977535D+02  3.524676094819D+02  3.499434780889D+02
  3.473996930408D+02  3.448362866755D+02  3.422533378141D+02  3.396509895222D+02
  3.370294488613D+02  3.343890001781D+02  3.317299998825D+02  3.290528844178D+02
  3.263581595106D+02  3.236464025711D+02  3.209182465126D+02  3.181743770617D+02
  3.154155120497D+02  3.126423949640D+02  3.098557715552D+02  3.070563820056D+02
  3.042449376726D+02  3.014221151945D+02  2.985885371082D+02  2.957447718465D+02
  2.928913221911D+02  2.900286347809D+02  2.871570992328D+02  2.842770686816D+02
  2.813888692269D+02  2.784928288305D+02  2.755892918195D+02  2.726786483728D+02
  2.697613443902D+02  2.668379010446D+02  2.639089101724D+02  2.609750364057D+02
  2.580369944489D+02  2.550955349304D+02  2.521514095607D+02  2.492053507267D+02
  2.462580370232D+02  2.433100796222D+02  2.403619998830D+02  2.374142314290D+02
  2.344671151793D+02  2.315209187270D+02  2.285758470102D+02  2.256320745416D+02
  2.226897654602D+02  2.197491113538D+02  2.168103531728D+02  2.138738174124D+02
  2.109399332543D+02  2.080092613652D+02  2.050825015315D+02  2.021605103526D+02
  1.992442966828D+02  1.963350264728D+02  1.934340052423D+02  1.905426701738D+02
  1.876625604377D+02  1.847952981748D+02  1.819425489983D+02  1.791059948543D+02
  1.762872884043D+02  1.734880221631D+02  1.707096819687D+02  1.679536185284D+02
  1.652210071902D+02  1.625128303485D+02  1.598298532692D+02  1.571726282205D+02
  1.545414976590D+02  1.519366303873D+02  1.493580589442D+02  1.468057477567D+02
  1.442796540697D+02  1.417798041219D+02  1.393063407788D+02  1.368595633436D+02
  1.344399201796D+02  1.320479855261D+02  1.296843951601D+02  1.273497849470D+02
  1.250447138679D+02  1.227696150611D+02  1.205247498517D+02  1.183101989283D+02
  1.161258567860D+02  1.139714573501D+02  1.118465937596D+02  1.097507596754D+02
  1.076833761577D+02  1.056438333062D+02  1.036315126210D+02  1.016458210633D+02
  9.968620409404D+01  9.775216975645D+01  9.584329180835D+01  9.395922440181D+01
  9.209969670652D+01  9.026452010922D+01  8.845357648623D+01  8.666682019908D+01
  8.490426228913D+01  8.316596945766D+01  8.145204623015D+01  7.976263278755D+01
  7.809788676158D+01  7.645798135765D+01  7.484308799632D+01  7.325337571907D+01
  7.168899545261D+01  7.015008127273D+01  6.863673668419D+01  6.714903797324D+01
  6.568702259539D+01  6.425069459426D+01  6.284001498543D+01  6.145490906240D+01
  6.009525855150D+01  5.876091055002D+01  5.745167117879D+01  5.616731586296D+01
  5.490758417072D+01  5.367219108589D+01  5.246082261769D+01  5.127314755476D+01
  5.010881321576D+01  4.896745692605D+01  4.784870104484D+01  4.675216325761D+01
  4.567745003259D+01  4.462416506446D+01  4.359190079575D+01  4.258024501273D+01
  4.158877080622D+01  4.061704209888D+01  3.966460251831D+01  3.873098116021D+01
  3.781568109996D+01
N_07 POTENTIAL                      exc: Vosko,Wilk,Nusair      
  1.80145647  6.82500000  1.81203139
   7.00000
   2.10533   0.7247658564   0.8163257546
353
 0.25000000D-01 0.31739093D-03
 2 1
    0  -2.69998930000D+01
    0  -4.29582100000D-01
  2.594276435042D+01  2.594316540475D+01  2.594357625638D+01  2.594402308898D+01
  2.594448618226D+01  2.594496323027D+01  2.594545308102D+01  2.594595609469D+01
  2.594647188992D+01  2.594700113304D+01  2.594754359218D+01  2.594810001901D+01
  2.594867023719D+01  2.594925503852D+01  2.594985427844D+01  2.595046877568D+01
  2.595109840971D+01  2.595174402158D+01  2.595240551205D+01  2.595308374284D+01
  2.595377863508D+01  2.595449107075D+01  2.595522099129D+01  2.595596929908D+01
  2.595673595617D+01  2.595752188577D+01  2.595832707109D+01  2.595915245681D+01
  2.595999804792D+01  2.596086481127D+01  2.596175277443D+01  2.596266292720D+01
  2.596359532051D+01  2.596455096794D+01  2.596552994465D+01  2.596653328890D+01
  2.596756110093D+01  2.596861444456D+01  2.596969344625D+01  2.597079919890D+01
  2.597193224433D+01  2.597309330218D+01  2.597428255390D+01  2.597550114586D+01
  2.597674928833D+01  2.597802815698D+01  2.597933799184D+01  2.598067999886D+01
  2.598205444883D+01  2.598346257892D+01  2.598490469166D+01  2.598638205643D+01
  2.598789500842D+01  2.598944485017D+01  2.599103195049D+01  2.599265764599D+01
  2.599432234000D+01  2.599602740410D+01  2.599777327704D+01  2.599956136621D+01
  2.600139214659D+01  2.600326706220D+01  2.600518662502D+01  2.600715231646D+01
  2.600916468619D+01  2.601122525364D+01  2.601333460685D+01  2.601549430384D+01
  2.601770497150D+01  2.601996820694D+01  2.602228467630D+01  2.602465601611D+01
  2.602708293206D+01  2.602956710028D+01  2.603210926611D+01  2.603471114533D+01
  2.603737352284D+01  2.604009815391D+01  2.604288586274D+01  2.604573844366D+01
  2.604865675967D+01  2.605164264352D+01  2.605469699622D+01  2.605782168801D+01
  2.606101765678D+01  2.606428680900D+01  2.606763011802D+01  2.607104952489D+01
  2.607454603657D+01  2.607812162665D+01  2.608177733340D+01  2.608551516042D+01
  2.608933617454D+01  2.609324240631D+01  2.609723494778D+01  2.610131585282D+01
  2.610548623476D+01  2.610974816649D+01  2.611410277795D+01  2.611855215607D+01
  2.612309744201D+01  2.612774073090D+01  2.613248316886D+01  2.613732685250D+01
  2.614227292573D+01  2.614732347894D+01  2.615247964557D+01  2.615774350102D+01
  2.616311615891D+01  2.616859966966D+01  2.617419511641D+01  2.617990451330D+01
  2.618572890102D+01  2.619167024467D+01  2.619772952896D+01  2.620390865563D+01
  2.621020853823D+01  2.621663099911D+01  2.622317686367D+01  2.622984785695D+01
  2.623664469727D+01  2.624356899233D+01  2.625062133236D+01  2.625780318552D+01
  2.626511499052D+01  2.627255805141D+01  2.628013262949D+01  2.628783983749D+01
  2.629567973074D+01  2.630365320062D+01  2.631176006502D+01  2.632000096097D+01
  2.632837543430D+01  2.633688383146D+01  2.634552538830D+01  2.635430012100D+01
  2.636320691393D+01  2.637224540966D+01  2.638141409584D+01  2.639071219418D+01
  2.640013774633D+01  2.640968950178D+01  2.641936500270D+01  2.642916247073D+01
  2.643907889061D+01  2.644911189590D+01  2.645925785142D+01  2.646951373769D+01
  2.647987523226D+01  2.649033859283D+01  2.650089873735D+01  2.651155112588D+01
  2.652228983938D+01  2.653310946031D+01  2.654400315009D+01  2.655496452843D+01
  2.656598574949D+01  2.657705937992D+01  2.658817647370D+01  2.659932844899D+01
  2.661050516167D+01  2.662169678098D+01  2.663289186194D+01  2.664407921977D+01
  2.665524600124D+01  2.666637955810D+01  2.667746551742D+01  2.668848965415D+01
  2.669943596062D+01  2.671028851840D+01  2.672102956723D+01  2.673164137635D+01
  2.674210431307D+01  2.675239871392D+01  2.676250295315D+01  2.677239531400D+01
  2.678205205752D+01  2.679144929436D+01  2.680056105432D+01  2.680936115911D+01
  2.681782129319D+01  2.682591287799D+01  2.683360514458D+01  2.684086701005D+01
  2.684766515265D+01  2.685396589098D+01  2.685973326231D+01  2.686493090549D+01
  2.686952014325D+01  2.687346186954D+01  2.687671463691D+01  2.687923654924D+01
  2.688098335506D+01  2.688191034679D+01  2.688197046113D+01  2.688111618590D+01
  2.687929766863D+01  2.687646463224D+01  2.687256449301D+01  2.686754428638D+01
  2.686134879561D+01  2.685392248891D+01  2.684520766013D+01  2.683514637852D+01
  2.682367864277D+01  2.681074434469D+01  2.679628143779D+01  2.678022791621D+01
  2.676251999903D+01  2.674309412550D+01  2.672188515625D+01  2.669882838578D+01
  2.667385776138D+01  2.664690791379D+01  2.661791239443D+01  2.658680572470D+01
  2.655352165194D+01  2.651799521739D+01  2.648016103092D+01  2.643995535743D+01
  2.639731440970D+01  2.635217645250D+01  2.630448011244D+01  2.625416649840D+01
  2.620117752673D+01  2.614545805578D+01  2.608695422405D+01  2.602561559599D+01
  2.596139350973D+01  2.589424323055D+01  2.582412230400D+01  2.575099271236D+01
  2.567481922814D+01  2.559557156802D+01  2.551322274056D+01  2.542775119115D+01
  2.533913913703D+01  2.524737469565D+01  2.515245019913D+01  2.505436429770D+01
  2.495312024475D+01  2.484872796625D+01  2.474120230695D+01  2.463056505586D+01
  2.451684314349D+01  2.440007061330D+01  2.428028675949D+01  2.415753803362D+01
  2.403187611332D+01  2.390335973332D+01  2.377205267371D+01  2.363802550675D+01
  2.350135349523D+01  2.336211824526D+01  2.322040550647D+01  2.307630672299D+01
  2.292991672853D+01  2.278133518970D+01  2.263066419122D+01  2.247800956798D+01
  2.232347837863D+01  2.216718012637D+01  2.200922412270D+01  2.184972060135D+01
  2.168877797956D+01  2.152650387557D+01  2.136300228192D+01  2.119837450595D+01
  2.103271628013D+01  2.086611865773D+01  2.069866510079D+01  2.053043238185D+01
  2.036148771308D+01  2.019188973236D+01  2.002168576960D+01  1.985091303364D+01
  1.967959615546D+01  1.950774874093D+01  1.933537138214D+01  1.916245379234D+01
  1.898897352227D+01  1.881489892562D+01  1.864018882445D+01  1.846479652191D+01
  1.828867057433D+01  1.811175990992D+01  1.793401562193D+01  1.775539691776D+01
  1.757587343044D+01  1.739543124985D+01  1.721407477190D+01  1.703183165351D+01
  1.684875296276D+01  1.666491588129D+01  1.648042119893D+01  1.629539317912D+01
  1.610997429811D+01  1.592432270288D+01  1.573860511671D+01  1.555299318877D+01
  1.536765607346D+01  1.518275719837D+01  1.499844789035D+01  1.481486565268D+01
  1.463212957734D+01  1.445034050868D+01  1.426957829293D+01  1.408990361947D+01
  1.391135671720D+01  1.373396037780D+01  1.355771956323D+01  1.338262508440D+01
  1.320865363573D+01  1.303577170651D+01  1.286393568888D+01  1.269309573694D+01
  1.252319572694D+01  1.235417689900D+01  1.218597755132D+01  1.201853638496D+01
  1.185179188323D+01  1.168568533443D+01  1.152015988967D+01  1.135516327036D+01
  1.119064652122D+01  1.102656642632D+01  1.086288398609D+01  1.069956657396D+01
  1.053658617132D+01  1.037392129966D+01  1.021155504857D+01  1.004947681791D+01
  9.887680172291D+00  9.726164425166D+00  9.564932349651D+00  9.403991631798D+00
  9.243352462169D+00  9.083028879207D+00  8.923036258674D+00  8.763392559934D+00
  8.604115721428D+00  8.445224812992D+00  8.286737335303D+00  8.128670270810D+00
  7.971037274616D+00  7.813849606586D+00  7.657113192984D+00  7.500829415194D+00
  7.344992016851D+00  7.189587766821D+00  7.034593056930D+00  6.879974575497D+00
  6.725685601652D+00
Vac0 POTENTIAL                      exc: Vosko,Wilk,Nusair      
  2.37798540  6.82500000  2.34921590
   0.00000
   2.59633   0.7247658564   0.8163257546
353
 0.25000000D-01 0.39141124D-03
 0 1
  7.465637906327D-01  7.465408890525D-01  7.465165672045D-01  7.465096753660D-01
  7.465056900449D-01  7.465041597542D-01  7.465027690829D-01  7.465029104605D-01
  7.465027996985D-01  7.465040378733D-01  7.465049404946D-01  7.465071639140D-01
  7.465090584782D-01  7.465123052329D-01  7.465152740594D-01  7.465196630031D-01
  7.465238580740D-01  7.465295734595D-01  7.465352120904D-01  7.465425064147D-01
  7.465498795153D-01  7.465590863568D-01  7.465685754063D-01  7.465801304593D-01
  7.465922328840D-01  7.466067041659D-01  7.466220689330D-01  7.466401985021D-01
  7.466596749376D-01  7.466824358845D-01  7.467071401718D-01  7.467358143278D-01
  7.467672202825D-01  7.468035042901D-01  7.468435674137D-01  7.468897178018D-01
  7.469410434015D-01  7.469999859956D-01  7.470599024152D-01  7.470847079402D-01
  7.470576104961D-01  7.470327522791D-01  7.470083717707D-01  7.469860369303D-01
  7.469640040793D-01  7.469438570105D-01  7.469238661439D-01  7.469056278374D-01
  7.468874237485D-01  7.468708603159D-01  7.468542282512D-01  7.468391421514D-01
  7.468239000928D-01  7.468101233304D-01  7.467961159725D-01  7.467835047567D-01
  7.467705987760D-01  7.467590293094D-01  7.467471095977D-01  7.467364747080D-01
  7.467254413541D-01  7.467156477852D-01  7.467054136412D-01  7.466963798625D-01
  7.466868685623D-01  7.466785229662D-01  7.466696673006D-01  7.466619467386D-01
  7.466536873128D-01  7.466465358716D-01  7.466388199981D-01  7.466321879823D-01
  7.466249687495D-01  7.466188118379D-01  7.466120473347D-01  7.466063258610D-01
  7.465999785180D-01  7.465946568701D-01  7.465886929020D-01  7.465837390077D-01
  7.465781279426D-01  7.465735128290D-01  7.465682271027D-01  7.465639245219D-01
  7.465589391256D-01  7.465549252344D-01  7.465502174160D-01  7.465464704918D-01
  7.465420194983D-01  7.465385196974D-01  7.465343065420D-01  7.465310356881D-01
  7.465270429573D-01  7.465239843544D-01  7.465201960321D-01  7.465173343032D-01
  7.465137356144D-01  7.465110565567D-01  7.465076338369D-01  7.465051242923D-01
  7.465018648626D-01  7.464995126053D-01  7.464964046666D-01  7.464941982995D-01
  7.464912308341D-01  7.464891596973D-01  7.464863223821D-01  7.464843764683D-01
  7.464816595938D-01  7.464798294737D-01  7.464772238732D-01  7.464755006246D-01
  7.464729976030D-01  7.464713727453D-01  7.464689640213D-01  7.464674294555D-01
  7.464651070991D-01  7.464636550507D-01  7.464614114296D-01  7.464600343951D-01
  7.464578621210D-01  7.464565528152D-01  7.464544446934D-01  7.464531959992D-01
  7.464511449781D-01  7.464499498978D-01  7.464479490208D-01  7.464468006257D-01
  7.464448429816D-01  7.464437343660D-01  7.464418130401D-01  7.464407372687D-01
  7.464388452934D-01  7.464377953530D-01  7.464359256567D-01  7.464348944035D-01
  7.464330397571D-01  7.464320198633D-01  7.464301728252D-01  7.464291567215D-01
  7.464273095801D-01  7.464262893969D-01  7.464244341086D-01  7.464234016119D-01
  7.464215297356D-01  7.464204762595D-01  7.464185788864D-01  7.464174952605D-01
  7.464155629390D-01  7.464144394100D-01  7.464124620635D-01  7.464112882096D-01
  7.464092550486D-01  7.464080196880D-01  7.464059191135D-01  7.464046102039D-01
  7.464024297024D-01  7.464010342311D-01  7.463987602606D-01  7.463972641248D-01
  7.463948819891D-01  7.463932698644D-01  7.463907635750D-01  7.463890187718D-01
  7.463863708980D-01  7.463844752027D-01  7.463816667052D-01  7.463796002069D-01
  7.463766102552D-01  7.463743511539D-01  7.463711569258D-01  7.463686813220D-01
  7.463652577826D-01  7.463625394449D-01  7.463588591025D-01  7.463558692118D-01
  7.463519018494D-01  7.463486087168D-01  7.463443210958D-01  7.463406898513D-01
  7.463360453845D-01  7.463320376334D-01  7.463269960238D-01  7.463225694676D-01
  7.463170863108D-01  7.463121943287D-01  7.463062206720D-01  7.463008118589D-01
  7.462942937169D-01  7.462883113726D-01  7.462811891896D-01  7.462745707553D-01
  7.462667788139D-01  7.462594552496D-01  7.462509210154D-01  7.462428161120D-01
  7.462334595111D-01  7.462244891302D-01  7.462142217502D-01  7.462042929845D-01
  7.461930171916D-01  7.461820274374D-01  7.461696354014D-01  7.461574713331D-01
  7.461438439497D-01  7.461303803865D-01  7.461153860860D-01  7.461004847405D-01
  7.460839781721D-01  7.460674862664D-01  7.460493068429D-01  7.460310555794D-01
  7.460110258703D-01  7.459908287414D-01  7.459687526956D-01  7.459464036160D-01
  7.459220645982D-01  7.458973358403D-01  7.458704944601D-01  7.458431343716D-01
  7.458135260846D-01  7.457832565662D-01  7.457505890215D-01  7.457171027383D-01
  7.456810528470D-01  7.456440101466D-01  7.456042208413D-01  7.455632463459D-01
  7.455193229976D-01  7.454740018376D-01  7.454255082954D-01  7.453753819449D-01
  7.453218361572D-01  7.452663978295D-01  7.452072670029D-01  7.451459565605D-01
  7.450806518071D-01  7.450128501328D-01  7.449407205513D-01  7.448657433249D-01
  7.447860694561D-01  7.447031602714D-01  7.446151468609D-01  7.445234696150D-01
  7.444262376081D-01  7.443248680834D-01  7.442174457731D-01  7.441053623264D-01
  7.439866755602D-01  7.438627488235D-01  7.437316101709D-01  7.435945916572D-01
  7.434496884247D-01  7.432981979209D-01  7.431380788905D-01  7.429705905072D-01
  7.427936512606D-01  7.426084779921D-01  7.424129446664D-01  7.422082213003D-01
  7.419921326054D-01  7.417657967996D-01  7.415269841059D-01  7.412767554337D-01
  7.410128207183D-01  7.407361774567D-01  7.404444688704D-01  7.401386222801D-01
  7.398162070706D-01  7.394780728870D-01  7.391217073801D-01  7.387478742015D-01
  7.383539705059D-01  7.379406647224D-01  7.375052537833D-01  7.370483006471D-01
  7.365669912218D-01  7.360617716081D-01  7.355297046819D-01  7.349711070236D-01
  7.343829051181D-01  7.337652719306D-01  7.331149826761D-01  7.324320509971D-01
  7.317130842473D-01  7.309579192180D-01  7.301629768720D-01  7.293278975571D-01
  7.284488951155D-01  7.275253915105D-01  7.265533702233D-01  7.255320102061D-01
  7.244570384612D-01  7.233273632150D-01  7.221384255537D-01  7.208888316920D-01
  7.195737035117D-01  7.181913097697D-01  7.167364153544D-01  7.152069112407D-01
  7.135971622356D-01  7.119046354417D-01  7.101232462089D-01  7.082499848090D-01
  7.062782602391D-01  7.042045247334D-01  7.020216149754D-01  6.997253739731D-01
  6.973079891226D-01  6.947646108459D-01  6.920866868015D-01  6.892685765211D-01
  6.863008808737D-01  6.831770517292D-01  6.798867155413D-01  6.764222767974D-01
  6.727722342776D-01  6.689277767070D-01  6.648760898533D-01  6.606069423564D-01
  6.561059813224D-01  6.513613057404D-01  6.463567475800D-01  6.410784294780D-01
  6.355080275129D-01  6.296293089040D-01  6.234213715576D-01  6.168651563072D-01
  6.099366569319D-01  6.026133998887D-01  5.948676166946D-01  5.866726820567D-01
  5.779962381629D-01  5.688065794602D-01  5.590657153614D-01  5.487356864933D-01
  5.377715484234D-01  5.261275998090D-01  5.137502647865D-01  5.005842079250D-01
  4.865650867542D-01  4.716255216585D-01  4.556876826013D-01  4.386690742501D-01
  4.204749126397D-01  4.010036766653D-01  3.801392256677D-01  3.577560562175D-01
  3.337110998499D-01  3.078487726917D-01  2.799919357095D-01  2.499471192447D-01
  2.174947829163D-01
Vac0 POTENTIAL                      exc: Vosko,Wilk,Nusair      
  1.80145647  6.82500000  1.81203139
   0.00000
   2.10533   0.7247658564   0.8163257546
353
 0.25000000D-01 0.31739093D-03
 0 1
  5.566124096326D-01  5.565766146396D-01  5.565395368100D-01  5.565283082525D-01
  5.565220668412D-01  5.565183486533D-01  5.565154083559D-01  5.565135675581D-01
  5.565118714202D-01  5.565109466965D-01  5.565099803798D-01  5.565096742445D-01
  5.565092587277D-01  5.565094630210D-01  5.565095359990D-01  5.565102201439D-01
  5.565107744990D-01  5.565119498549D-01  5.565130124434D-01  5.565147195745D-01
  5.565163437766D-01  5.565186486235D-01  5.565209131133D-01  5.565239076284D-01
  5.565269185267D-01  5.565307242334D-01  5.565346199757D-01  5.565393940734D-01
  5.565443528420D-01  5.565502970791D-01  5.565565472072D-01  5.565639200282D-01
  5.565717541319D-01  5.565808870134D-01  5.565906808951D-01  5.566020002480D-01
  5.566142379218D-01  5.566282791301D-01  5.566422699992D-01  5.566470312209D-01
  5.566390234707D-01  5.566317998236D-01  5.566245867024D-01  5.566181011914D-01
  5.566115749190D-01  5.566057295645D-01  5.565998008742D-01  5.565945141876D-01
  5.565891085160D-01  5.565843121446D-01  5.565793667244D-01  5.565750029141D-01
  5.565704645167D-01  5.565664841354D-01  5.565623073283D-01  5.565586682996D-01
  5.565548140609D-01  5.565514801439D-01  5.565479147706D-01  5.565448545756D-01
  5.565415487996D-01  5.565387350039D-01  5.565356632818D-01  5.565330719822D-01
  5.565302119208D-01  5.565278221127D-01  5.565251539893D-01  5.565229471378D-01
  5.565204535139D-01  5.565184131935D-01  5.565160785862D-01  5.565141901879D-01
  5.565120008000D-01  5.565102512811D-01  5.565081947718D-01  5.565065724473D-01
  5.565046377408D-01  5.565031321044D-01  5.565013092275D-01  5.564999108023D-01
  5.564981907430D-01  5.564968909521D-01  5.564952655421D-01  5.564940566000D-01
  5.564925184100D-01  5.564913932227D-01  5.564899354755D-01  5.564888875612D-01
  5.564875040528D-01  5.564865274683D-01  5.564852125010D-01  5.564843017802D-01
  5.564830501025D-01  5.564822001964D-01  5.564810069523D-01  5.564802131846D-01
  5.564790738656D-01  5.564783318857D-01  5.564772422884D-01  5.564765480333D-01
  5.564755042253D-01  5.564748538827D-01  5.564738521660D-01  5.564732421441D-01
  5.564722790249D-01  5.564717059216D-01  5.564707780824D-01  5.564702386579D-01
  5.564693429309D-01  5.564688340827D-01  5.564679674252D-01  5.564674861647D-01
  5.564666456352D-01  5.564661890639D-01  5.564653718016D-01  5.564649370896D-01
  5.564641402909D-01  5.564637246555D-01  5.564629455539D-01  5.564625462396D-01
  5.564617820842D-01  5.564613963405D-01  5.564606443764D-01  5.564602694380D-01
  5.564595268835D-01  5.564591599479D-01  5.564584239750D-01  5.564580621817D-01
  5.564573298917D-01  5.564569702990D-01  5.564562387008D-01  5.564558782621D-01
  5.564551442477D-01  5.564547797865D-01  5.564540401047D-01  5.564536682887D-01
  5.564529195178D-01  5.564525368293D-01  5.564517753490D-01  5.564513780561D-01
  5.564506000144D-01  5.564501841371D-01  5.564493854172D-01  5.564489466924D-01
  5.564481228756D-01  5.564476567189D-01  5.564468030442D-01  5.564463045075D-01
  5.564454158285D-01  5.564448795547D-01  5.564439502910D-01  5.564433704636D-01
  5.564423945492D-01  5.564417648380D-01  5.564407356633D-01  5.564400491638D-01
  5.564389595130D-01  5.564382086808D-01  5.564370506624D-01  5.564362272402D-01
  5.564349922113D-01  5.564340871491D-01  5.564327656309D-01  5.564317689982D-01
  5.564303505840D-01  5.564292514727D-01  5.564277247261D-01  5.564265111435D-01
  5.564248634862D-01  5.564235222369D-01  5.564217398245D-01  5.564202563811D-01
  5.564183239667D-01  5.564166823256D-01  5.564145831090D-01  5.564127656317D-01
  5.564104810929D-01  5.564084683316D-01  5.564059780469D-01  5.564037485512D-01
  5.564010299899D-01  5.563985600932D-01  5.563955883939D-01  5.563928519778D-01
  5.563895997001D-01  5.563865679340D-01  5.563830047853D-01  5.563796458389D-01
  5.563757383717D-01  5.563720170970D-01  5.563677283750D-01  5.563636059553D-01
  5.563588951842D-01  5.563543287460D-01  5.563491508659D-01  5.563440930498D-01
  5.563383982841D-01  5.563327967715D-01  5.563265301287D-01  5.563203271180D-01
  5.563134278414D-01  5.563065594688D-01  5.562989604280D-01  5.562913561284D-01
  5.562829831467D-01  5.562745649464D-01  5.562653360577D-01  5.562560177928D-01
  5.562458424200D-01  5.562355288731D-01  5.562243069199D-01  5.562128928651D-01
  5.562005137121D-01  5.561878828596D-01  5.561742242551D-01  5.561602480845D-01
  5.561451749175D-01  5.561297113885D-01  5.561130743327D-01  5.560959664587D-01
  5.560776004737D-01  5.560586747460D-01  5.560383974195D-01  5.560174620645D-01
  5.559950717800D-01  5.559719148323D-01  5.559471887430D-01  5.559215759146D-01
  5.558942677031D-01  5.558659400282D-01  5.558357774291D-01  5.558044486583D-01
  5.557711307184D-01  5.557364844378D-01  5.556996784866D-01  5.556613649318D-01
  5.556207032301D-01  5.555783357611D-01  5.555334117943D-01  5.554865629977D-01
  5.554369273758D-01  5.553851247513D-01  5.553302806721D-01  5.552730018615D-01
  5.552124000914D-01  5.551490675984D-01  5.550821009183D-01  5.550120762652D-01
  5.549380733234D-01  5.548606505844D-01  5.547788690921D-01  5.546932677339D-01
  5.546028869326D-01  5.545082438875D-01  5.544083562077D-01  5.543037170963D-01
  5.541933189193D-01  5.540776283271D-01  5.539556097514D-01  5.538277004568D-01
  5.536928339583D-01  5.535514149947D-01  5.534023428579D-01  5.532459862798D-01
  5.530812066630D-01  5.529083328711D-01  5.527261843501D-01  5.525350458115D-01
  5.523336902310D-01  5.521223534123D-01  5.518997568496D-01  5.516660821575D-01
  5.514199937816D-01  5.511616132793D-01  5.508895418597D-01  5.506038344981D-01
  5.503030222858D-01  5.499870863566D-01  5.496544800238D-01  5.493051024976D-01
  5.489373207815D-01  5.485509431544D-01  5.481442407985D-01  5.477169210142D-01
  5.472671485467D-01  5.467945185001D-01  5.462970773218D-01  5.457742953779D-01
  5.452240875504D-01  5.446457854276D-01  5.440371574627D-01  5.433973807261D-01
  5.427240605648D-01  5.420162018548D-01  5.412712280909D-01  5.404879520658D-01
  5.396635943089D-01  5.387967531049D-01  5.378844221835D-01  5.369249599773D-01
  5.359151064451D-01  5.348529514464D-01  5.337349505608D-01  5.325588924325D-01
  5.313209134182D-01  5.300184637247D-01  5.286473206829D-01  5.272045534635D-01
  5.256855347307D-01  5.240869036710D-01  5.224035757253D-01  5.206317036056D-01
  5.187656847333D-01  5.168011198389D-01  5.147318176461D-01  5.125527505498D-01
  5.102570559708D-01  5.078389884806D-01  5.052909171036D-01  5.026062730930D-01
  4.997765422708D-01  4.967942074455D-01  4.936497346371D-01  4.903345088545D-01
  4.868378127380D-01  4.831497540588D-01  4.792582349032D-01  4.751518687943D-01
  4.708169380117D-01  4.662402976305D-01  4.614063178770D-01  4.562997715891D-01
  4.509027575979D-01  4.451975670749D-01  4.391635827304D-01  4.327801181412D-01
  4.260232859766D-01  4.188688025848D-01  4.112888163623D-01  4.032546674735D-01
  3.947336647024D-01  3.856917869894D-01  3.760903934185D-01  3.658888490596D-01
  3.550411478908D-01  3.434984394768D-01  3.312055401918D-01  3.181033274440D-01
  3.041251019311D-01  2.891989191223D-01  2.732433921182D-01  2.561702973905D-01
  2.378798189539D-01
