In49 POTENTIAL                      exc: Vosko,Wilk,Nusair      
  2.25914357  6.50000000  2.23392349
  49.00000
   2.46891   0.8856778160   0.8856506264
353
 0.25000000D-01 0.37220196D-03
 9 1
    0  -1.96656160000D+03
    0  -2.87428550000D+02
    0  -5.37136240000D+01
    0  -7.39818510000D+00
    1  -2.68528840000D+02
    1  -4.59639090000D+01
    1  -4.86454470000D+00
    2  -3.15522220000D+01
    2  -7.38539920000D-01
  4.725879640593D+02  4.726143297029D+02  4.726412978588D+02  4.726688749351D+02
  4.726970696200D+02  4.727258957892D+02  4.727553630719D+02  4.727854854660D+02
  4.728162728429D+02  4.728477393532D+02  4.728798950432D+02  4.729127541841D+02
  4.729463269490D+02  4.729806276927D+02  4.730156666666D+02  4.730514582650D+02
  4.730880127646D+02  4.731253445469D+02  4.731634638548D+02  4.732023849959D+02
  4.732421181125D+02  4.732826773690D+02  4.733240727310D+02  4.733663181402D+02
  4.734094233000D+02  4.734534018393D+02  4.734982631030D+02  4.735440203053D+02
  4.735906823242D+02  4.736382618450D+02  4.736867671572D+02  4.737362102888D+02
  4.737865988048D+02  4.738379439329D+02  4.738902523616D+02  4.739435343588D+02
  4.739977955680D+02  4.740530451192D+02  4.741092874239D+02  4.741665302777D+02
  4.742247766609D+02  4.742840328078D+02  4.743443000220D+02  4.744055827538D+02
  4.744678803861D+02  4.745311953116D+02  4.745955247151D+02  4.746608686414D+02
  4.747272217722D+02  4.747945814858D+02  4.748629396281D+02  4.749322905624D+02
  4.750026229346D+02  4.750739277133D+02  4.751461899479D+02  4.752193967990D+02
  4.752935292883D+02  4.753685703194D+02  4.754444964195D+02  4.755212857491D+02
  4.755989098356D+02  4.756773415717D+02  4.757565469398D+02  4.758364929995D+02
  4.759171396026D+02  4.759984473685D+02  4.760803693895D+02  4.761628591953D+02
  4.762458624472D+02  4.763293248913D+02  4.764131840424D+02  4.764973771256D+02
  4.765818327497D+02  4.766664788372D+02  4.767512342878D+02  4.768360168970D+02
  4.769207350097D+02  4.770052954281D+02  4.770895950563D+02  4.771735287977D+02
  4.772569811911D+02  4.773398342996D+02  4.774219593388D+02  4.775032245580D+02
  4.775834868627D+02  4.776625996889D+02  4.777404046223D+02  4.778167392678D+02
  4.778914288669D+02  4.779642941655D+02  4.780351430317D+02  4.781037783252D+02
  4.781699895183D+02  4.782335605706D+02  4.782942615569D+02  4.783518565509D+02
  4.784060952648D+02  4.784567209462D+02  4.785034620344D+02  4.785460400761D+02
  4.785841614037D+02  4.786175250756D+02  4.786458145829D+02  4.786687058212D+02
  4.786858588327D+02  4.786969258161D+02  4.787015429122D+02  4.786993382602D+02
  4.786899238346D+02  4.786729035564D+02  4.786478651904D+02  4.786143885209D+02
  4.785720373177D+02  4.785203675864D+02  4.784589196131D+02  4.783872262981D+02
  4.783048052899D+02  4.782111674127D+02  4.781058088980D+02  4.779882199159D+02
  4.778578769148D+02  4.777142512641D+02  4.775568017114D+02  4.773849831445D+02
  4.771982391730D+02  4.769960110172D+02  4.767777302190D+02  4.765428276622D+02
  4.762907264162D+02  4.760208508902D+02  4.757326198093D+02  4.754254555008D+02
  4.750987770004D+02  4.747520094639D+02  4.743845773957D+02  4.739959141758D+02
  4.735854553959D+02  4.731526484862D+02  4.726969461393D+02  4.722178160120D+02
  4.717147342112D+02  4.711871950402D+02  4.706347045105D+02  4.700567900933D+02
  4.694529942142D+02  4.688228839619D+02  4.681660445126D+02  4.674820887388D+02
  4.667706505019D+02  4.660313940948D+02  4.652640073329D+02  4.644682107554D+02
  4.636437504366D+02  4.627904068666D+02  4.619079873980D+02  4.609963347207D+02
  4.600553188599D+02  4.590848451587D+02  4.580848457436D+02  4.570552869363D+02
  4.559961601125D+02  4.549074884756D+02  4.537893172513D+02  4.526417197878D+02
  4.514647870572D+02  4.502586330676D+02  4.490233837042D+02  4.477591815043D+02
  4.464661739171D+02  4.451445175715D+02  4.437943661268D+02  4.424158742583D+02
  4.410091853822D+02  4.395744357031D+02  4.381117422240D+02  4.366212073335D+02
  4.351029076432D+02  4.335568997183D+02  4.319832103933D+02  4.303818443279D+02
  4.287527764901D+02  4.270959621955D+02  4.254113323432D+02  4.236988063971D+02
  4.219582906443D+02  4.201896941348D+02  4.183929296592D+02  4.165679319676D+02
  4.147146603691D+02  4.128331177035D+02  4.109233526302D+02  4.089854770816D+02
  4.070196657513D+02  4.050261694814D+02  4.030053095470D+02  4.009574849370D+02
  3.988831599689D+02  3.967828647523D+02  3.946571762975D+02  3.925067132425D+02
  3.903321124026D+02  3.881340204399D+02  3.859130690635D+02  3.836698671249D+02
  3.814049779619D+02  3.791189151754D+02  3.768121249191D+02  3.744849875565D+02
  3.721378064039D+02  3.697708160556D+02  3.673841776789D+02  3.649779934870D+02
  3.625523075394D+02  3.601071248993D+02  3.576424161710D+02  3.551581393698D+02
  3.526542461131D+02  3.501307040859D+02  3.475875028003D+02  3.450246746524D+02
  3.424422983708D+02  3.398405169323D+02  3.372195371576D+02  3.345796431639D+02
  3.319211909952D+02  3.292446167628D+02  3.265504257529D+02  3.238391950033D+02
  3.211115569839D+02  3.183681970834D+02  3.156098327627D+02  3.128372072787D+02
  3.100510661483D+02  3.072521494807D+02  3.044411685667D+02  3.016188001355D+02
  2.987856668021D+02  2.959423371999D+02  2.930893142470D+02  2.902270447771D+02
  2.873559184633D+02  2.844762884778D+02  2.815884807499D+02  2.786928229988D+02
  2.757896590762D+02  2.728793786249D+02  2.699624268282D+02  2.670393241743D+02
  2.641106617581D+02  2.611771036427D+02  2.582393640451D+02  2.552981933936D+02
  2.523543433554D+02  2.494085465858D+02  2.464614820744D+02  2.435137616198D+02
  2.405659072159D+02  2.376183532097D+02  2.346714411019D+02  2.317254390122D+02
  2.287805521370D+02  2.258369550940D+02  2.228948117905D+02  2.199543133949D+02
  2.170157000993D+02  2.140792974803D+02  2.111455335168D+02  2.082149675884D+02
  2.052882980034D+02  2.023663799050D+02  1.994502206139D+02  1.965409846859D+02
  1.936399762831D+02  1.907486314788D+02  1.878684884720D+02  1.850011687668D+02
  1.821483375492D+02  1.793116767238D+02  1.764928391492D+02  1.736934179285D+02
  1.709148997046D+02  1.681586363290D+02  1.654258044272D+02  1.627173878943D+02
  1.600341534798D+02  1.573766549774D+02  1.547452361468D+02  1.521400669218D+02
  1.495611805518D+02  1.470085418549D+02  1.444821079893D+02  1.419819048556D+02
  1.395080747113D+02  1.370609163263D+02  1.346408776474D+02  1.322485329344D+02
  1.298845183551D+02  1.275494706966D+02  1.252439501607D+02  1.229683914372D+02
  1.207230574364D+02  1.185080304934D+02  1.163232065552D+02  1.141683208974D+02
  1.120429677206D+02  1.099466416125D+02  1.078787642834D+02  1.058387263883D+02
  1.038259097606D+02  1.018397216557D+02  9.987960765421D+01  9.794507591359D+01
  9.603570014585D+01  9.415113444467D+01  9.229110773068D+01  9.045543107466D+01
  8.864398576833D+01  8.685672542070D+01  8.509365992900D+01  8.335485453896D+01
  8.164041176630D+01  7.995046929093D+01  7.828518149401D+01  7.664471763043D+01
  7.502924420111D+01  7.343892440013D+01  7.187390210544D+01  7.033430318454D+01
  6.882022150776D+01  6.733172235871D+01  6.586883058418D+01  6.443153611623D+01
  6.301978418510D+01  6.163348282237D+01  6.027249497045D+01  5.893664777728D+01
  5.762572639447D+01  5.633948482688D+01  5.507764112966D+01  5.383988942834D+01
  5.262589598543D+01  5.143531166817D+01  5.026776794364D+01  4.912288865515D+01
  4.800028469478D+01  4.689956387512D+01  4.582032329727D+01  4.476215674040D+01
  4.372464467627D+01  4.270735979877D+01  4.170985512111D+01  4.073166936073D+01
  3.977231426145D+01
N_07 POTENTIAL                      exc: Vosko,Wilk,Nusair      
  1.72127726  6.50000000  1.73067725
   7.00000
   2.01081   0.8856778160   0.8856506264
353
 0.25000000D-01 0.30314114D-03
 2 1
    0  -2.69998930000D+01
    0  -4.29582100000D-01
  2.611904919087D+01  2.611943107838D+01  2.611982223619D+01  2.612024858004D+01
  2.612069055040D+01  2.612114597628D+01  2.612161360339D+01  2.612209388831D+01
  2.612258633609D+01  2.612309170475D+01  2.612360964634D+01  2.612414100262D+01
  2.612468547997D+01  2.612524395934D+01  2.612581617802D+01  2.612640304307D+01
  2.612700431506D+01  2.612762092264D+01  2.612825264692D+01  2.612890043647D+01
  2.612956409206D+01  2.613024458179D+01  2.613094172596D+01  2.613165651232D+01
  2.613238878103D+01  2.613313953991D+01  2.613390864949D+01  2.613469713826D+01
  2.613550488775D+01  2.613633294781D+01  2.613718122173D+01  2.613805078148D+01
  2.613894155287D+01  2.613985463084D+01  2.614078996455D+01  2.614174867275D+01
  2.614273072886D+01  2.614373727629D+01  2.614476831378D+01  2.614582501408D+01
  2.614690778535D+01  2.614801742891D+01  2.614915399667D+01  2.615031871189D+01
  2.615151165439D+01  2.615273407579D+01  2.615398608477D+01  2.615526896230D+01
  2.615658284690D+01  2.615792904987D+01  2.615930774053D+01  2.616072026149D+01
  2.616216681384D+01  2.616364877244D+01  2.616516637113D+01  2.616672101795D+01
  2.616831298042D+01  2.616994370072D+01  2.617161348091D+01  2.617332379821D+01
  2.617507499013D+01  2.617686856974D+01  2.617870491082D+01  2.618058556312D+01
  2.618251093746D+01  2.618448262097D+01  2.618650106224D+01  2.618856788644D+01
  2.619068358051D+01  2.619284980826D+01  2.619506709549D+01  2.619733714510D+01
  2.619966052216D+01  2.620203896897D+01  2.620447309014D+01  2.620696466757D+01
  2.620951434549D+01  2.621212394542D+01  2.621479415113D+01  2.621752682356D+01
  2.622032268574D+01  2.622318363762D+01  2.622611044094D+01  2.622910503400D+01
  2.623216821644D+01  2.623530196394D+01  2.623850711293D+01  2.624178567517D+01
  2.624513852240D+01  2.624856770082D+01  2.625207411558D+01  2.625565984522D+01
  2.625932582602D+01  2.626307416629D+01  2.626690583061D+01  2.627082295397D+01
  2.627482652588D+01  2.627891870435D+01  2.628310049979D+01  2.628737408889D+01
  2.629174049830D+01  2.629620191829D+01  2.630075938629D+01  2.630541510030D+01
  2.631017010219D+01  2.631502659088D+01  2.631998560544D+01  2.632504933796D+01
  2.633021881637D+01  2.633549621707D+01  2.634088254740D+01  2.634637995798D+01
  2.635198942486D+01  2.635771306147D+01  2.636355180044D+01  2.636950770518D+01
  2.637558165127D+01  2.638177563764D+01  2.638809046754D+01  2.639452805924D+01
  2.640108912654D+01  2.640777548900D+01  2.641458775190D+01  2.642152761592D+01
  2.642859555660D+01  2.643579313340D+01  2.644312066857D+01  2.645057955557D+01
  2.645816993727D+01  2.646589301374D+01  2.647374871973D+01  2.648173803169D+01
  2.648986064454D+01  2.649811727792D+01  2.650650735208D+01  2.651503129335D+01
  2.652368820918D+01  2.653247819267D+01  2.654139999670D+01  2.655045333754D+01
  2.655963656797D+01  2.656894897993D+01  2.657838847654D+01  2.658795387376D+01
  2.659764257130D+01  2.660745285314D+01  2.661738155735D+01  2.662742637544D+01
  2.663758352097D+01  2.664785002771D+01  2.665822141707D+01  2.666869399494D+01
  2.667926251789D+01  2.668992248879D+01  2.670066782168D+01  2.671149313608D+01
  2.672239142060D+01  2.673335632594D+01  2.674437982722D+01  2.675545451569D+01
  2.676657125973D+01  2.677772149537D+01  2.678889488605D+01  2.680008161187D+01
  2.681127002823D+01  2.682244895392D+01  2.683360532872D+01  2.684472650042D+01
  2.685579788146D+01  2.686680523513D+01  2.687773233135D+01  2.688856323220D+01
  2.689927994712D+01  2.690986471794D+01  2.692029767380D+01  2.693055911593D+01
  2.694062717258D+01  2.695048008396D+01  2.696009385747D+01  2.696944455324D+01
  2.697850594008D+01  2.698725178208D+01  2.699565349585D+01  2.700368243862D+01
  2.701130756738D+01  2.701849772920D+01  2.702521932282D+01  2.703143859190D+01
  2.703711928987D+01  2.704222497684D+01  2.704671668860D+01  2.705055523805D+01
  2.705369888921D+01  2.705610566419D+01  2.705773102326D+01  2.705853017834D+01
  2.705845578022D+01  2.705746023975D+01  2.705549342332D+01  2.705250498300D+01
  2.704844206145D+01  2.704325163227D+01  2.703687821572D+01  2.702926623040D+01
  2.702035772117D+01  2.701009472350D+01  2.699841700477D+01  2.698526444271D+01
  2.697057478125D+01  2.695428602426D+01  2.693633420720D+01  2.691665580724D+01
  2.689518553182D+01  2.687185874605D+01  2.684660927908D+01  2.681937186956D+01
  2.679007999040D+01  2.675866831283D+01  2.672507054982D+01  2.668922193883D+01
  2.665105710381D+01  2.661051255639D+01  2.656752457584D+01  2.652203172777D+01
  2.647397276105D+01  2.642328914255D+01  2.636992296914D+01  2.631381951637D+01
  2.625492516304D+01  2.619318995087D+01  2.612856551830D+01  2.606100766738D+01
  2.599047430255D+01  2.591692800011D+01  2.584033394679D+01  2.576066250613D+01
  2.567788715083D+01  2.559198701937D+01  2.550294483505D+01  2.541074944538D+01
  2.531539371979D+01  2.521687706340D+01  2.511520328450D+01  2.501038307356D+01
  2.490243183094D+01  2.479137210123D+01  2.467723135120D+01  2.456004434907D+01
  2.443985088239D+01  2.431669807158D+01  2.419063801783D+01  2.406173004042D+01
  2.393003824332D+01  2.379563366767D+01  2.365859176781D+01  2.351899446913D+01
  2.337692754557D+01  2.323248257519D+01  2.308575421240D+01  2.293684203567D+01
  2.278584770996D+01  2.263287672357D+01  2.247803543927D+01  2.232143272071D+01
  2.216317687490D+01  2.200337717319D+01  2.184214069322D+01  2.167957374609D+01
  2.151577863353D+01  2.135085500206D+01  2.118489654236D+01  2.101799230469D+01
  2.085022338355D+01  2.068166424847D+01  2.051237948093D+01  2.034242520276D+01
  2.017184596590D+01  2.000067639974D+01  1.982893839827D+01  1.965664315597D+01
  1.948378884716D+01  1.931036326867D+01  1.913634224704D+01  1.896169313045D+01
  1.878637415610D+01  1.861033898837D+01  1.843353717503D+01  1.825591975177D+01
  1.807744065415D+01  1.789806305991D+01  1.771776120073D+01  1.753652664878D+01
  1.735436952046D+01  1.717132354939D+01  1.698744548143D+01  1.680281783172D+01
  1.661754562129D+01  1.643175636106D+01  1.624559415980D+01  1.605921747557D+01
  1.587279159129D+01  1.568648546034D+01  1.550046403588D+01  1.531488567472D+01
  1.512989560374D+01  1.494562487285D+01  1.476218560230D+01  1.457967178173D+01
  1.439815629104D+01  1.421769330118D+01  1.403831666319D+01  1.386004341624D+01
  1.368287302164D+01  1.350679147086D+01  1.333177090217D+01  1.315777390772D+01
  1.298475319932D+01  1.281265584705D+01  1.264142278734D+01  1.247099283918D+01
  1.230130194503D+01  1.213228689139D+01  1.196388423793D+01  1.179603372014D+01
  1.162867686147D+01  1.146176006530D+01  1.129523292661D+01  1.112905103617D+01
  1.096317401893D+01  1.079756808050D+01  1.063220380372D+01  1.046705846923D+01
  1.030211364173D+01  1.013735729492D+01  9.972781216132D+00  9.808382961965D+00
  9.644163104660D+00  9.480127038495D+00  9.316282084135D+00  9.152639157509D+00
  8.989209739156D+00  8.826007407395D+00  8.663044669182D+00  8.500334348690D+00
  8.337886265846D+00  8.175708461992D+00  8.013803705688D+00  7.852170532155D+00
  7.690799555015D+00  7.529674359771D+00  7.368767428531D+00  7.208041102214D+00
  7.047443148815D+00
Vac0 POTENTIAL                      exc: Vosko,Wilk,Nusair      
  2.25914357  6.50000000  2.23392349
   0.00000
   2.46891   0.8856778160   0.8856506264
353
 0.25000000D-01 0.37220196D-03
 0 1
  8.331148830911D-01  8.330880334639D-01  8.330597125535D-01  8.330515465199D-01
  8.330469269774D-01  8.330449544436D-01  8.330433004712D-01  8.330432153329D-01
  8.330429891450D-01  8.330441147643D-01  8.330449983290D-01  8.330471967903D-01
  8.330491566773D-01  8.330524636419D-01  8.330555869186D-01  8.330601319242D-01
  8.330645866781D-01  8.330705755369D-01  8.330766063912D-01  8.330843251746D-01
  8.330922636783D-01  8.331020946205D-01  8.331123801583D-01  8.331248276147D-01
  8.331380387882D-01  8.331537666010D-01  8.331706653810D-01  8.331905487374D-01
  8.332121412465D-01  8.332373379409D-01  8.332649578959D-01  8.332970059818D-01
  8.333324290852D-01  8.333733809634D-01  8.334189821208D-01  8.334715889288D-01
  8.335305564572D-01  8.335984102317D-01  8.336677210204D-01  8.336978622805D-01
  8.336691434928D-01  8.336427023825D-01  8.336168678212D-01  8.335931054704D-01
  8.335697631469D-01  8.335483233216D-01  8.335271487659D-01  8.335077352877D-01
  8.334884575914D-01  8.334708221832D-01  8.334532133791D-01  8.334371463420D-01
  8.334210132042D-01  8.334063361959D-01  8.333915138580D-01  8.333780742362D-01
  8.333644211618D-01  8.333520875008D-01  8.333394814860D-01  8.333281400100D-01
  8.333164749905D-01  8.333060266945D-01  8.332952101472D-01  8.332855684728D-01
  8.332755193207D-01  8.332666082444D-01  8.332572551344D-01  8.332490076096D-01
  8.332402874795D-01  8.332326441416D-01  8.332245010503D-01  8.332174091337D-01
  8.332097932721D-01  8.332032057173D-01  8.331960725824D-01  8.331899472705D-01
  8.331832569672D-01  8.331775560814D-01  8.331712727349D-01  8.331659622147D-01
  8.331600534651D-01  8.331551025409D-01  8.331495391103D-01  8.331449199067D-01
  8.331396752337D-01  8.331353624223D-01  8.331304123407D-01  8.331263828461D-01
  8.331217053051D-01  8.331179380459D-01  8.331135128730D-01  8.331099885331D-01
  8.331057972249D-01  8.331024980616D-01  8.330985235924D-01  8.330954332601D-01
  8.330916599242D-01  8.330887633215D-01  8.330851765872D-01  8.330824597193D-01
  8.330790461004D-01  8.330764959603D-01  8.330732429009D-01  8.330708473592D-01
  8.330677431301D-01  8.330654908356D-01  8.330625244429D-01  8.330604047352D-01
  8.330575658320D-01  8.330555686593D-01  8.330528474706D-01  8.330509633154D-01
  8.330483505639D-01  8.330465703732D-01  8.330440572143D-01  8.330423723355D-01
  8.330399502925D-01  8.330383524121D-01  8.330360133188D-01  8.330344944032D-01
  8.330322303466D-01  8.330307825880D-01  8.330285858520D-01  8.330272016136D-01
  8.330250646263D-01  8.330237363886D-01  8.330216516700D-01  8.330203719786D-01
  8.330183320871D-01  8.330170935001D-01  8.330150909796D-01  8.330138860134D-01
  8.330119133396D-01  8.330107344144D-01  8.330087839384D-01  8.330076233223D-01
  8.330056872138D-01  8.330045369633D-01  8.330026071502D-01  8.330014590486D-01
  8.329995271537D-01  8.329983726465D-01  8.329964299197D-01  8.329952600441D-01
  8.329932972922D-01  8.329921026041D-01  8.329901101122D-01  8.329888806057D-01
  8.329868480555D-01  8.329855730779D-01  8.329834894581D-01  8.329821576151D-01
  8.329800111241D-01  8.329786101802D-01  8.329763881208D-01  8.329749048882D-01
  8.329725935516D-01  8.329710137699D-01  8.329685983114D-01  8.329669065159D-01
  8.329643708151D-01  8.329625501925D-01  8.329598767035D-01  8.329579089337D-01
  8.329550785184D-01  8.329529436002D-01  8.329499353464D-01  8.329476114061D-01
  8.329444024264D-01  8.329418655078D-01  8.329384307188D-01  8.329356545508D-01
  8.329319664300D-01  8.329289221714D-01  8.329249504886D-01  8.329216064464D-01
  8.329173179684D-01  8.329136392873D-01  8.329089974510D-01  8.329049457707D-01
  8.328999103240D-01  8.328954434010D-01  8.328899700050D-01  8.328850412954D-01
  8.328790810860D-01  8.328736392847D-01  8.328671383883D-01  8.328611269199D-01
  8.328540259191D-01  8.328473823763D-01  8.328396157189D-01  8.328322712417D-01
  8.328237665887D-01  8.328156451789D-01  8.328063226837D-01  8.327973404474D-01
  8.327871119598D-01  8.327771762708D-01  8.327659444572D-01  8.327549530323D-01
  8.327426104045D-01  8.327304502817D-01  8.327168781222D-01  8.327034245322D-01
  8.326884917081D-01  8.326736068266D-01  8.326571684779D-01  8.326407000470D-01
  8.326225961373D-01  8.326043759420D-01  8.325844296570D-01  8.325642718415D-01
  8.325422878187D-01  8.325199870251D-01  8.324957493972D-01  8.324710787086D-01
  8.324443489414D-01  8.324170576089D-01  8.323875721107D-01  8.323573830400D-01
  8.323248505200D-01  8.322914574939D-01  8.322555560415D-01  8.322186206499D-01
  8.321789945069D-01  8.321381427519D-01  8.320943987437D-01  8.320492172884D-01
  8.320009208793D-01  8.319509528994D-01  8.318976238311D-01  8.318423644297D-01
  8.317834718997D-01  8.317223630369D-01  8.316573203677D-01  8.315897452560D-01
  8.315179040009D-01  8.314431809062D-01  8.313638243320D-01  8.312811997213D-01
  8.311935356014D-01  8.311021765635D-01  8.310053292080D-01  8.309043150724D-01
  8.307973165143D-01  8.306856295819D-01  8.305674098282D-01  8.304439251181D-01
  8.303133013664D-01  8.301767752746D-01  8.300324399843D-01  8.298814977362D-01
  8.297220054304D-01  8.295551271983D-01  8.293788798601D-01  8.291943854003D-01
  8.289996163111D-01  8.287956479613D-01  8.285804038123D-01  8.283549076698D-01
  8.281170287582D-01  8.278677338412D-01  8.276048321404D-01  8.273292273099D-01
  8.270386621813D-01  8.267339705767D-01  8.264128218602D-01  8.260759725715D-01
  8.257210107624D-01  8.253486074301D-01  8.249562606144D-01  8.245445466080D-01
  8.241108637869D-01  8.236556835717D-01  8.231762939602D-01  8.226730502102D-01
  8.221431180396D-01  8.215867239971D-01  8.210008982894D-01  8.203857248018D-01
  8.197380835077D-01  8.190579000941D-01  8.183418879011D-01  8.175897971023D-01
  8.167981561125D-01  8.159665202648D-01  8.150912126161D-01  8.141715720506D-01
  8.132036934010D-01  8.121866748964D-01  8.111163575019D-01  8.099915716126D-01
  8.088078754954D-01  8.075638011115D-01  8.062545915211D-01  8.048784456915D-01
  8.034302546952D-01  8.019078453292D-01  8.003057149000D-01  7.986212734386D-01
  7.968485768179D-01  7.949845672958D-01  7.930228046493D-01  7.909597047112D-01
  7.887882681279D-01  7.865043164678D-01  7.841002181100D-01  7.815711213928D-01
  7.789086770117D-01  7.761072675347D-01  7.731577255248D-01  7.700535585662D-01
  7.667846621175D-01  7.633435389616D-01  7.597190055278D-01  7.559024043808D-01
  7.518813024113D-01  7.476456945989D-01  7.431816920371D-01  7.384777147234D-01
  7.335181668297D-01  7.282896156545D-01  7.227744508473D-01  7.169570458670D-01
  7.108173969661D-01  7.043372624896D-01  6.974937762730D-01  6.902655588179D-01
  6.826262982777D-01  6.745508258857D-01  6.660086558058D-01  6.569700150540D-01
  6.473993310668D-01  6.372612036319D-01  6.265138259360D-01  6.151148825637D-01
  6.030148858950D-01  5.901629799043D-01  5.765001689600D-01  5.619650018698D-01
  5.464866643516D-01  5.299905115749D-01  5.123909889643D-01  4.935969747946D-01
  4.735044872358D-01  4.520017912726D-01  4.289618490689D-01  4.042471352838D-01
  3.777017792158D-01  3.491562357963D-01  3.184184680226D-01  2.852790302061D-01
  2.495014986582D-01
Vac0 POTENTIAL                      exc: Vosko,Wilk,Nusair      
  1.72127726  6.50000000  1.73067725
   0.00000
   2.01081   0.8856778160   0.8856506264
353
 0.25000000D-01 0.30314114D-03
 0 1
  6.288066253372D-01  6.287660940082D-01  6.287241202073D-01  6.287114024690D-01
  6.287043439347D-01  6.287001347057D-01  6.286968184899D-01  6.286947397306D-01
  6.286928373394D-01  6.286918015433D-01  6.286907319660D-01  6.286904037983D-01
  6.286899661785D-01  6.286902254748D-01  6.286903519618D-01  6.286911673034D-01
  6.286918536096D-01  6.286932422765D-01  6.286945239692D-01  6.286965379806D-01
  6.286984826286D-01  6.287012049771D-01  6.287039113781D-01  6.287074575078D-01
  6.287110590840D-01  6.287155820444D-01  6.287202535410D-01  6.287259523190D-01
  6.287319199252D-01  6.287390514231D-01  6.287466068572D-01  6.287555023287D-01
  6.287650218950D-01  6.287761090821D-01  6.287880793500D-01  6.288019122070D-01
  6.288169640757D-01  6.288342425190D-01  6.288515411632D-01  6.288579032260D-01
  6.288488916614D-01  6.288407553017D-01  6.288326383790D-01  6.288253330589D-01
  6.288179894254D-01  6.288114048300D-01  6.288047339845D-01  6.287987783621D-01
  6.287926963577D-01  6.287872927557D-01  6.287817289211D-01  6.287768123159D-01
  6.287717067259D-01  6.287672218019D-01  6.287625233039D-01  6.287584226887D-01
  6.287540873519D-01  6.287503302435D-01  6.287463201216D-01  6.287428711822D-01
  6.287391533258D-01  6.287359817910D-01  6.287325274421D-01  6.287296064036D-01
  6.287263903521D-01  6.287236961614D-01  6.287206962034D-01  6.287182079932D-01
  6.287154044976D-01  6.287131037767D-01  6.287104793095D-01  6.287083496325D-01
  6.287058886632D-01  6.287039153473D-01  6.287016039817D-01  6.286997738693D-01
  6.286975996409D-01  6.286959009071D-01  6.286938525870D-01  6.286922745633D-01
  6.286903420075D-01  6.286888750391D-01  6.286870490525D-01  6.286856843742D-01
  6.286839565944D-01  6.286826862221D-01  6.286810490200D-01  6.286798656590D-01
  6.286783120509D-01  6.286772090120D-01  6.286757325864D-01  6.286747037149D-01
  6.286732985624D-01  6.286723381787D-01  6.286709988328D-01  6.286701016741D-01
  6.286688230623D-01  6.286679842327D-01  6.286667616267D-01  6.286659765546D-01
  6.286648055289D-01  6.286640699265D-01  6.286629463215D-01  6.286622561482D-01
  6.286611760345D-01  6.286605274640D-01  6.286594871109D-01  6.286588765002D-01
  6.286578723454D-01  6.286572962072D-01  6.286563248303D-01  6.286557798043D-01
  6.286548378999D-01  6.286543207295D-01  6.286534050820D-01  6.286529125876D-01
  6.286520200483D-01  6.286515491043D-01  6.286506765659D-01  6.286502240776D-01
  6.286493684519D-01  6.286489313321D-01  6.286480895264D-01  6.286476646711D-01
  6.286468335644D-01  6.286464178297D-01  6.286455942486D-01  6.286451844258D-01
  6.286443651203D-01  6.286439579107D-01  6.286431395268D-01  6.286427315149D-01
  6.286419105690D-01  6.286414981949D-01  6.286406710434D-01  6.286402505729D-01
  6.286394133827D-01  6.286389808759D-01  6.286381295912D-01  6.286376808678D-01
  6.286368111751D-01  6.286363417784D-01  6.286354490684D-01  6.286349542255D-01
  6.286340335511D-01  6.286335081301D-01  6.286325541624D-01  6.286319926252D-01
  6.286309996040D-01  6.286303959553D-01  6.286293576361D-01  6.286287053672D-01
  6.286276149624D-01  6.286269069903D-01  6.286257571046D-01  6.286249857047D-01
  6.286237682655D-01  6.286229249976D-01  6.286216311769D-01  6.286207068040D-01
  6.286193269333D-01  6.286183113323D-01  6.286168348092D-01  6.286157168723D-01
  6.286141320568D-01  6.286128995835D-01  6.286111936844D-01  6.286098332611D-01
  6.286079922103D-01  6.286064890797D-01  6.286044973934D-01  6.286028353078D-01
  6.286006759346D-01  6.285988369960D-01  6.285964911473D-01  6.285944556301D-01
  6.285919025942D-01  6.285896487496D-01  6.285868656863D-01  6.285843695259D-01
  6.285813312394D-01  6.285785662970D-01  6.285752449848D-01  6.285721820525D-01
  6.285685470287D-01  6.285651538661D-01  6.285611712552D-01  6.285574122675D-01
  6.285530446663D-01  6.285488805487D-01  6.285440866531D-01  6.285394739985D-01
  6.285342081900D-01  6.285290990548D-01  6.285233109449D-01  6.285176523698D-01
  6.285112862958D-01  6.285050197755D-01  6.284980142431D-01  6.284910751409D-01
  6.284833622093D-01  6.284756791097D-01  6.284671837103D-01  6.284586777039D-01
  6.284493168888D-01  6.284399007814D-01  6.284295828917D-01  6.284191603305D-01
  6.284077840781D-01  6.283962485857D-01  6.283837020373D-01  6.283709359439D-01
  6.283570953982D-01  6.283429686612D-01  6.283276974084D-01  6.283120663079D-01
  6.282952132573D-01  6.282779189531D-01  6.282593171168D-01  6.282401840542D-01
  6.282196488700D-01  6.281984830165D-01  6.281758104945D-01  6.281523973904D-01
  6.281273620629D-01  6.281014646661D-01  6.280738173213D-01  6.280451736243D-01
  6.280146388002D-01  6.279829591943D-01  6.279492324073D-01  6.279141967682D-01
  6.278769414483D-01  6.278381959132D-01  6.277970400139D-01  6.277541934162D-01
  6.277087256657D-01  6.276613455917D-01  6.276111113446D-01  6.275587197713D-01
  6.275032164208D-01  6.274452848895D-01  6.273839567909D-01  6.273199010671D-01
  6.272521339199D-01  6.271813080842D-01  6.271064227157D-01  6.270281126229D-01
  6.269453581069D-01  6.268587741467D-01  6.267673201862D-01  6.266715892676D-01
  6.265705177602D-01  6.264646744359D-01  6.263529701332D-01  6.262359467691D-01
  6.261124869303D-01  6.259831028149D-01  6.258466457428D-01  6.257035950193D-01
  6.255527673556D-01  6.253946056453D-01  6.252278882857D-01  6.250530178564D-01
  6.248687303306D-01  6.246753836452D-01  6.244716667885D-01  6.242578882501D-01
  6.240326849710D-01  6.237963106584D-01  6.235473445829D-01  6.232859797430D-01
  6.230107314904D-01  6.227217255264D-01  6.224174063361D-01  6.220978249961D-01
  6.217613473937D-01  6.214079418238D-01  6.210358869677D-01  6.206450592522D-01
  6.202336405584D-01  6.198014053137D-01  6.193464278964D-01  6.188683694266D-01
  6.183651848284D-01  6.178364092800D-01  6.172798648886D-01  6.166949467552D-01
  6.160793292108D-01  6.154322514429D-01  6.147512232341D-01  6.140353100888D-01
  6.132818384052D-01  6.124896800311D-01  6.116559567873D-01  6.107793243694D-01
  6.098566761273D-01  6.088864262135D-01  6.078652125061D-01  6.067911788853D-01
  6.056606771669D-01  6.044715483656D-01  6.032198234781D-01  6.019030035651D-01
  6.005167591906D-01  5.990582091171D-01  5.975226181690D-01  5.959066742911D-01
  5.942051845518D-01  5.924143502607D-01  5.905284607633D-01  5.885431662419D-01
  5.864521688745D-01  5.842504928528D-01  5.819311723763D-01  5.794885183082D-01
  5.769148023449D-01  5.742035195861D-01  5.713460680540D-01  5.683350062689D-01
  5.651607270796D-01  5.618147090972D-01  5.582861835276D-01  5.545653780075D-01
  5.506401747791D-01  5.464993450783D-01  5.421291965376D-01  5.375167957633D-01
  5.326466022668D-01  5.275036762022D-01  5.220702953634D-01  5.163291441889D-01
  5.102599093685D-01  5.038424450910D-01  4.970533415082D-01  4.898690597218D-01
  4.822624656552D-01  4.742059263380D-01  4.656677995097D-01  4.566154802208D-01
  4.470118335799D-01  4.368181773686D-01  4.259906415288D-01  4.144830681999D-01
  4.022432766255D-01  3.892158559047D-01  3.753383103127D-01  3.605437094078D-01
  3.447566752359D-01  3.278959930976D-01  3.098699159452D-01  2.905791963687D-01
  2.699117257844D-01
