In49 POTENTIAL                      exc: Vosko,Wilk,Nusair      
  2.20033126  6.33750000  2.17664358
  49.00000
   2.40560   0.9811931872   0.9240466115
353
 0.25000000D-01 0.36265835D-03
 9 1
    0  -1.96656160000D+03
    0  -2.87428550000D+02
    0  -5.37136240000D+01
    0  -7.39818510000D+00
    1  -2.68528840000D+02
    1  -4.59639090000D+01
    1  -4.86454470000D+00
    2  -3.15522220000D+01
    2  -7.38539920000D-01
  4.726906034827D+02  4.727162941423D+02  4.727425734446D+02  4.727694480747D+02
  4.727969265356D+02  4.728250225763D+02  4.728537456553D+02  4.728831096571D+02
  4.729131242939D+02  4.729438036185D+02  4.729751575331D+02  4.730072002289D+02
  4.730399417527D+02  4.730733964003D+02  4.731075743180D+02  4.731424898650D+02
  4.731781532381D+02  4.732145788111D+02  4.732517767762D+02  4.732897614652D+02
  4.733285430031D+02  4.733681356146D+02  4.734085492868D+02  4.734497980626D+02
  4.734918917110D+02  4.735348440090D+02  4.735786644166D+02  4.736233663493D+02
  4.736689588563D+02  4.737154548839D+02  4.737628629558D+02  4.738111954285D+02
  4.738604601719D+02  4.739106688173D+02  4.739618284378D+02  4.740139497882D+02
  4.740670389854D+02  4.741211057400D+02  4.741761550348D+02  4.742321953499D+02
  4.742892303464D+02  4.743472670579D+02  4.744063075894D+02  4.744663573177D+02
  4.745274165603D+02  4.745894887766D+02  4.746525722329D+02  4.747166681943D+02
  4.747817725857D+02  4.748478841748D+02  4.749149962269D+02  4.749831046799D+02
  4.750521997924D+02  4.751222743093D+02  4.751933151036D+02  4.752653113318D+02
  4.753382460687D+02  4.754121044526D+02  4.754868653122D+02  4.755625093019D+02
  4.756390105195D+02  4.757163446311D+02  4.757944804803D+02  4.758733882014D+02
  4.759530308195D+02  4.760333723528D+02  4.761143694024D+02  4.761959792432D+02
  4.762781514038D+02  4.763608357459D+02  4.764439740337D+02  4.765275080016D+02
  4.766113709135D+02  4.766954956187D+02  4.767798061009D+02  4.768642255230D+02
  4.769486677657D+02  4.770330454616D+02  4.771172615240D+02  4.772012171707D+02
  4.772848034437D+02  4.773679092238D+02  4.774504127419D+02  4.775321895851D+02
  4.776131042017D+02  4.776930178998D+02  4.777717803474D+02  4.778492375655D+02
  4.779252234253D+02  4.779995676380D+02  4.780720872511D+02  4.781425946385D+02
  4.782108889980D+02  4.782767643445D+02  4.783400010133D+02  4.784003736596D+02
  4.784576427709D+02  4.785115626779D+02  4.785618730805D+02  4.786083070747D+02
  4.786505826978D+02  4.786884109766D+02  4.787214874977D+02  4.787495004835D+02
  4.787721223943D+02  4.787890180384D+02  4.787998362136D+02  4.788042178600D+02
  4.788017877474D+02  4.787921626791D+02  4.787749432350D+02  4.787497220345D+02
  4.787160755442D+02  4.786735724094D+02  4.786217653358D+02  4.785601994999D+02
  4.784884045136D+02  4.784059029235D+02  4.783122022689D+02  4.782068036787D+02
  4.780891940331D+02  4.779588546677D+02  4.778152536469D+02  4.776578545844D+02
  4.774861090369D+02  4.772994654475D+02  4.770973616665D+02  4.768792340238D+02
  4.766445099812D+02  4.763926173372D+02  4.761229770124D+02  4.758350123874D+02
  4.755281422201D+02  4.752017901128D+02  4.748553775558D+02  4.744883335165D+02
  4.741000875981D+02  4.736900797367D+02  4.732577534599D+02  4.728025656719D+02
  4.723239799878D+02  4.718214765807D+02  4.712945455612D+02  4.707426968505D+02
  4.701654535668D+02  4.695623618814D+02  4.689329843634D+02  4.682769097662D+02
  4.675937462738D+02  4.668831311569D+02  4.661447238537D+02  4.653782154262D+02
  4.645833214017D+02  4.637597909504D+02  4.629073994079D+02  4.620259570912D+02
  4.611153014161D+02  4.601753052664D+02  4.592058686221D+02  4.582069263970D+02
  4.571784394988D+02  4.561204020613D+02  4.550328318684D+02  4.539157769239D+02
  4.527693052031D+02  4.515935105306D+02  4.503885016443D+02  4.491544074133D+02
  4.478913652644D+02  4.465995258176D+02  4.452790408039D+02  4.439300672890D+02
  4.425527553049D+02  4.411472519427D+02  4.397136890413D+02  4.382521875567D+02
  4.367628457822D+02  4.352457445357D+02  4.337009365110D+02  4.321284529325D+02
  4.305282947188D+02  4.289004412912D+02  4.272448442101D+02  4.255614387246D+02
  4.238501403424D+02  4.221108593984D+02  4.203435005830D+02  4.185479802359D+02
  4.167242281670D+02  4.148722065937D+02  4.129919127421D+02  4.110833975096D+02
  4.091467665880D+02  4.071821963680D+02  4.051899310401D+02  4.031702933337D+02
  4.011236755422D+02  3.990505436119D+02  3.969514213557D+02  3.948268880260D+02
  3.926775567666D+02  3.905040675882D+02  3.883070627144D+02  3.860871781503D+02
  3.838450193965D+02  3.815811551055D+02  3.792960964253D+02  3.769902955603D+02
  3.746641309640D+02  3.723179123325D+02  3.699518724584D+02  3.675661787796D+02
  3.651609313919D+02  3.627361801250D+02  3.602919272660D+02  3.578281484032D+02
  3.553447978961D+02  3.528418314091D+02  3.503192120132D+02  3.477769323227D+02
  3.452150192234D+02  3.426335537292D+02  3.400326725989D+02  3.374125843659D+02
  3.347735665135D+02  3.321159765571D+02  3.294402439200D+02  3.267468755006D+02
  3.240364419844D+02  3.213095779788D+02  3.185669632212D+02  3.158093181642D+02
  3.130373813905D+02  3.102519024666D+02  3.074536179172D+02  3.046432441440D+02
  3.018214552571D+02  2.989888797808D+02  2.961460842872D+02  2.932935778537D+02
  2.904318051404D+02  2.875611614751D+02  2.846819969630D+02  2.817946419506D+02
  2.788994196035D+02  2.759966765958D+02  2.730867964906D+02  2.701702260325D+02
  2.672474788171D+02  2.643191472775D+02  2.613858890203D+02  2.584484206769D+02
  2.555074878254D+02  2.525638464963D+02  2.496182265524D+02  2.466713132695D+02
  2.437237172237D+02  2.407759677445D+02  2.378284983866D+02  2.348816577686D+02
  2.319357123863D+02  2.289908731933D+02  2.260473114098D+02  2.231051946499D+02
  2.201647084977D+02  2.172260946638D+02  2.142896710732D+02  2.113558653830D+02
  2.084252277969D+02  2.054984551604D+02  2.025763927325D+02  1.996600461271D+02
  1.967505702485D+02  1.938492682593D+02  1.909575677453D+02  1.880770074943D+02
  1.852092024919D+02  1.823558208041D+02  1.795185403614D+02  1.766990196183D+02
  1.738988504950D+02  1.711195279858D+02  1.683624053503D+02  1.656286698430D+02
  1.629193085599D+02  1.602350999990D+02  1.575766014052D+02  1.549441674887D+02
  1.523379696673D+02  1.497580490047D+02  1.472043676817D+02  1.446768859861D+02
  1.421756225872D+02  1.397007191649D+02  1.372524651895D+02  1.348313080810D+02
  1.324378149969D+02  1.300726254631D+02  1.277363739194D+02  1.254296286302D+02
  1.231528258126D+02  1.209062390076D+02  1.186899531966D+02  1.165038747548D+02
  1.143477403662D+02  1.122211527298D+02  1.101236055450D+02  1.080545266242D+02
  1.060133034349D+02  1.039993218399D+02  1.020119841335D+02  1.000507384812D+02
  9.811508696282D+01  9.620460506399D+01  9.431894025825D+01  9.245782292158D+01
  9.062105736199D+01  8.880852630870D+01  8.702017666660D+01  8.525601985702D+01
  8.351611449379D+01  8.180056463277D+01  8.010950124848D+01  7.844308006623D+01
  7.680146329406D+01  7.518481826699D+01  7.359330044188D+01  7.202705364800D+01
  7.048619494172D+01  6.897081688126D+01  6.748097450476D+01  6.601668976315D+01
  6.457794065395D+01  6.316466776905D+01  6.177676549071D+01  6.041409052886D+01
  5.907645503324D+01  5.776363694949D+01  5.647537483267D+01  5.521137972227D+01
  5.397133121486D+01  5.275489020785D+01  5.156169532172D+01  5.039137533156D+01
  4.924354454597D+01  4.811781346284D+01  4.701378178672D+01  4.593104636147D+01
  4.486919144731D+01  4.382779434958D+01  4.280641325690D+01  4.180459243642D+01
  4.082184896987D+01
N_07 POTENTIAL                      exc: Vosko,Wilk,Nusair      
  1.68057905  6.33750000  1.68945972
   7.00000
   1.96292   0.9811931872   0.9240466115
353
 0.25000000D-01 0.29592158D-03
 2 1
    0  -2.69998930000D+01
    0  -4.29582100000D-01
  2.622127578805D+01  2.622164794728D+01  2.622202910526D+01  2.622244507102D+01
  2.622287634242D+01  2.622332082193D+01  2.622377719492D+01  2.622424597414D+01
  2.622472659922D+01  2.622521988221D+01  2.622572540854D+01  2.622624407331D+01
  2.622677551569D+01  2.622732066947D+01  2.622787920434D+01  2.622845207979D+01
  2.622903898841D+01  2.622964091089D+01  2.623025755999D+01  2.623088993596D+01
  2.623153777084D+01  2.623220208401D+01  2.623288262669D+01  2.623358043753D+01
  2.623429528719D+01  2.623502823401D+01  2.623577906861D+01  2.623654886960D+01
  2.623733744821D+01  2.623814590399D+01  2.623897406949D+01  2.623982306596D+01
  2.624069274806D+01  2.624158425956D+01  2.624249747804D+01  2.624343357063D+01
  2.624439243871D+01  2.624537527366D+01  2.624638200169D+01  2.624741384371D+01
  2.624847113262D+01  2.624955471835D+01  2.625066457933D+01  2.625180198538D+01
  2.625296694237D+01  2.625416074799D+01  2.625538343651D+01  2.625663633448D+01
  2.625791950553D+01  2.625923430605D+01  2.626058083000D+01  2.626196046460D+01
  2.626337333510D+01  2.626482086050D+01  2.626630319832D+01  2.626782180030D+01
  2.626937685715D+01  2.627096985429D+01  2.627260101658D+01  2.627427186400D+01
  2.627598265641D+01  2.627773494927D+01  2.627952903831D+01  2.628136651524D+01
  2.628324771245D+01  2.628517425872D+01  2.628714652384D+01  2.628916617431D+01
  2.629123361798D+01  2.629335055971D+01  2.629551744596D+01  2.629773602046D+01
  2.630000676877D+01  2.630233147385D+01  2.630471066068D+01  2.630714615174D+01
  2.630963851160D+01  2.631218960236D+01  2.631480002818D+01  2.631747169068D+01
  2.632020523344D+01  2.632300259733D+01  2.632586446489D+01  2.632879281569D+01
  2.633178837061D+01  2.633485314708D+01  2.633798790333D+01  2.634119469356D+01
  2.634447431204D+01  2.634782884824D+01  2.635125913082D+01  2.635476728263D+01
  2.635835416463D+01  2.636202193073D+01  2.636577147163D+01  2.636960496947D+01
  2.637352334156D+01  2.637752879492D+01  2.638162226979D+01  2.638580599405D+01
  2.639008092651D+01  2.639444931121D+01  2.639891212047D+01  2.640347160899D+01
  2.640812875671D+01  2.641288582267D+01  2.641774378765D+01  2.642270490773D+01
  2.642777015673D+01  2.643294177948D+01  2.643822073394D+01  2.644360924420D+01
  2.644910824230D+01  2.645471992085D+01  2.646044517451D+01  2.646628615231D+01
  2.647224369867D+01  2.647831990536D+01  2.648451555212D+01  2.649083265812D+01
  2.649727192222D+01  2.650383527389D+01  2.651052331298D+01  2.651733786017D+01
  2.652427939614D+01  2.653134961151D+01  2.653854884543D+01  2.654587863484D+01
  2.655333915256D+01  2.656093175579D+01  2.656865642353D+01  2.657651430447D+01
  2.658450515356D+01  2.659262987921D+01  2.660088797907D+01  2.660928008640D+01
  2.661780540506D+01  2.662646425495D+01  2.663525550613D+01  2.664417912338D+01
  2.665323359932D+01  2.666241849802D+01  2.667173188709D+01  2.668117288030D+01
  2.669073906857D+01  2.670042906151D+01  2.671023991736D+01  2.672016968329D+01
  2.673021482424D+01  2.674037276208D+01  2.675063930314D+01  2.676101117623D+01
  2.677148345891D+01  2.678205211421D+01  2.679271141570D+01  2.680345648287D+01
  2.681428070492D+01  2.682517827486D+01  2.683614161201D+01  2.684716389478D+01
  2.685823648189D+01  2.686935144387D+01  2.688049898305D+01  2.689166996381D+01
  2.690285333135D+01  2.691403864076D+01  2.692521347467D+01  2.693636597130D+01
  2.694748224098D+01  2.695854889330D+01  2.696955045279D+01  2.698047188522D+01
  2.699129601261D+01  2.700200603893D+01  2.701258296466D+01  2.702300811219D+01
  2.703326054013D+01  2.704331956874D+01  2.705316219438D+01  2.706276561527D+01
  2.707210464654D+01  2.708115424672D+01  2.708988693385D+01  2.709827531326D+01
  2.710628949523D+01  2.711389962461D+01  2.712107330074D+01  2.712777810959D+01
  2.713397904652D+01  2.713964105174D+01  2.714472643675D+01  2.714919742395D+01
  2.715301357757D+01  2.715613434838D+01  2.715851651014D+01  2.716011671034D+01
  2.716088891324D+01  2.716078695773D+01  2.715976200813D+01  2.715776512028D+01
  2.715474470130D+01  2.715064908519D+01  2.714542400273D+01  2.713901516789D+01
  2.713136575922D+01  2.712241901828D+01  2.711211574381D+01  2.710039690359D+01
  2.708720114258D+01  2.707246740943D+01  2.705613247991D+01  2.703813359924D+01
  2.701840602182D+01  2.699688567054D+01  2.697350669379D+01  2.694820414253D+01
  2.692091154537D+01  2.689156360400D+01  2.686009378690D+01  2.682643704334D+01
  2.679052741577D+01  2.675230077243D+01  2.671169243806D+01  2.666863994444D+01
  2.662308067862D+01  2.657495465032D+01  2.652420215612D+01  2.647076656188D+01
  2.641459198083D+01  2.635562606844D+01  2.629381771140D+01  2.622911983167D+01
  2.616148708251D+01  2.609087865742D+01  2.601725598863D+01  2.594058555566D+01
  2.586083658067D+01  2.577798383052D+01  2.569200530227D+01  2.560288501181D+01
  2.551061066187D+01  2.541517640918D+01  2.531658050663D+01  2.521482804013D+01
  2.510992853566D+01  2.500189865621D+01  2.489075976405D+01  2.477654056756D+01
  2.465927462834D+01  2.453900294769D+01  2.441577140787D+01  2.428963328833D+01
  2.416064663055D+01  2.402887667296D+01  2.389439313059D+01  2.375727253937D+01
  2.361759544104D+01  2.347544862876D+01  2.333092222974D+01  2.318411184555D+01
  2.303511552689D+01  2.288403580419D+01  2.273097655165D+01  2.257604490681D+01
  2.241934802446D+01  2.226099488795D+01  2.210109295840D+01  2.193974988616D+01
  2.177707006721D+01  2.161315627115D+01  2.144810612620D+01  2.128201369129D+01
  2.111496590477D+01  2.094704414488D+01  2.077832069730D+01  2.060886037226D+01
  2.043871707484D+01  2.026793558085D+01  2.009654833285D+01  1.992457752097D+01
  1.975203227562D+01  1.957891124892D+01  1.940520042209D+01  1.923087642168D+01
  1.905590518074D+01  1.888024621607D+01  1.870385233113D+01  1.852667497057D+01
  1.834866496912D+01  1.816977883215D+01  1.798998018262D+01  1.780924639388D+01
  1.762756992827D+01  1.744496430973D+01  1.726146420352D+01  1.707712954895D+01
  1.689204331196D+01  1.670631297281D+01  1.652006554330D+01  1.633344648488D+01
  1.614661256633D+01  1.595972922777D+01  1.577296260593D+01  1.558647681313D+01
  1.540042656392D+01  1.521495561485D+01  1.503019094453D+01  1.484624296359D+01
  1.466320151855D+01  1.448113784690D+01  1.430010215145D+01  1.412012689348D+01
  1.394122544693D+01  1.376339621348D+01  1.358662185796D+01  1.341087379222D+01
  1.323611159937D+01  1.306228756028D+01  1.288934600533D+01  1.271722768152D+01
  1.254586888145D+01  1.237520554413D+01  1.220517208954D+01  1.203570520947D+01
  1.186674238590D+01  1.169822536647D+01  1.153009837342D+01  1.136231127940D+01
  1.119481752885D+01  1.102757704006D+01  1.086055386740D+01  1.069371885915D+01
  1.052704709032D+01  1.036052030519D+01  1.019412414822D+01  1.002785041659D+01
  9.861694111858D+00  9.695655521726D+00  9.529737107796D+00  9.363945427539D+00
  9.198287864362D+00  9.032774390734D+00  8.867414136260D+00  8.702216982386D+00
  8.537189954151D+00  8.372338628040D+00  8.207663327800D+00  8.043160323645D+00
  7.878817814065D+00  7.714616971705D+00  7.550527494812D+00  7.386508763919D+00
  7.222505008750D+00
Vac0 POTENTIAL                      exc: Vosko,Wilk,Nusair      
  2.20033126  6.33750000  2.17664358
   0.00000
   2.40560   0.9811931872   0.9240466115
353
 0.25000000D-01 0.36265835D-03
 0 1
  8.824991043131D-01  8.824699425366D-01  8.824392808190D-01  8.824303672427D-01
  8.824253731526D-01  8.824231348641D-01  8.824213189310D-01  8.824210896666D-01
  8.824207832300D-01  8.824218264032D-01  8.824226806131D-01  8.824248420526D-01
  8.824268157654D-01  8.824301288643D-01  8.824333108522D-01  8.824379102793D-01
  8.824424769225D-01  8.824485797715D-01  8.824547902185D-01  8.824627007032D-01
  8.824709086199D-01  8.824810356403D-01  8.824917123565D-01  8.825045983400D-01
  8.825183677203D-01  8.825347301883D-01  8.825524177586D-01  8.825732071213D-01
  8.825959079536D-01  8.826223871429D-01  8.826515592490D-01  8.826854132388D-01
  8.827230059699D-01  8.827664924593D-01  8.828151234887D-01  8.828712807481D-01
  8.829344778028D-01  8.830072866193D-01  8.830818343158D-01  8.831150005200D-01
  8.830854351948D-01  8.830581634468D-01  8.830315698941D-01  8.830070582239D-01
  8.829830325768D-01  8.829609139561D-01  8.829391219041D-01  8.829190911732D-01
  8.828992535945D-01  8.828810549432D-01  8.828629369498D-01  8.828463543156D-01
  8.828297568231D-01  8.828146064505D-01  8.827993595844D-01  8.827854841967D-01
  8.827714421233D-01  8.827587063016D-01  8.827457431044D-01  8.827340296177D-01
  8.827220360096D-01  8.827112428436D-01  8.827001234884D-01  8.826901614513D-01
  8.826798328095D-01  8.826706235671D-01  8.826610121099D-01  8.826524865763D-01
  8.826435273255D-01  8.826356243277D-01  8.826272596370D-01  8.826199248023D-01
  8.826121033460D-01  8.826052881795D-01  8.825979640978D-01  8.825916251960D-01
  8.825847573761D-01  8.825788557683D-01  8.825724072394D-01  8.825669078233D-01
  8.825608452344D-01  8.825557162992D-01  8.825500094778D-01  8.825452222953D-01
  8.825398438629D-01  8.825353723260D-01  8.825302973749D-01  8.825261176970D-01
  8.825213234989D-01  8.825174139483D-01  8.825128797066D-01  8.825092203716D-01
  8.825049270081D-01  8.825014995946D-01  8.824974295555D-01  8.824942172083D-01
  8.824903542974D-01  8.824873414419D-01  8.824836706711D-01  8.824808428729D-01
  8.824773503299D-01  8.824746941694D-01  8.824713668992D-01  8.824688698594D-01
  8.824656957578D-01  8.824633461227D-01  8.824603138392D-01  8.824581006014D-01
  8.824551994516D-01  8.824531122300D-01  8.824503321149D-01  8.824483610748D-01
  8.824456924069D-01  8.824438281903D-01  8.824412618245D-01  8.824394954823D-01
  8.824370226495D-01  8.824353455783D-01  8.824329578255D-01  8.824313617075D-01
  8.824290508378D-01  8.824275275827D-01  8.824252855987D-01  8.824238272879D-01
  8.824216463357D-01  8.824202451663D-01  8.824181174808D-01  8.824167657117D-01
  8.824146835615D-01  8.824133734573D-01  8.824113290891D-01  8.824100528649D-01
  8.824080384482D-01  8.824067882124D-01  8.824047957796D-01  8.824035634749D-01
  8.824015848631D-01  8.824003622044D-01  8.823983889912D-01  8.823971674020D-01
  8.823951908393D-01  8.823939613829D-01  8.823919723270D-01  8.823907256338D-01
  8.823887144697D-01  8.823874406592D-01  8.823853972203D-01  8.823840858181D-01
  8.823819992995D-01  8.823806391466D-01  8.823784980108D-01  8.823770771657D-01
  8.823748690408D-01  8.823733746735D-01  8.823710862425D-01  8.823695045186D-01
  8.823671213978D-01  8.823654373516D-01  8.823629439588D-01  8.823611413551D-01
  8.823585207645D-01  8.823565819471D-01  8.823538157300D-01  8.823517214547D-01
  8.823487895057D-01  8.823465187576D-01  8.823433991022D-01  8.823409288942D-01
  8.823375974779D-01  8.823349026300D-01  8.823313330856D-01  8.823283859803D-01
  8.823245493727D-01  8.823213196863D-01  8.823171842298D-01  8.823136386367D-01
  8.823091693838D-01  8.823052712291D-01  8.823004297276D-01  8.822961386671D-01
  8.822908825815D-01  8.822861541836D-01  8.822804368766D-01  8.822752221836D-01
  8.822689922553D-01  8.822632372977D-01  8.822564380760D-01  8.822500833382D-01
  8.822426523158D-01  8.822356321442D-01  8.822275003581D-01  8.822197423081D-01
  8.822108336521D-01  8.822022577671D-01  8.821924882346D-01  8.821830062485D-01
  8.821722830944D-01  8.821617975516D-01  8.821500183667D-01  8.821384216489D-01
  8.821254733373D-01  8.821126465890D-01  8.820984042383D-01  8.820842161783D-01
  8.820685418108D-01  8.820528474199D-01  8.820355886127D-01  8.820182276832D-01
  8.819992160430D-01  8.819800115753D-01  8.819590610533D-01  8.819378174840D-01
  8.819147225131D-01  8.818912237569D-01  8.818657571929D-01  8.818397644783D-01
  8.818116753245D-01  8.817829248013D-01  8.817519356936D-01  8.817201357888D-01
  8.816859402151D-01  8.816507687102D-01  8.816130279382D-01  8.815741287383D-01
  8.815324684180D-01  8.814894479802D-01  8.814434543894D-01  8.813958777747D-01
  8.813450936675D-01  8.812924801766D-01  8.812364001943D-01  8.811782185420D-01
  8.811162841399D-01  8.810519471202D-01  8.809835409577D-01  8.809123995458D-01
  8.808368392844D-01  8.807581761150D-01  8.806747075606D-01  8.805877297160D-01
  8.804955192352D-01  8.803993502714D-01  8.802974764057D-01  8.801911475325D-01
  8.800785917235D-01  8.799610320514D-01  8.798366683828D-01  8.797066941343D-01
  8.795692779853D-01  8.794255805605D-01  8.792737360538D-01  8.791148688283D-01
  8.789470749424D-01  8.787714386588D-01  8.785860138618D-01  8.783918404647D-01
  8.781869257079D-01  8.779722604532D-01  8.777458003485D-01  8.775084819979D-01
  8.772582039788D-01  8.769958428726D-01  8.767192341190D-01  8.764291878922D-01
  8.761234697728D-01  8.758028164539D-01  8.754649162102D-01  8.751104244132D-01
  8.747369437765D-01  8.743450396583D-01  8.739322200559D-01  8.734989506726D-01
  8.730426346326D-01  8.725636272840D-01  8.720592156021D-01  8.715296326973D-01
  8.709720368702D-01  8.703865257886D-01  8.697701151524D-01  8.691227524995D-01
  8.684412954324D-01  8.677255250067D-01  8.669721234636D-01  8.661806871475D-01
  8.653477036810D-01  8.644725643483D-01  8.635515406386D-01  8.625837960214D-01
  8.615653617720D-01  8.604951480510D-01  8.593689189087D-01  8.581853025652D-01
  8.569397654713D-01  8.556306216638D-01  8.542530057353D-01  8.528048811128D-01
  8.512810117583D-01  8.496789691843D-01  8.479931026662D-01  8.462205447668D-01
  8.443551797905D-01  8.423936475313D-01  8.403293096361D-01  8.381582512197D-01
  8.358732447204D-01  8.334697489344D-01  8.309398698413D-01  8.282783564926D-01
  8.254765581497D-01  8.225284163108D-01  8.194244173307D-01  8.161575796784D-01
  8.127174009870D-01  8.090958393886D-01  8.052812536620D-01  8.012643771784D-01
  7.970322494562D-01  7.925741808528D-01  7.878756733810D-01  7.829243737744D-01
  7.777039808427D-01  7.722001838913D-01  7.663945531575D-01  7.602704597438D-01
  7.538069447399D-01  7.469846157810D-01  7.397794892678D-01  7.321688573234D-01
  7.241250960042D-01  7.156214947213D-01  7.066260213974D-01  6.971071042489D-01
  6.870273423823D-01  6.763492270788D-01  6.650287832233D-01  6.530212137775D-01
  6.402744535697D-01  6.267347163798D-01  6.123399379083D-01  5.970251997824D-01
  5.807160329962D-01  5.633336873145D-01  5.447882603774D-01  5.249837749931D-01
  5.038110932844D-01  4.811527581797D-01  4.568756534763D-01  4.308355567457D-01
  4.028694993110D-01  3.728002139261D-01  3.404274612463D-01  3.055330343031D-01
  2.678713011881D-01
Vac0 POTENTIAL                      exc: Vosko,Wilk,Nusair      
  1.68057905  6.33750000  1.68945972
   0.00000
   1.96292   0.9811931872   0.9240466115
353
 0.25000000D-01 0.29592158D-03
 0 1
  6.706251497578D-01  6.705819703278D-01  6.705372615732D-01  6.705237102045D-01
  6.705161952572D-01  6.705117090143D-01  6.705081820765D-01  6.705059668387D-01
  6.705039475978D-01  6.705028451855D-01  6.705017152235D-01  6.705013691872D-01
  6.705009154775D-01  6.705011988705D-01  6.705013503933D-01  6.705022312881D-01
  6.705029853682D-01  6.705044844347D-01  6.705058816038D-01  6.705080573624D-01
  6.705101733358D-01  6.705131185944D-01  6.705160637666D-01  6.705199075841D-01
  6.705238312058D-01  6.705287449930D-01  6.705338430512D-01  6.705400502864D-01
  6.705465772201D-01  6.705543673517D-01  6.705626523562D-01  6.705723998526D-01
  6.705828690529D-01  6.705950590944D-01  6.706082653329D-01  6.706235283930D-01
  6.706401909260D-01  6.706593261163D-01  6.706785283732D-01  6.706858371903D-01
  6.706762905769D-01  6.706676664154D-01  6.706590678149D-01  6.706513242698D-01
  6.706435450892D-01  6.706365652671D-01  6.706294990081D-01  6.706231856796D-01
  6.706167433894D-01  6.706110150080D-01  6.706051217969D-01  6.705999094652D-01
  6.705945018345D-01  6.705897469296D-01  6.705847706718D-01  6.705804229981D-01
  6.705758315653D-01  6.705718478857D-01  6.705676010637D-01  6.705639439341D-01
  6.705600068083D-01  6.705566436293D-01  6.705529857277D-01  6.705498879830D-01
  6.705464825874D-01  6.705436252200D-01  6.705404488064D-01  6.705378097023D-01
  6.705348414635D-01  6.705324010306D-01  6.705296224975D-01  6.705273633054D-01
  6.705247580179D-01  6.705226645093D-01  6.705202177458D-01  6.705182759786D-01
  6.705159745264D-01  6.705141719701D-01  6.705120039324D-01  6.705103292799D-01
  6.705082839063D-01  6.705067269287D-01  6.705047944741D-01  6.705033458822D-01
  6.705015174862D-01  6.705001688189D-01  6.704984363970D-01  6.704971799219D-01
  6.704955360740D-01  6.704943647045D-01  6.704928026335D-01  6.704917098482D-01
  6.704902232918D-01  6.704892030701D-01  6.704877862366D-01  6.704868329999D-01
  6.704854805117D-01  6.704845890725D-01  6.704832959187D-01  6.704824614311D-01
  6.704812229218D-01  6.704804408411D-01  6.704792525664D-01  6.704785186094D-01
  6.704773764046D-01  6.704766865153D-01  6.704755864250D-01  6.704749367420D-01
  6.704738749902D-01  6.704732618154D-01  6.704722347758D-01  6.704716545469D-01
  6.704706587144D-01  6.704701079779D-01  6.704691399438D-01  6.704686153282D-01
  6.704676717514D-01  6.704671699422D-01  6.704662475284D-01  6.704657652432D-01
  6.704648607162D-01  6.704643946797D-01  6.704635047593D-01  6.704630516789D-01
  6.704621730536D-01  6.704617295936D-01  6.704608588966D-01  6.704604216522D-01
  6.704595554343D-01  6.704591209051D-01  6.704582556074D-01  6.704578201686D-01
  6.704569520930D-01  6.704565119660D-01  6.704556372455D-01  6.704551884665D-01
  6.704543030321D-01  6.704538414184D-01  6.704529409646D-01  6.704524620779D-01
  6.704515420246D-01  6.704510411334D-01  6.704500965863D-01  6.704495686227D-01
  6.704485943293D-01  6.704480338436D-01  6.704470241445D-01  6.704464252558D-01
  6.704453740345D-01  6.704447303756D-01  6.704436310003D-01  6.704429356591D-01
  6.704417809208D-01  6.704410263747D-01  6.704398084194D-01  6.704389864641D-01
  6.704376967175D-01  6.704367983886D-01  6.704354274743D-01  6.704344429606D-01
  6.704329806092D-01  6.704318991583D-01  6.704303341081D-01  6.704291439215D-01
  6.704274638086D-01  6.704261519267D-01  6.704243431641D-01  6.704228953391D-01
  6.704209429832D-01  6.704193435391D-01  6.704172311428D-01  6.704154628209D-01
  6.704131722711D-01  6.704112160591D-01  6.704087273978D-01  6.704065623423D-01
  6.704038535683D-01  6.704014565659D-01  6.703985034169D-01  6.703958489859D-01
  6.703926246968D-01  6.703896847227D-01  6.703861597598D-01  6.703829032157D-01
  6.703790449819D-01  6.703754376195D-01  6.703712101295D-01  6.703672141367D-01
  6.703625776576D-01  6.703581512818D-01  6.703530619365D-01  6.703481590664D-01
  6.703425683950D-01  6.703371381007D-01  6.703309925757D-01  6.703249785987D-01
  6.703182190898D-01  6.703115592801D-01  6.703041204623D-01  6.702967461563D-01
  6.702885558559D-01  6.702803911893D-01  6.702713696609D-01  6.702623308078D-01
  6.702523899357D-01  6.702423842696D-01  6.702314266843D-01  6.702203518492D-01
  6.702082699517D-01  6.701960128360D-01  6.701826877189D-01  6.701691233211D-01
  6.701544235755D-01  6.701394137504D-01  6.701231941481D-01  6.701065862202D-01
  6.700886862560D-01  6.700703114877D-01  6.700505537681D-01  6.700302256651D-01
  6.700084141271D-01  6.699859265656D-01  6.699618445072D-01  6.699369696629D-01
  6.699103775654D-01  6.698828636239D-01  6.698534967443D-01  6.698230653689D-01
  6.697906310775D-01  6.697569746094D-01  6.697211494452D-01  6.696839278077D-01
  6.696443542221D-01  6.696031914955D-01  6.695594742514D-01  6.695139548857D-01
  6.694656570736D-01  6.694153216989D-01  6.693619603305D-01  6.693063011221D-01
  6.692473422553D-01  6.691857978061D-01  6.691206511511D-01  6.690526007975D-01
  6.689806137483D-01  6.689053712915D-01  6.688258223201D-01  6.687426290767D-01
  6.686547204221D-01  6.685627375309D-01  6.684655871040D-01  6.683638870093D-01
  6.682565194312D-01  6.681440764508D-01  6.680254131262D-01  6.679010930049D-01
  6.677699411272D-01  6.676324894633D-01  6.674875298313D-01  6.673355592510D-01
  6.671753327665D-01  6.670073087072D-01  6.668302014048D-01  6.666444263508D-01
  6.664486527955D-01  6.662432487909D-01  6.660268336583D-01  6.657997229023D-01
  6.655604805332D-01  6.653093638366D-01  6.650448755334D-01  6.647672083889D-01
  6.644747971907D-01  6.641677631783D-01  6.638444658175D-01  6.635049470295D-01
  6.631474827360D-01  6.627720268643D-01  6.623767626358D-01  6.619615463179D-01
  6.615244582255D-01  6.610652461871D-01  6.605818762234D-01  6.600739756919D-01
  6.595393836001D-01  6.589775933872D-01  6.583863028244D-01  6.577648563851D-01
  6.571107946774D-01  6.564232963467D-01  6.556997269770D-01  6.549390804602D-01
  6.541385272916D-01  6.532968553296D-01  6.524110173996D-01  6.514795713529D-01
  6.504992268765D-01  6.494682847460D-01  6.483831827198D-01  6.472419338592D-01
  6.460406713634D-01  6.447770858058D-01  6.434469687376D-01  6.420476486577D-01
  6.405745331788D-01  6.390245435106D-01  6.373926549377D-01  6.356753295477D-01
  6.338670547172D-01  6.319637737563D-01  6.299594220290D-01  6.278493551121D-01
  6.256268820892D-01  6.232866907253D-01  6.208213773668D-01  6.182248685095D-01
  6.154889465995D-01  6.126066672178D-01  6.095688798984D-01  6.063676399579D-01
  6.029927232202D-01  5.994350312649D-01  5.956830986608D-01  5.917264900809D-01
  5.875522982761D-01  5.831485310854D-01  5.785005979024D-01  5.735946840705D-01
  5.684142229762D-01  5.629432546202D-01  5.571628796725D-01  5.510545981026D-01
  5.445967404946D-01  5.377677814418D-01  5.305427420705D-01  5.228964713689D-01
  5.148000121104D-01  5.062238412895D-01  4.971341893470D-01  4.874962282786D-01
  4.772703310924D-01  4.664151927813D-01  4.548840130801D-01  4.426275311848D-01
  4.295901099569D-01  4.157126591064D-01  4.009285958289D-01  3.851666200507D-01
  3.683465124955D-01  3.503818860832D-01  3.311752274382D-01  3.106211606960D-01
  2.886007607132D-01
