In49 POTENTIAL                      exc: Vosko,Wilk,Nusair      
  2.37798540  6.82500000  2.34921590
  49.00000
   2.59633   0.7247658484   0.8163257555
353
 0.25000000D-01 0.39141124D-03
 9 1
    0  -1.96656160000D+03
    0  -2.87428550000D+02
    0  -5.37136240000D+01
    0  -7.39818510000D+00
    1  -2.68528840000D+02
    1  -4.59639090000D+01
    1  -4.86454470000D+00
    2  -3.15522220000D+01
    2  -7.38539920000D-01
  4.724081916710D+02  4.724359157538D+02  4.724642699968D+02  4.724932602359D+02
  4.725228954750D+02  4.725531898419D+02  4.725841532619D+02  4.726157999576D+02
  4.726481400715D+02  4.726811879441D+02  4.727149538602D+02  4.727494522421D+02
  4.727846934618D+02  4.728206919805D+02  4.728574582018D+02  4.728950065748D+02
  4.729333474743D+02  4.729724952767D+02  4.730124602605D+02  4.730532566605D+02
  4.730948945822D+02  4.731373880395D+02  4.731807468793D+02  4.732249848044D+02
  4.732701113063D+02  4.733161396751D+02  4.733630789381D+02  4.734109418583D+02
  4.734597368769D+02  4.735094761016D+02  4.735601672511D+02  4.736118216341D+02
  4.736644460952D+02  4.737180509841D+02  4.737726421020D+02  4.738282286620D+02
  4.738848152341D+02  4.739424096973D+02  4.740010151832D+02  4.740606380186D+02
  4.741212796750D+02  4.741829446773D+02  4.742456325678D+02  4.743093458220D+02
  4.743740817826D+02  4.744398405758D+02  4.745066170399D+02  4.745744086323D+02
  4.746432073529D+02  4.747130076414D+02  4.747837982945D+02  4.748555703532D+02
  4.749283090137D+02  4.750020015039D+02  4.750766289876D+02  4.751521744298D+02
  4.752286144933D+02  4.753059273932D+02  4.753840847849D+02  4.754630596075D+02
  4.755428179626D+02  4.756233269468D+02  4.757045465204D+02  4.757864373288D+02
  4.758689525614D+02  4.759520457609D+02  4.760356626722D+02  4.761197490401D+02
  4.762042424477D+02  4.762890801023D+02  4.763741906641D+02  4.764595020196D+02
  4.765449331004D+02  4.766304016459D+02  4.767158160117D+02  4.768010829211D+02
  4.768860992652D+02  4.769707598440D+02  4.770549491573D+02  4.771385491373D+02
  4.772214309325D+02  4.773034626315D+02  4.773845010416D+02  4.774643994061D+02
  4.775429991788D+02  4.776201377372D+02  4.776956401546D+02  4.777693269121D+02
  4.778410056709D+02  4.779104789858D+02  4.779775360808D+02  4.780419605679D+02
  4.781035222299D+02  4.781619847478D+02  4.782170974953D+02  4.782686032799D+02
  4.783162301541D+02  4.783596991746D+02  4.783987162364D+02  4.784329798567D+02
  4.784621730369D+02  4.784859710781D+02  4.785040334793D+02  4.785160117906D+02
  4.785215415548D+02  4.785202502078D+02  4.785117490710D+02  4.784956413074D+02
  4.784715139739D+02  4.784389460423D+02  4.783975005210D+02  4.783467325501D+02
  4.782861816023D+02  4.782153796617D+02  4.781338435146D+02  4.780410830213D+02
  4.779365935057D+02  4.778198641310D+02  4.776903703977D+02  4.775475826310D+02
  4.773909585959D+02  4.772199521057D+02  4.770340057608D+02  4.768325596842D+02
  4.766150443910D+02  4.763808896548D+02  4.761295175109D+02  4.758603512564D+02
  4.755728085866D+02  4.752663107275D+02  4.749402757022D+02  4.745941275901D+02
  4.742272899151D+02  4.738391950202D+02  4.734292775648D+02  4.729969839980D+02
  4.725417661446D+02  4.720630907541D+02  4.715604331477D+02  4.710332868127D+02
  4.704811570752D+02  4.699035707001D+02  4.693000695462D+02  4.686702201235D+02
  4.680136071779D+02  4.673298431481D+02  4.666185616186D+02  4.658794266097D+02
  4.651121258281D+02  4.643163797157D+02  4.634919344197D+02  4.626385705190D+02
  4.617560956302D+02  4.608443527263D+02  4.599032122928D+02  4.589325801533D+02
  4.579323890918D+02  4.569026061057D+02  4.558432234195D+02  4.547542650990D+02
  4.536357773986D+02  4.524878346994D+02  4.513105291622D+02  4.501039759757D+02
  4.488683023457D+02  4.476036521055D+02  4.463101741216D+02  4.449880263940D+02
  4.436373640519D+02  4.422583431692D+02  4.408511086333D+02  4.394157980214D+02
  4.379525297531D+02  4.364614075063D+02  4.349425091978D+02  4.333958925426D+02
  4.318215855154D+02  4.302195937381D+02  4.285898931121D+02  4.269324396944D+02
  4.252471650883D+02  4.235339892696D+02  4.217928190074D+02  4.200235636574D+02
  4.182261363109D+02  4.164004718759D+02  4.145465298567D+02  4.126643131927D+02
  4.107538707318D+02  4.088153145523D+02  4.068488196315D+02  4.048546370969D+02
  4.028330886806D+02  4.007845738511D+02  3.987095575831D+02  3.966085706561D+02
  3.944821909029D+02  3.923310377568D+02  3.901557489314D+02  3.879569719037D+02
  3.857353392404D+02  3.834914605099D+02  3.812258997591D+02  3.789391711146D+02
  3.766317212182D+02  3.743039307215D+02  3.719561031870D+02  3.695884732651D+02
  3.672012021580D+02  3.647943919533D+02  3.623680866012D+02  3.599222909368D+02
  3.574569753965D+02  3.549720977525D+02  3.524676094810D+02  3.499434780879D+02
  3.473996930399D+02  3.448362866746D+02  3.422533378131D+02  3.396509895213D+02
  3.370294488604D+02  3.343890001771D+02  3.317299998815D+02  3.290528844169D+02
  3.263581595097D+02  3.236464025702D+02  3.209182465117D+02  3.181743770607D+02
  3.154155120488D+02  3.126423949631D+02  3.098557715543D+02  3.070563820047D+02
  3.042449376717D+02  3.014221151936D+02  2.985885371073D+02  2.957447718456D+02
  2.928913221902D+02  2.900286347800D+02  2.871570992319D+02  2.842770686807D+02
  2.813888692261D+02  2.784928288296D+02  2.755892918187D+02  2.726786483719D+02
  2.697613443894D+02  2.668379010437D+02  2.639089101716D+02  2.609750364048D+02
  2.580369944481D+02  2.550955349295D+02  2.521514095599D+02  2.492053507259D+02
  2.462580370224D+02  2.433100796214D+02  2.403619998823D+02  2.374142314282D+02
  2.344671151785D+02  2.315209187263D+02  2.285758470095D+02  2.256320745409D+02
  2.226897654595D+02  2.197491113531D+02  2.168103531721D+02  2.138738174117D+02
  2.109399332536D+02  2.080092613646D+02  2.050825015309D+02  2.021605103520D+02
  1.992442966821D+02  1.963350264722D+02  1.934340052417D+02  1.905426701733D+02
  1.876625604372D+02  1.847952981742D+02  1.819425489978D+02  1.791059948538D+02
  1.762872884038D+02  1.734880221626D+02  1.707096819683D+02  1.679536185279D+02
  1.652210071898D+02  1.625128303480D+02  1.598298532687D+02  1.571726282201D+02
  1.545414976586D+02  1.519366303870D+02  1.493580589438D+02  1.468057477564D+02
  1.442796540695D+02  1.417798041216D+02  1.393063407786D+02  1.368595633434D+02
  1.344399201794D+02  1.320479855260D+02  1.296843951600D+02  1.273497849469D+02
  1.250447138679D+02  1.227696150611D+02  1.205247498518D+02  1.183101989284D+02
  1.161258567861D+02  1.139714573502D+02  1.118465937598D+02  1.097507596756D+02
  1.076833761580D+02  1.056438333065D+02  1.036315126213D+02  1.016458210637D+02
  9.968620409447D+01  9.775216975692D+01  9.584329180886D+01  9.395922440236D+01
  9.209969670710D+01  9.026452010984D+01  8.845357648689D+01  8.666682019976D+01
  8.490426228984D+01  8.316596945839D+01  8.145204623090D+01  7.976263278832D+01
  7.809788676236D+01  7.645798135843D+01  7.484308799710D+01  7.325337571986D+01
  7.168899545339D+01  7.015008127351D+01  6.863673668496D+01  6.714903797399D+01
  6.568702259612D+01  6.425069459498D+01  6.284001498613D+01  6.145490906309D+01
  6.009525855217D+01  5.876091055067D+01  5.745167117944D+01  5.616731586360D+01
  5.490758417135D+01  5.367219108652D+01  5.246082261832D+01  5.127314755540D+01
  5.010881321641D+01  4.896745692672D+01  4.784870104552D+01  4.675216325831D+01
  4.567745003330D+01  4.462416506518D+01  4.359190079648D+01  4.258024501345D+01
  4.158877080694D+01  4.061704209957D+01  3.966460251896D+01  3.873098116081D+01
  3.781568110049D+01
N_07 POTENTIAL                      exc: Vosko,Wilk,Nusair      
  1.80145647  6.82500000  1.81203139
   7.00000
   2.10533   0.7247658484   0.8163257555
353
 0.25000000D-01 0.31739093D-03
 2 1
    0  -2.69998930000D+01
    0  -4.29582100000D-01
  2.594276435022D+01  2.594316540455D+01  2.594357625618D+01  2.594402308878D+01
  2.594448618206D+01  2.594496323008D+01  2.594545308082D+01  2.594595609449D+01
  2.594647188972D+01  2.594700113284D+01  2.594754359198D+01  2.594810001881D+01
  2.594867023699D+01  2.594925503832D+01  2.594985427824D+01  2.595046877548D+01
  2.595109840951D+01  2.595174402139D+01  2.595240551185D+01  2.595308374264D+01
  2.595377863488D+01  2.595449107055D+01  2.595522099109D+01  2.595596929888D+01
  2.595673595597D+01  2.595752188558D+01  2.595832707090D+01  2.595915245661D+01
  2.595999804772D+01  2.596086481108D+01  2.596175277424D+01  2.596266292701D+01
  2.596359532031D+01  2.596455096774D+01  2.596552994446D+01  2.596653328870D+01
  2.596756110073D+01  2.596861444437D+01  2.596969344606D+01  2.597079919870D+01
  2.597193224413D+01  2.597309330199D+01  2.597428255370D+01  2.597550114567D+01
  2.597674928814D+01  2.597802815679D+01  2.597933799165D+01  2.598067999867D+01
  2.598205444863D+01  2.598346257873D+01  2.598490469147D+01  2.598638205624D+01
  2.598789500823D+01  2.598944484998D+01  2.599103195030D+01  2.599265764579D+01
  2.599432233981D+01  2.599602740391D+01  2.599777327685D+01  2.599956136602D+01
  2.600139214640D+01  2.600326706201D+01  2.600518662483D+01  2.600715231627D+01
  2.600916468600D+01  2.601122525346D+01  2.601333460666D+01  2.601549430366D+01
  2.601770497131D+01  2.601996820675D+01  2.602228467611D+01  2.602465601593D+01
  2.602708293187D+01  2.602956710010D+01  2.603210926592D+01  2.603471114514D+01
  2.603737352266D+01  2.604009815372D+01  2.604288586255D+01  2.604573844347D+01
  2.604865675948D+01  2.605164264334D+01  2.605469699604D+01  2.605782168783D+01
  2.606101765660D+01  2.606428680882D+01  2.606763011784D+01  2.607104952471D+01
  2.607454603639D+01  2.607812162647D+01  2.608177733322D+01  2.608551516024D+01
  2.608933617436D+01  2.609324240613D+01  2.609723494760D+01  2.610131585265D+01
  2.610548623458D+01  2.610974816631D+01  2.611410277777D+01  2.611855215589D+01
  2.612309744184D+01  2.612774073072D+01  2.613248316868D+01  2.613732685233D+01
  2.614227292556D+01  2.614732347876D+01  2.615247964539D+01  2.615774350085D+01
  2.616311615874D+01  2.616859966949D+01  2.617419511624D+01  2.617990451313D+01
  2.618572890085D+01  2.619167024451D+01  2.619772952879D+01  2.620390865546D+01
  2.621020853806D+01  2.621663099894D+01  2.622317686351D+01  2.622984785678D+01
  2.623664469710D+01  2.624356899217D+01  2.625062133220D+01  2.625780318536D+01
  2.626511499036D+01  2.627255805125D+01  2.628013262933D+01  2.628783983733D+01
  2.629567973058D+01  2.630365320046D+01  2.631176006486D+01  2.632000096081D+01
  2.632837543415D+01  2.633688383131D+01  2.634552538815D+01  2.635430012084D+01
  2.636320691377D+01  2.637224540951D+01  2.638141409569D+01  2.639071219403D+01
  2.640013774617D+01  2.640968950162D+01  2.641936500255D+01  2.642916247058D+01
  2.643907889046D+01  2.644911189575D+01  2.645925785127D+01  2.646951373754D+01
  2.647987523211D+01  2.649033859268D+01  2.650089873720D+01  2.651155112573D+01
  2.652228983923D+01  2.653310946016D+01  2.654400314993D+01  2.655496452827D+01
  2.656598574934D+01  2.657705937976D+01  2.658817647354D+01  2.659932844883D+01
  2.661050516151D+01  2.662169678082D+01  2.663289186178D+01  2.664407921961D+01
  2.665524600107D+01  2.666637955793D+01  2.667746551725D+01  2.668848965397D+01
  2.669943596044D+01  2.671028851822D+01  2.672102956705D+01  2.673164137617D+01
  2.674210431289D+01  2.675239871373D+01  2.676250295296D+01  2.677239531380D+01
  2.678205205732D+01  2.679144929415D+01  2.680056105411D+01  2.680936115889D+01
  2.681782129297D+01  2.682591287776D+01  2.683360514434D+01  2.684086700981D+01
  2.684766515241D+01  2.685396589072D+01  2.685973326205D+01  2.686493090522D+01
  2.686952014296D+01  2.687346186925D+01  2.687671463661D+01  2.687923654893D+01
  2.688098335474D+01  2.688191034646D+01  2.688197046079D+01  2.688111618554D+01
  2.687929766826D+01  2.687646463185D+01  2.687256449261D+01  2.686754428597D+01
  2.686134879518D+01  2.685392248846D+01  2.684520765966D+01  2.683514637804D+01
  2.682367864227D+01  2.681074434417D+01  2.679628143725D+01  2.678022791564D+01
  2.676251999844D+01  2.674309412489D+01  2.672188515562D+01  2.669882838512D+01
  2.667385776070D+01  2.664690791307D+01  2.661791239369D+01  2.658680572393D+01
  2.655352165114D+01  2.651799521655D+01  2.648016103005D+01  2.643995535653D+01
  2.639731440877D+01  2.635217645153D+01  2.630448011144D+01  2.625416649736D+01
  2.620117752564D+01  2.614545805466D+01  2.608695422288D+01  2.602561559478D+01
  2.596139350848D+01  2.589424322926D+01  2.582412230266D+01  2.575099271098D+01
  2.567481922671D+01  2.559557156654D+01  2.551322273903D+01  2.542775118957D+01
  2.533913913540D+01  2.524737469397D+01  2.515245019740D+01  2.505436429592D+01
  2.495312024291D+01  2.484872796437D+01  2.474120230501D+01  2.463056505386D+01
  2.451684314144D+01  2.440007061119D+01  2.428028675732D+01  2.415753803141D+01
  2.403187611105D+01  2.390335973100D+01  2.377205267133D+01  2.363802550432D+01
  2.350135349275D+01  2.336211824273D+01  2.322040550389D+01  2.307630672036D+01
  2.292991672586D+01  2.278133518698D+01  2.263066418845D+01  2.247800956517D+01
  2.232347837579D+01  2.216718012349D+01  2.200922411979D+01  2.184972059841D+01
  2.168877797659D+01  2.152650387258D+01  2.136300227890D+01  2.119837450290D+01
  2.103271627708D+01  2.086611865466D+01  2.069866509771D+01  2.053043237876D+01
  2.036148770999D+01  2.019188972927D+01  2.002168576651D+01  1.985091303056D+01
  1.967959615239D+01  1.950774873788D+01  1.933537137910D+01  1.916245378932D+01
  1.898897351926D+01  1.881489892263D+01  1.864018882148D+01  1.846479651895D+01
  1.828867057138D+01  1.811175990699D+01  1.793401561901D+01  1.775539691485D+01
  1.757587342753D+01  1.739543124694D+01  1.721407476899D+01  1.703183165059D+01
  1.684875295983D+01  1.666491587834D+01  1.648042119596D+01  1.629539317612D+01
  1.610997429508D+01  1.592432269983D+01  1.573860511363D+01  1.555299318566D+01
  1.536765607033D+01  1.518275719522D+01  1.499844788718D+01  1.481486564948D+01
  1.463212957413D+01  1.445034050546D+01  1.426957828970D+01  1.408990361623D+01
  1.391135671396D+01  1.373396037456D+01  1.355771956000D+01  1.338262508117D+01
  1.320865363251D+01  1.303577170331D+01  1.286393568569D+01  1.269309573376D+01
  1.252319572378D+01  1.235417689585D+01  1.218597754819D+01  1.201853638185D+01
  1.185179188014D+01  1.168568533136D+01  1.152015988663D+01  1.135516326734D+01
  1.119064651823D+01  1.102656642336D+01  1.086288398316D+01  1.069956657106D+01
  1.053658616844D+01  1.037392129682D+01  1.021155504577D+01  1.004947681515D+01
  9.887680169578D+00  9.726164422501D+00  9.564932347039D+00  9.403991629244D+00
  9.243352459678D+00  9.083028876784D+00  8.923036256325D+00  8.763392557665D+00
  8.604115719247D+00  8.445224810903D+00  8.286737333314D+00  8.128670268929D+00
  7.971037272849D+00  7.813849604939D+00  7.657113191463D+00  7.500829413806D+00
  7.344992015602D+00  7.189587765716D+00  7.034593055972D+00  6.879974574691D+00
  6.725685601001D+00
Vac0 POTENTIAL                      exc: Vosko,Wilk,Nusair      
  2.37798540  6.82500000  2.34921590
   0.00000
   2.59633   0.7247658484   0.8163257555
353
 0.25000000D-01 0.39141124D-03
 0 1
  7.465637904891D-01  7.465408889972D-01  7.465165672396D-01  7.465096754038D-01
  7.465056900812D-01  7.465041597800D-01  7.465027691147D-01  7.465029104911D-01
  7.465027997244D-01  7.465040379087D-01  7.465049405306D-01  7.465071639454D-01
  7.465090585092D-01  7.465123052670D-01  7.465152740945D-01  7.465196630395D-01
  7.465238581116D-01  7.465295734916D-01  7.465352121202D-01  7.465425064495D-01
  7.465498795492D-01  7.465590863931D-01  7.465685754377D-01  7.465801304935D-01
  7.465922329163D-01  7.466067041972D-01  7.466220689662D-01  7.466401985335D-01
  7.466596749678D-01  7.466824359176D-01  7.467071401982D-01  7.467358143572D-01
  7.467672203093D-01  7.468035043144D-01  7.468435674354D-01  7.468897178234D-01
  7.469410434175D-01  7.469999860082D-01  7.470599024217D-01  7.470847079466D-01
  7.470576105052D-01  7.470327522892D-01  7.470083717812D-01  7.469860369428D-01
  7.469640040900D-01  7.469438570241D-01  7.469238661574D-01  7.469056278502D-01
  7.468874237623D-01  7.468708603283D-01  7.468542282663D-01  7.468391421650D-01
  7.468239001075D-01  7.468101233458D-01  7.467961159877D-01  7.467835047737D-01
  7.467705987935D-01  7.467590293275D-01  7.467471096160D-01  7.467364747259D-01
  7.467254413723D-01  7.467156478032D-01  7.467054136601D-01  7.466963798808D-01
  7.466868685805D-01  7.466785229845D-01  7.466696673195D-01  7.466619467578D-01
  7.466536873330D-01  7.466465358907D-01  7.466388200180D-01  7.466321880022D-01
  7.466249687699D-01  7.466188118588D-01  7.466120473560D-01  7.466063258820D-01
  7.465999785380D-01  7.465946568927D-01  7.465886929240D-01  7.465837390291D-01
  7.465781279642D-01  7.465735128509D-01  7.465682271239D-01  7.465639245436D-01
  7.465589391469D-01  7.465549252561D-01  7.465502174386D-01  7.465464705145D-01
  7.465420195208D-01  7.465385197198D-01  7.465343065650D-01  7.465310357101D-01
  7.465270429801D-01  7.465239843773D-01  7.465201960544D-01  7.465173343261D-01
  7.465137356374D-01  7.465110565800D-01  7.465076338600D-01  7.465051243155D-01
  7.465018648862D-01  7.464995126290D-01  7.464964046905D-01  7.464941983236D-01
  7.464912308579D-01  7.464891597211D-01  7.464863224057D-01  7.464843764918D-01
  7.464816596177D-01  7.464798294981D-01  7.464772238973D-01  7.464755006486D-01
  7.464729976275D-01  7.464713727696D-01  7.464689640456D-01  7.464674294798D-01
  7.464651071235D-01  7.464636550753D-01  7.464614114541D-01  7.464600344195D-01
  7.464578621454D-01  7.464565528397D-01  7.464544447180D-01  7.464531960238D-01
  7.464511450030D-01  7.464499499223D-01  7.464479490455D-01  7.464468006508D-01
  7.464448430064D-01  7.464437343909D-01  7.464418130650D-01  7.464407372937D-01
  7.464388453185D-01  7.464377953781D-01  7.464359256819D-01  7.464348944288D-01
  7.464330397823D-01  7.464320198886D-01  7.464301728504D-01  7.464291567468D-01
  7.464273096055D-01  7.464262894223D-01  7.464244341341D-01  7.464234016373D-01
  7.464215297611D-01  7.464204762850D-01  7.464185789119D-01  7.464174952861D-01
  7.464155629646D-01  7.464144394356D-01  7.464124620892D-01  7.464112882353D-01
  7.464092550743D-01  7.464080197138D-01  7.464059191392D-01  7.464046102296D-01
  7.464024297284D-01  7.464010342570D-01  7.463987602866D-01  7.463972641509D-01
  7.463948820150D-01  7.463932698905D-01  7.463907636012D-01  7.463890187979D-01
  7.463863709242D-01  7.463844752289D-01  7.463816667314D-01  7.463796002332D-01
  7.463766102815D-01  7.463743511803D-01  7.463711569522D-01  7.463686813485D-01
  7.463652578091D-01  7.463625394714D-01  7.463588591290D-01  7.463558692384D-01
  7.463519018761D-01  7.463486087435D-01  7.463443211226D-01  7.463406898781D-01
  7.463360454113D-01  7.463320376602D-01  7.463269960508D-01  7.463225694947D-01
  7.463170863378D-01  7.463121943558D-01  7.463062206993D-01  7.463008118862D-01
  7.462942937442D-01  7.462883114000D-01  7.462811892171D-01  7.462745707829D-01
  7.462667788416D-01  7.462594552773D-01  7.462509210433D-01  7.462428161399D-01
  7.462334595392D-01  7.462244891583D-01  7.462142217784D-01  7.462042930129D-01
  7.461930172200D-01  7.461820274660D-01  7.461696354301D-01  7.461574713619D-01
  7.461438439786D-01  7.461303804155D-01  7.461153861152D-01  7.461004847699D-01
  7.460839782016D-01  7.460674862961D-01  7.460493068728D-01  7.460310556094D-01
  7.460110259005D-01  7.459908287718D-01  7.459687527262D-01  7.459464036469D-01
  7.459220646292D-01  7.458973358716D-01  7.458704944916D-01  7.458431344034D-01
  7.458135261166D-01  7.457832565985D-01  7.457505890540D-01  7.457171027711D-01
  7.456810528802D-01  7.456440101801D-01  7.456042208751D-01  7.455632463801D-01
  7.455193230321D-01  7.454740018726D-01  7.454255083308D-01  7.453753819807D-01
  7.453218361934D-01  7.452663978662D-01  7.452072670401D-01  7.451459565982D-01
  7.450806518453D-01  7.450128501716D-01  7.449407205907D-01  7.448657433649D-01
  7.447860694968D-01  7.447031603128D-01  7.446151469029D-01  7.445234696578D-01
  7.444262376517D-01  7.443248681278D-01  7.442174458184D-01  7.441053623726D-01
  7.439866756073D-01  7.438627488716D-01  7.437316102200D-01  7.435945917074D-01
  7.434496884760D-01  7.432981979734D-01  7.431380789443D-01  7.429705905622D-01
  7.427936513169D-01  7.426084780500D-01  7.424129447257D-01  7.422082213612D-01
  7.419921326679D-01  7.417657968638D-01  7.415269841719D-01  7.412767555016D-01
  7.410128207881D-01  7.407361775287D-01  7.404444689445D-01  7.401386223564D-01
  7.398162071493D-01  7.394780729682D-01  7.391217074638D-01  7.387478742880D-01
  7.383539705952D-01  7.379406648146D-01  7.375052538787D-01  7.370483007457D-01
  7.365669913238D-01  7.360617717136D-01  7.355297047911D-01  7.349711071367D-01
  7.343829052352D-01  7.337652720519D-01  7.331149828019D-01  7.324320511275D-01
  7.317130843825D-01  7.309579193582D-01  7.301629770174D-01  7.293278977080D-01
  7.284488952721D-01  7.275253916729D-01  7.265533703919D-01  7.255320103811D-01
  7.244570386428D-01  7.233273634035D-01  7.221384257494D-01  7.208888318952D-01
  7.195737037226D-01  7.181913099886D-01  7.167364155817D-01  7.152069114766D-01
  7.135971624803D-01  7.119046356957D-01  7.101232464724D-01  7.082499850823D-01
  7.062782605226D-01  7.042045250273D-01  7.020216152800D-01  6.997253742887D-01
  6.973079894494D-01  6.947646111843D-01  6.920866871517D-01  6.892685768834D-01
  6.863008812483D-01  6.831770521164D-01  6.798867159412D-01  6.764222772102D-01
  6.727722347035D-01  6.689277771461D-01  6.648760903056D-01  6.606069428220D-01
  6.561059818014D-01  6.513613062327D-01  6.463567480854D-01  6.410784299966D-01
  6.355080280444D-01  6.296293094482D-01  6.234213721142D-01  6.168651568759D-01
  6.099366575123D-01  6.026134004803D-01  5.948676172970D-01  5.866726826692D-01
  5.779962387850D-01  5.688065800911D-01  5.590657160004D-01  5.487356871396D-01
  5.377715490763D-01  5.261276004675D-01  5.137502654497D-01  5.005842085922D-01
  4.865650874243D-01  4.716255223309D-01  4.556876832752D-01  4.386690749249D-01
  4.204749133147D-01  4.010036773403D-01  3.801392263426D-01  3.577560568923D-01
  3.337111005253D-01  3.078487733686D-01  2.799919363893D-01  2.499471199294D-01
  2.174947836088D-01
Vac0 POTENTIAL                      exc: Vosko,Wilk,Nusair      
  1.80145647  6.82500000  1.81203139
   0.00000
   2.10533   0.7247658484   0.8163257555
353
 0.25000000D-01 0.31739093D-03
 0 1
  5.566124112456D-01  5.565766157761D-01  5.565395374580D-01  5.565283089384D-01
  5.565220674969D-01  5.565183493018D-01  5.565154090045D-01  5.565135682233D-01
  5.565118720871D-01  5.565109473642D-01  5.565099810416D-01  5.565096749059D-01
  5.565092593897D-01  5.565094636750D-01  5.565095366645D-01  5.565102208051D-01
  5.565107751588D-01  5.565119505143D-01  5.565130131038D-01  5.565147202386D-01
  5.565163444362D-01  5.565186492860D-01  5.565209137781D-01  5.565239082904D-01
  5.565269191895D-01  5.565307248906D-01  5.565346206319D-01  5.565393947357D-01
  5.565443535023D-01  5.565502977405D-01  5.565565478721D-01  5.565639206906D-01
  5.565717547962D-01  5.565808876844D-01  5.565906815662D-01  5.566020009254D-01
  5.566142386060D-01  5.566282798214D-01  5.566422706994D-01  5.566470319271D-01
  5.566390241781D-01  5.566318005255D-01  5.566245874029D-01  5.566181018905D-01
  5.566115756149D-01  5.566057302606D-01  5.565998015683D-01  5.565945148806D-01
  5.565891092073D-01  5.565843128360D-01  5.565793674145D-01  5.565750036047D-01
  5.565704652062D-01  5.565664848230D-01  5.565623080161D-01  5.565586689857D-01
  5.565548147470D-01  5.565514808288D-01  5.565479154549D-01  5.565448552602D-01
  5.565415494814D-01  5.565387356863D-01  5.565356639639D-01  5.565330726642D-01
  5.565302126017D-01  5.565278227925D-01  5.565251546688D-01  5.565229478166D-01
  5.565204541918D-01  5.565184138719D-01  5.565160792645D-01  5.565141908651D-01
  5.565120014763D-01  5.565102519581D-01  5.565081954475D-01  5.565065731232D-01
  5.565046384162D-01  5.565031327790D-01  5.565013099019D-01  5.564999114757D-01
  5.564981914171D-01  5.564968916258D-01  5.564952662160D-01  5.564940572727D-01
  5.564925190827D-01  5.564913938948D-01  5.564899361476D-01  5.564888882331D-01
  5.564875047246D-01  5.564865281401D-01  5.564852131721D-01  5.564843024505D-01
  5.564830507730D-01  5.564822008672D-01  5.564810076225D-01  5.564802138546D-01
  5.564790745351D-01  5.564783325549D-01  5.564772429577D-01  5.564765487026D-01
  5.564755048942D-01  5.564748545511D-01  5.564738528348D-01  5.564732428126D-01
  5.564722796933D-01  5.564717065898D-01  5.564707787505D-01  5.564702393260D-01
  5.564693435984D-01  5.564688347503D-01  5.564679680928D-01  5.564674868321D-01
  5.564666463027D-01  5.564661897313D-01  5.564653724690D-01  5.564649377564D-01
  5.564641409576D-01  5.564637253225D-01  5.564629462206D-01  5.564625469061D-01
  5.564617827505D-01  5.564613970071D-01  5.564606450426D-01  5.564602701041D-01
  5.564595275496D-01  5.564591606141D-01  5.564584246409D-01  5.564580628476D-01
  5.564573305574D-01  5.564569709647D-01  5.564562393666D-01  5.564558789277D-01
  5.564551449132D-01  5.564547804521D-01  5.564540407701D-01  5.564536689539D-01
  5.564529201831D-01  5.564525374946D-01  5.564517760143D-01  5.564513787212D-01
  5.564506006795D-01  5.564501848021D-01  5.564493860823D-01  5.564489473574D-01
  5.564481235405D-01  5.564476573837D-01  5.564468037091D-01  5.564463051724D-01
  5.564454164932D-01  5.564448802194D-01  5.564439509558D-01  5.564433711282D-01
  5.564423952138D-01  5.564417655026D-01  5.564407363279D-01  5.564400498285D-01
  5.564389601776D-01  5.564382093453D-01  5.564370513270D-01  5.564362279047D-01
  5.564349928758D-01  5.564340878137D-01  5.564327662953D-01  5.564317696626D-01
  5.564303512486D-01  5.564292521372D-01  5.564277253907D-01  5.564265118080D-01
  5.564248641506D-01  5.564235229014D-01  5.564217404891D-01  5.564202570456D-01
  5.564183246313D-01  5.564166829901D-01  5.564145837736D-01  5.564127662963D-01
  5.564104817575D-01  5.564084689963D-01  5.564059787115D-01  5.564037492159D-01
  5.564010306547D-01  5.563985607580D-01  5.563955890587D-01  5.563928526426D-01
  5.563896003650D-01  5.563865685990D-01  5.563830054503D-01  5.563796465040D-01
  5.563757390368D-01  5.563720177622D-01  5.563677290402D-01  5.563636066206D-01
  5.563588958497D-01  5.563543294114D-01  5.563491515315D-01  5.563440937154D-01
  5.563383989498D-01  5.563327974374D-01  5.563265307947D-01  5.563203277841D-01
  5.563134285075D-01  5.563065601351D-01  5.562989610944D-01  5.562913567950D-01
  5.562829838135D-01  5.562745656133D-01  5.562653367248D-01  5.562560184601D-01
  5.562458430875D-01  5.562355295408D-01  5.562243075877D-01  5.562128935332D-01
  5.562005143804D-01  5.561878835281D-01  5.561742249239D-01  5.561602487536D-01
  5.561451755868D-01  5.561297120581D-01  5.561130750026D-01  5.560959671289D-01
  5.560776011442D-01  5.560586754169D-01  5.560383980908D-01  5.560174627362D-01
  5.559950724521D-01  5.559719155048D-01  5.559471894159D-01  5.559215765881D-01
  5.558942683771D-01  5.558659407027D-01  5.558357781041D-01  5.558044493338D-01
  5.557711313946D-01  5.557364851147D-01  5.556996791641D-01  5.556613656100D-01
  5.556207039090D-01  5.555783364408D-01  5.555334124749D-01  5.554865636791D-01
  5.554369280581D-01  5.553851254346D-01  5.553302813563D-01  5.552730025468D-01
  5.552124007778D-01  5.551490682859D-01  5.550821016070D-01  5.550120769552D-01
  5.549380740147D-01  5.548606512771D-01  5.547788697863D-01  5.546932684295D-01
  5.546028876299D-01  5.545082445865D-01  5.544083569085D-01  5.543037177989D-01
  5.541933196239D-01  5.540776290337D-01  5.539556104602D-01  5.538277011678D-01
  5.536928346716D-01  5.535514157105D-01  5.534023435763D-01  5.532459870010D-01
  5.530812073870D-01  5.529083335982D-01  5.527261850803D-01  5.525350465450D-01
  5.523336909680D-01  5.521223541529D-01  5.518997575940D-01  5.516660829059D-01
  5.514199945342D-01  5.511616140363D-01  5.508895426213D-01  5.506038352645D-01
  5.503030230572D-01  5.499870871333D-01  5.496544808061D-01  5.493051032857D-01
  5.489373215757D-01  5.485509439550D-01  5.481442416056D-01  5.477169218284D-01
  5.472671493682D-01  5.467945193292D-01  5.462970781589D-01  5.457742962233D-01
  5.452240884045D-01  5.446457862908D-01  5.440371583355D-01  5.433973816088D-01
  5.427240614580D-01  5.420162027588D-01  5.412712290062D-01  5.404879529930D-01
  5.396635952483D-01  5.387967540571D-01  5.378844231491D-01  5.369249609569D-01
  5.359151074391D-01  5.348529524556D-01  5.337349515856D-01  5.325588934737D-01
  5.313209144762D-01  5.300184648003D-01  5.286473217767D-01  5.272045545763D-01
  5.256855358630D-01  5.240869048235D-01  5.224035768988D-01  5.206317048007D-01
  5.187656859508D-01  5.168011210795D-01  5.147318189104D-01  5.125527518386D-01
  5.102570572847D-01  5.078389898203D-01  5.052909184698D-01  5.026062744863D-01
  4.997765436919D-01  4.967942088950D-01  4.936497361155D-01  4.903345103623D-01
  4.868378142757D-01  4.831497556268D-01  4.792582365020D-01  4.751518704241D-01
  4.708169396729D-01  4.662402993232D-01  4.614063196012D-01  4.562997733450D-01
  4.509027593854D-01  4.451975688937D-01  4.391635845804D-01  4.327801200220D-01
  4.260232878877D-01  4.188688045257D-01  4.112888183324D-01  4.032546694719D-01
  3.947336667282D-01  3.856917890417D-01  3.760903954962D-01  3.658888511616D-01
  3.550411500159D-01  3.434984416238D-01  3.312055423593D-01  3.181033296308D-01
  3.041251041360D-01  2.891989213441D-01  2.732433943558D-01  2.561702996431D-01
  2.378798212207D-01
