In49 POTENTIAL                      exc: Vosko,Wilk,Nusair      
  2.31897314  6.66250000  2.29182178
  49.00000
   2.53289   0.8007018830   0.8498776284
353
 0.25000000D-01 0.38184860D-03
 9 1
    0  -1.96656160000D+03
    0  -2.87428550000D+02
    0  -5.37136240000D+01
    0  -7.39818510000D+00
    1  -2.68528840000D+02
    1  -4.59639090000D+01
    1  -4.86454470000D+00
    2  -3.15522220000D+01
    2  -7.38539920000D-01
  4.724941001655D+02  4.725211480325D+02  4.725488123269D+02  4.725770992006D+02
  4.726060174810D+02  4.726355811997D+02  4.726658001136D+02  4.726966883629D+02
  4.727282559346D+02  4.727605171044D+02  4.727934820185D+02  4.728271650543D+02
  4.728615764651D+02  4.728967306901D+02  4.729326380382D+02  4.729693129626D+02
  4.730067657710D+02  4.730450108746D+02  4.730840585162D+02  4.731239230000D+02
  4.731646144328D+02  4.732061469370D+02  4.732485304024D+02  4.732917786854D+02
  4.733359013675D+02  4.733809119430D+02  4.734268195828D+02  4.734736373110D+02
  4.735213737728D+02  4.735700414009D+02  4.736196481858D+02  4.736702058329D+02
  4.737217215342D+02  4.737742061163D+02  4.738276658121D+02  4.738821104009D+02
  4.739375449785D+02  4.739939780891D+02  4.740514134942D+02  4.741098582956D+02
  4.741693147102D+02  4.742297881594D+02  4.742912790580D+02  4.743537909116D+02
  4.744173220760D+02  4.744818738546D+02  4.745474422528D+02  4.746140260666D+02
  4.746816186320D+02  4.747502159039D+02  4.748198081996D+02  4.748903882684D+02
  4.749619430285D+02  4.750344616262D+02  4.751079271663D+02  4.751823247604D+02
  4.752576332501D+02  4.753338332446D+02  4.754108988350D+02  4.754888056220D+02
  4.755675224206D+02  4.756470192769D+02  4.757272591635D+02  4.758082059848D+02
  4.758898162630D+02  4.759720471312D+02  4.760548480098D+02  4.761381685882D+02
  4.762219504902D+02  4.763061352442D+02  4.763906559388D+02  4.764754451808D+02
  4.765604267406D+02  4.766455234988D+02  4.767306490817D+02  4.768157157968D+02
  4.769006262586D+02  4.769852813138D+02  4.770695716580D+02  4.771533857514D+02
  4.772366014277D+02  4.773190938011D+02  4.774007268685D+02  4.774813614095D+02
  4.775608465834D+02  4.776390278241D+02  4.777157384339D+02  4.777908074752D+02
  4.778640513642D+02  4.779352817615D+02  4.780042971681D+02  4.780708908196D+02
  4.781348422870D+02  4.781959253777D+02  4.782538997463D+02  4.783085188062D+02
  4.783595213544D+02  4.784066394993D+02  4.784495903053D+02  4.784880837417D+02
  4.785218143525D+02  4.785504692338D+02  4.785737197350D+02  4.785912294716D+02
  4.786026460654D+02  4.786076091998D+02  4.786057424074D+02  4.785966611762D+02
  4.785799647929D+02  4.785552445090D+02  4.785220754490D+02  4.784800248456D+02
  4.784286440223D+02  4.783674767076D+02  4.782960511020D+02  4.782138882804D+02
  4.781204943534D+02  4.780153689686D+02  4.778979975750D+02  4.777678600323D+02
  4.776244229880D+02  4.774671486034D+02  4.772954870512D+02  4.771088853651D+02
  4.769067800653D+02  4.766886061372D+02  4.764537897888D+02  4.762017575625D+02
  4.759319292256D+02  4.756437270159D+02  4.753365686641D+02  4.750098767692D+02
  4.746630719469D+02  4.742955823267D+02  4.739068368166D+02  4.734962747073D+02
  4.730633390362D+02  4.726074862800D+02  4.721281797939D+02  4.716248995646D+02
  4.710971356951D+02  4.705443981828D+02  4.699662104091D+02  4.693621189003D+02
  4.687316867733D+02  4.680745034260D+02  4.673901778829D+02  4.666783483519D+02
  4.659386754040D+02  4.651708513266D+02  4.643745930620D+02  4.635496512793D+02
  4.626958029907D+02  4.618128602590D+02  4.609006624057D+02  4.599590842685D+02
  4.589880279166D+02  4.579874303737D+02  4.569572547613D+02  4.558974974134D+02
  4.548081783810D+02  4.536893478811D+02  4.525410761256D+02  4.513634590776D+02
  4.501566075907D+02  4.489206525034D+02  4.476557331427D+02  4.463620018364D+02
  4.450396119094D+02  4.436887217889D+02  4.423094827194D+02  4.409020427444D+02
  4.394665344862D+02  4.380030794160D+02  4.365117761784D+02  4.349927056943D+02
  4.334459206340D+02  4.318714520057D+02  4.302693004615D+02  4.286394450603D+02
  4.269818370654D+02  4.252964114664D+02  4.235830837254D+02  4.218417643259D+02
  4.200723584788D+02  4.182747833895D+02  4.164489702376D+02  4.145948830577D+02
  4.127125214581D+02  4.108019391727D+02  4.088632452411D+02  4.068966197361D+02
  4.049023108544D+02  4.028806454172D+02  4.008320198352D+02  3.987569039264D+02
  3.966558250570D+02  3.945293654543D+02  3.923781406208D+02  3.902027921066D+02
  3.880039628902D+02  3.857822888293D+02  3.835383744996D+02  3.812727868201D+02
  3.789860346015D+02  3.766785671431D+02  3.743507596801D+02  3.720029184465D+02
  3.696352727991D+02  3.672479868328D+02  3.648411576476D+02  3.624148324606D+02
  3.599690115445D+02  3.575036690609D+02  3.550187586929D+02  3.525142361133D+02
  3.499900651929D+02  3.474462400171D+02  3.448827896660D+02  3.422997979015D+02
  3.396974047897D+02  3.370758225186D+02  3.344353325445D+02  3.317762964333D+02
  3.290991476855D+02  3.264043970513D+02  3.236926187888D+02  3.209644505544D+02
  3.182205745790D+02  3.154617130419D+02  3.126886055023D+02  3.099020016058D+02
  3.071026371533D+02  3.042912269668D+02  3.014684429209D+02  2.986349107084D+02
  2.957911937903D+02  2.929377980193D+02  2.900751651184D+02  2.872036879815D+02
  2.843237151789D+02  2.814355765655D+02  2.785395961065D+02  2.756361224887D+02
  2.727255424692D+02  2.698083067820D+02  2.668849334867D+02  2.639560193464D+02
  2.610222257330D+02  2.580842719013D+02  2.551429046549D+02  2.521988795693D+02
  2.492529244851D+02  2.463057211902D+02  2.433578757649D+02  2.404099124002D+02
  2.374622594822D+02  2.345152608417D+02  2.315691791261D+02  2.286242226573D+02
  2.256805616142D+02  2.227383642239D+02  2.197978184891D+02  2.168591701945D+02
  2.139227429536D+02  2.109889714073D+02  2.080584138572D+02  2.051317759351D+02
  2.022099121144D+02  1.992938371771D+02  1.963847148684D+02  1.934838563942D+02
  1.905926963337D+02  1.877127789981D+02  1.848457232462D+02  1.819931990378D+02
  1.791568841477D+02  1.763384346276D+02  1.735394378284D+02  1.707613819880D+02
  1.680056117076D+02  1.652733038957D+02  1.625654341701D+02  1.598827689300D+02
  1.572258535637D+02  1.545950319586D+02  1.519904667926D+02  1.494121932595D+02
  1.468601712935D+02  1.443343626770D+02  1.418347910338D+02  1.393616053252D+02
  1.369151031693D+02  1.344957391228D+02  1.321040849759D+02  1.297407812412D+02
  1.274064594950D+02  1.251016815960D+02  1.228268748289D+02  1.205823023252D+02
  1.183680384108D+02  1.161839794026D+02  1.140298532998D+02  1.119052557928D+02
  1.098096755122D+02  1.077425370262D+02  1.057032263385D+02  1.036911293125D+02
  1.017056495522D+02  9.974623748067D+01  9.781239823366D+01  9.590371082844D+01
  9.401982665639D+01  9.216048014808D+01  9.032547979349D+01  8.851471246327D+01
  8.672812923441D+01  8.496574564012D+01  8.322762448874D+01  8.151387408777D+01
  7.982462992146D+01  7.816005250787D+01  7.652030937401D+01  7.490557375880D+01
  7.331600787602D+01  7.175176323874D+01  7.021296578632D+01  6.869971822450D+01
  6.721208725181D+01  6.575010801444D+01  6.431377342096D+01  6.290304061510D+01
  6.151782222042D+01  6.015799463089D+01  5.882339096025D+01  5.751381090707D+01
  5.622901514618D+01  5.496873647116D+01  5.373267527000D+01  5.252051148809D+01
  5.133190059343D+01  5.016648559869D+01  4.902389258921D+01  4.790374175828D+01
  4.680564143402D+01  4.572919718872D+01  4.467400370900D+01  4.363965172454D+01
  4.262571792695D+01  4.163177045901D+01  4.065735737066D+01  3.970201219011D+01
  3.876524184981D+01
N_07 POTENTIAL                      exc: Vosko,Wilk,Nusair      
  1.76095821  6.66250000  1.77099661
   7.00000
   2.05765   0.8007018830   0.8498776284
353
 0.25000000D-01 0.31020338D-03
 2 1
    0  -2.69998930000D+01
    0  -4.29582100000D-01
  2.602658843168D+01  2.602697981826D+01  2.602738073888D+01  2.602781723489D+01
  2.602826967347D+01  2.602873581258D+01  2.602921445319D+01  2.602970599970D+01
  2.603021001793D+01  2.603072721603D+01  2.603125730802D+01  2.603180108661D+01
  2.603235832073D+01  2.603292984274D+01  2.603351545290D+01  2.603411601010D+01
  2.603473133827D+01  2.603536231822D+01  2.603600879480D+01  2.603667166912D+01
  2.603735080605D+01  2.603804712657D+01  2.603876051549D+01  2.603949191381D+01
  2.604024122656D+01  2.604100941521D+01  2.604179640552D+01  2.604260318004D+01
  2.604342968594D+01  2.604427692753D+01  2.604514487413D+01  2.604603455258D+01
  2.604694595516D+01  2.604788013207D+01  2.604883709938D+01  2.604981793154D+01
  2.605082266928D+01  2.605185241217D+01  2.605290722671D+01  2.605398824162D+01
  2.605509593577D+01  2.605623106566D+01  2.605739375189D+01  2.605858517521D+01
  2.605980548456D+01  2.606105588953D+01  2.606233656840D+01  2.606364876056D+01
  2.606499267458D+01  2.606636958064D+01  2.606777971857D+01  2.606922439032D+01
  2.607070386794D+01  2.607221948608D+01  2.607377154997D+01  2.607536142792D+01
  2.607698945925D+01  2.607865704681D+01  2.608036456494D+01  2.608211345188D+01
  2.608390411784D+01  2.608573803732D+01  2.608761565714D+01  2.608953848886D+01
  2.609150701669D+01  2.609352278988D+01  2.609558633071D+01  2.609769922677D+01
  2.609986203896D+01  2.610207639374D+01  2.610434289107D+01  2.610666319670D+01
  2.610903794999D+01  2.611146885623D+01  2.611395659439D+01  2.611650290939D+01
  2.611910851982D+01  2.612177521018D+01  2.612450373850D+01  2.612729592854D+01
  2.613015257740D+01  2.613307554758D+01  2.613606567456D+01  2.613912485878D+01
  2.614225397318D+01  2.614545495504D+01  2.614872871343D+01  2.615207722101D+01
  2.615550142136D+01  2.615900332068D+01  2.616258389496D+01  2.616624518161D+01
  2.616998818653D+01  2.617381497554D+01  2.617772658136D+01  2.618172509488D+01
  2.618581157198D+01  2.618998812465D+01  2.619425582759D+01  2.619861680923D+01
  2.620307215808D+01  2.620762401355D+01  2.621227347210D+01  2.621702267784D+01
  2.622187272845D+01  2.622682576549D+01  2.623188288011D+01  2.623704620308D+01
  2.624231681019D+01  2.624769681198D+01  2.625318725885D+01  2.625879023046D+01
  2.626450674046D+01  2.627033882555D+01  2.627628744984D+01  2.628235459350D+01
  2.628854115671D+01  2.629484904786D+01  2.630127908710D+01  2.630783309402D+01
  2.631451179071D+01  2.632131688893D+01  2.632824899267D+01  2.633530968474D+01
  2.634249942871D+01  2.634981965498D+01  2.635727066203D+01  2.636485370182D+01
  2.637256888047D+01  2.638041724284D+01  2.638839867255D+01  2.639651397579D+01
  2.640476278053D+01  2.641314561959D+01  2.642166182895D+01  2.643031162998D+01
  2.643909402688D+01  2.644800888796D+01  2.645705484214D+01  2.646623135925D+01
  2.647553664557D+01  2.648496972306D+01  2.649452832384D+01  2.650421096837D+01
  2.651401485877D+01  2.652393795592D+01  2.653397687158D+01  2.654412894435D+01
  2.655439013056D+01  2.656475707898D+01  2.657522502053D+01  2.658578984170D+01
  2.659644597296D+01  2.660718846097D+01  2.661801085564D+01  2.662890728104D+01
  2.663987032123D+01  2.665089308980D+01  2.666196711442D+01  2.667308440514D+01
  2.668423533769D+01  2.669541072046D+01  2.670659967667D+01  2.671779171014D+01
  2.672897458628D+01  2.674013639691D+01  2.675126344006D+01  2.676234228390D+01
  2.677335764570D+01  2.678429445486D+01  2.679513573126D+01  2.680586464762D+01
  2.681646240739D+01  2.682691030682D+01  2.683718761256D+01  2.684727362376D+01
  2.685714554981D+01  2.686678057270D+01  2.687615372533D+01  2.688523995469D+01
  2.689401200106D+01  2.690244246253D+01  2.691050167572D+01  2.691815978210D+01
  2.692538461094D+01  2.693214374808D+01  2.693840242175D+01  2.694412557458D+01
  2.694927575308D+01  2.695381518372D+01  2.695770366693D+01  2.696090065815D+01
  2.696336316736D+01  2.696504784612D+01  2.696590889360D+01  2.696590015073D+01
  2.696497301388D+01  2.696307853728D+01  2.696016535554D+01  2.695618179553D+01
  2.695107380902D+01  2.694478709532D+01  2.693726504530D+01  2.692845087609D+01
  2.691828558777D+01  2.690671011144D+01  2.689366327991D+01  2.687908399034D+01
  2.686290919019D+01  2.684507605560D+01  2.682551999372D+01  2.680417683799D+01
  2.678098086772D+01  2.675586702117D+01  2.672876893320D+01  2.669962116674D+01
  2.666835726906D+01  2.663491202185D+01  2.659921951631D+01  2.656121542183D+01
  2.652083507947D+01  2.647801578878D+01  2.643269491881D+01  2.638481221196D+01
  2.633430791117D+01  2.628112507891D+01  2.622520773849D+01  2.616650320573D+01
  2.610496024146D+01  2.604053139256D+01  2.597317115185D+01  2.590283830443D+01
  2.582949409025D+01  2.575310455057D+01  2.567363868774D+01  2.559107080559D+01
  2.550537865990D+01  2.541654578574D+01  2.532455963101D+01  2.522941386288D+01
  2.513110647603D+01  2.502964206925D+01  2.492502991928D+01  2.481728621812D+01
  2.470643210253D+01  2.459249584201D+01  2.447551081370D+01  2.435551763058D+01
  2.423256205120D+01  2.410669703819D+01  2.397798059214D+01  2.384647772929D+01
  2.371225823078D+01  2.357539853018D+01  2.343597936837D+01  2.329408758270D+01
  2.314981365987D+01  2.300325341992D+01  2.285450546126D+01  2.270367273488D+01
  2.255085987836D+01  2.239617467855D+01  2.223972529474D+01  2.208162161213D+01
  2.192197235883D+01  2.176088635782D+01  2.159846954884D+01  2.143482615388D+01
  2.127005562416D+01  2.110425374513D+01  2.093750954157D+01  2.076990636413D+01
  2.060151880495D+01  2.043241383084D+01  2.026264778983D+01  2.009226768916D+01
  1.992130841162D+01  1.974979428053D+01  1.957773665310D+01  1.940513596556D+01
  1.923197992089D+01  1.905824625043D+01  1.888390174170D+01  1.870890595500D+01
  1.853321129849D+01  1.835676784341D+01  1.817952448620D+01  1.800143475344D+01
  1.782245874922D+01  1.764256942029D+01  1.746175451742D+01  1.728002232577D+01
  1.709740248089D+01  1.691394994430D+01  1.672974353328D+01  1.654488723739D+01
  1.635950594076D+01  1.617374404445D+01  1.598775886699D+01  1.580171753301D+01
  1.561578936645D+01  1.543014254377D+01  1.524493697643D+01  1.506032205762D+01
  1.487643107505D+01  1.469338074259D+01  1.451126748012D+01  1.433016875135D+01
  1.415014098345D+01  1.397122231260D+01  1.379343164802D+01  1.361677229548D+01
  1.344123164860D+01  1.326678521709D+01  1.309339653353D+01  1.292102124269D+01
  1.274960694776D+01  1.257909714684D+01  1.240943085900D+01  1.224054629437D+01
  1.207238018372D+01  1.190487113537D+01  1.173795864485D+01  1.157158613273D+01
  1.140569964142D+01  1.124025057063D+01  1.107519408488D+01  1.091049157468D+01
  1.074610880595D+01  1.058201813977D+01  1.041819645727D+01  1.025462717142D+01
  1.009129796017D+01  9.928202601466D+00  9.765338544043D+00  9.602708592756D+00
  9.440318341000D+00  9.278177726991D+00  9.116298344665D+00  8.954694883304D+00
  8.793382324652D+00  8.632377268457D+00  8.471695013139D+00  8.311350759158D+00
  8.151356560031D+00  7.991722385592D+00  7.832452922646D+00  7.673548473888D+00
  7.515001584457D+00  7.356797804192D+00  7.198911967424D+00  7.041308990607D+00
  6.883939822392D+00
Vac0 POTENTIAL                      exc: Vosko,Wilk,Nusair      
  2.31897314  6.66250000  2.29182178
   0.00000
   2.53289   0.8007018830   0.8498776284
353
 0.25000000D-01 0.38184860D-03
 0 1
  7.879439072612D-01  7.879191326141D-01  7.878929128182D-01  7.878854172190D-01
  7.878811319894D-01  7.878793943707D-01  7.878778814400D-01  7.878779194904D-01
  7.878777583638D-01  7.878789490999D-01  7.878798489800D-01  7.878820686268D-01
  7.878840027879D-01  7.878872886060D-01  7.878903419463D-01  7.878948183429D-01
  7.878991509998D-01  7.879050129805D-01  7.879108558262D-01  7.879183724841D-01
  7.879260364587D-01  7.879355652754D-01  7.879454602419D-01  7.879574704945D-01
  7.879701335121D-01  7.879852399239D-01  7.880013749433D-01  7.880203842699D-01
  7.880409166836D-01  7.880648914824D-01  7.880910427329D-01  7.881213886648D-01
  7.881547782816D-01  7.881933634928D-01  7.882361489421D-01  7.882854678885D-01
  7.883405346516D-01  7.884038330427D-01  7.884683367154D-01  7.884957321692D-01
  7.884678244772D-01  7.884421770725D-01  7.884170698273D-01  7.883940233680D-01
  7.883713359578D-01  7.883505445404D-01  7.883299619063D-01  7.883111379490D-01
  7.882923970459D-01  7.882752994770D-01  7.882581789535D-01  7.882426041632D-01
  7.882269164074D-01  7.882126912360D-01  7.881982761684D-01  7.881852524048D-01
  7.881719726022D-01  7.881600226422D-01  7.881477594515D-01  7.881367728261D-01
  7.881254232675D-01  7.881153038514D-01  7.881047780948D-01  7.880954418439D-01
  7.880856611715D-01  7.880770342783D-01  7.880679294124D-01  7.880599467801D-01
  7.880514564949D-01  7.880440604881D-01  7.880361304715D-01  7.880292698649D-01
  7.880218517601D-01  7.880154808634D-01  7.880085314656D-01  7.880026093895D-01
  7.879960899682D-01  7.879905799993D-01  7.879844557288D-01  7.879793248031D-01
  7.879735642675D-01  7.879687825168D-01  7.879633572960D-01  7.879588976606D-01
  7.879537819727D-01  7.879496198678D-01  7.879447902553D-01  7.879409032841D-01
  7.879363383460D-01  7.879327060472D-01  7.879283862070D-01  7.879249898361D-01
  7.879208971363D-01  7.879177194759D-01  7.879138373963D-01  7.879108625867D-01
  7.879071758902D-01  7.879043892808D-01  7.879008838703D-01  7.878982718871D-01
  7.878949346820D-01  7.878924847095D-01  7.878893035342D-01  7.878870038109D-01
  7.878839672945D-01  7.878818068179D-01  7.878789043033D-01  7.878768727411D-01
  7.878740942022D-01  7.878721818172D-01  7.878695177855D-01  7.878677153590D-01
  7.878651568515D-01  7.878634556198D-01  7.878609940757D-01  7.878593856659D-01
  7.878570128850D-01  7.878554892562D-01  7.878531973428D-01  7.878517507299D-01
  7.878495320364D-01  7.878481548964D-01  7.878460019714D-01  7.878446869315D-01
  7.878425924676D-01  7.878413322734D-01  7.878392890567D-01  7.878380765220D-01
  7.878360773812D-01  7.878349053369D-01  7.878329430924D-01  7.878318043346D-01
  7.878298717465D-01  7.878287589858D-01  7.878268487001D-01  7.878257545057D-01
  7.878238590002D-01  7.878227757437D-01  7.878208872700D-01  7.878198070672D-01
  7.878179175896D-01  7.878168322376D-01  7.878149333694D-01  7.878138342804D-01
  7.878119172151D-01  7.878107953455D-01  7.878088507832D-01  7.878076965578D-01
  7.878057146269D-01  7.878045178561D-01  7.878024880274D-01  7.878012378189D-01
  7.877991488130D-01  7.877978334751D-01  7.877956731617D-01  7.877942800981D-01
  7.877920353859D-01  7.877905509808D-01  7.877882076983D-01  7.877866171908D-01
  7.877841599537D-01  7.877824473004D-01  7.877798593682D-01  7.877780070922D-01
  7.877752702098D-01  7.877732592347D-01  7.877703534590D-01  7.877681629266D-01
  7.877650664346D-01  7.877626735046D-01  7.877593623832D-01  7.877567420121D-01
  7.877531900264D-01  7.877503147239D-01  7.877464930616D-01  7.877433326228D-01
  7.877392096123D-01  7.877357308214D-01  7.877312716212D-01  7.877274379254D-01
  7.877226041812D-01  7.877183753302D-01  7.877131247966D-01  7.877084564453D-01
  7.877027425678D-01  7.876975858375D-01  7.876913572917D-01  7.876856582848D-01
  7.876788584668D-01  7.876725577326D-01  7.876651241966D-01  7.876581561392D-01
  7.876500199762D-01  7.876423122020D-01  7.876333973537D-01  7.876248699498D-01
  7.876150924499D-01  7.876056571875D-01  7.875949243241D-01  7.875844837774D-01
  7.875726931678D-01  7.875611397412D-01  7.875481783085D-01  7.875353931614D-01
  7.875211360046D-01  7.875069878635D-01  7.874912970083D-01  7.874756408534D-01
  7.874583638719D-01  7.874410394863D-01  7.874220079718D-01  7.874028383375D-01
  7.873818662181D-01  7.873606557439D-01  7.873375374194D-01  7.873140699816D-01
  7.872885782638D-01  7.872626150411D-01  7.872344988774D-01  7.872057759573D-01
  7.871747579147D-01  7.871429836482D-01  7.871087571314D-01  7.870736092091D-01
  7.870358353862D-01  7.869969576050D-01  7.869552620091D-01  7.869122606992D-01
  7.868662294706D-01  7.868186695448D-01  7.867678452778D-01  7.867152458643D-01
  7.866591230144D-01  7.866009526280D-01  7.865389724353D-01  7.864746436388D-01
  7.864061885139D-01  7.863350520150D-01  7.862594393320D-01  7.861807774561D-01
  7.860972526884D-01  7.860102721608D-01  7.859180012909D-01  7.858218252541D-01
  7.857198863787D-01  7.856135455639D-01  7.855009196092D-01  7.853833425715D-01
  7.852589030228D-01  7.851289053395D-01  7.849914068799D-01  7.848476791999D-01
  7.846957451405D-01  7.845368399624D-01  7.843689483338D-01  7.841932653743D-01
  7.840077335335D-01  7.838135035339D-01  7.836084711277D-01  7.833937379283D-01
  7.831671480320D-01  7.829297487251D-01  7.826793269567D-01  7.824168699076D-01
  7.821401012966D-01  7.818499417965D-01  7.815440451556D-01  7.812232584437D-01
  7.808851579673D-01  7.805305093265D-01  7.801568031016D-01  7.797647146980D-01
  7.793516397781D-01  7.789181538703D-01  7.784615475163D-01  7.779822856162D-01
  7.774775422577D-01  7.769476597663D-01  7.763896831771D-01  7.758038189547D-01
  7.751869690649D-01  7.745391893210D-01  7.738572230061D-01  7.731409587987D-01
  7.723869638868D-01  7.715949414168D-01  7.707612630332D-01  7.698854257846D-01
  7.689635840104D-01  7.679950056270D-01  7.669756032680D-01  7.659043898582D-01
  7.647770088977D-01  7.635921892125D-01  7.623452742491D-01  7.610346758677D-01
  7.596554024869D-01  7.582055117545D-01  7.566796373464D-01  7.550754403119D-01
  7.533871342861D-01  7.516119352563D-01  7.497435848898D-01  7.477787984060D-01
  7.457107856461D-01  7.435356966544D-01  7.412461400223D-01  7.388376256778D-01
  7.363020799150D-01  7.336342847554D-01  7.308253889199D-01  7.278693429540D-01
  7.247564051998D-01  7.214795716565D-01  7.180280757571D-01  7.143938116525D-01
  7.105648262732D-01  7.065317343665D-01  7.022812009077D-01  6.978023457569D-01
  6.930802139586D-01  6.881021672915D-01  6.828513393167D-01  6.773130103376D-01
  6.714680431886D-01  6.652992371460D-01  6.587847393325D-01  6.519043718645D-01
  6.446330123105D-01  6.369468867377D-01  6.288169108082D-01  6.202149392953D-01
  6.111070570120D-01  6.014597726724D-01  5.912332457773D-01  5.803874092463D-01
  5.688751144755D-01  5.566481627971D-01  5.436503460209D-01  5.298233613509D-01
  5.150997187248D-01  4.994085073066D-01  4.826681338933D-01  4.647919017910D-01
  4.456805369732D-01  4.252275318806D-01  4.033114131140D-01  3.798007914665D-01
  3.545463147137D-01  3.273855394219D-01  2.981339889098D-01  2.665903105212D-01
  2.325266097396D-01
Vac0 POTENTIAL                      exc: Vosko,Wilk,Nusair      
  1.76095821  6.66250000  1.77099661
   0.00000
   2.05765   0.8007018830   0.8498776284
353
 0.25000000D-01 0.31020338D-03
 0 1
  5.909184512120D-01  5.908803652832D-01  5.908409193841D-01  5.908289707365D-01
  5.908223342984D-01  5.908183786444D-01  5.908152565375D-01  5.908133006412D-01
  5.908115047148D-01  5.908105261085D-01  5.908095097390D-01  5.908091926760D-01
  5.908087662201D-01  5.908089966636D-01  5.908090950454D-01  5.908098419313D-01
  5.908104592911D-01  5.908117367043D-01  5.908129039557D-01  5.908147578048D-01
  5.908165349671D-01  5.908190391550D-01  5.908215142969D-01  5.908247717614D-01
  5.908280637528D-01  5.908322107145D-01  5.908364749142D-01  5.908416880384D-01
  5.908471249690D-01  5.908536316331D-01  5.908604990585D-01  5.908685914902D-01
  5.908772208045D-01  5.908872750502D-01  5.908980932988D-01  5.909105947118D-01
  5.909241537389D-01  5.909397136163D-01  5.909552548557D-01  5.909607592279D-01
  5.909522699606D-01  5.909446085709D-01  5.909369619049D-01  5.909300832102D-01
  5.909231648506D-01  5.909169649625D-01  5.909106802586D-01  5.909050727584D-01
  5.908993426445D-01  5.908942550558D-01  5.908890129760D-01  5.908843840605D-01
  5.908795735730D-01  5.908753512280D-01  5.908709241549D-01  5.908670637684D-01
  5.908629787350D-01  5.908594418763D-01  5.908556631447D-01  5.908524165325D-01
  5.908489130671D-01  5.908459277271D-01  5.908426724445D-01  5.908399230295D-01
  5.908368921851D-01  5.908343564259D-01  5.908315291060D-01  5.908291873484D-01
  5.908265450625D-01  5.908243798909D-01  5.908219062231D-01  5.908199021453D-01
  5.908175824649D-01  5.908157256532D-01  5.908135468753D-01  5.908118249385D-01
  5.908097753211D-01  5.908081771200D-01  5.908062460867D-01  5.908047615734D-01
  5.908029395703D-01  5.908015596515D-01  5.907998380169D-01  5.907985544376D-01
  5.907969252954D-01  5.907957305337D-01  5.907941866986D-01  5.907930738846D-01
  5.907916087784D-01  5.907905716112D-01  5.907891791944D-01  5.907882118769D-01
  5.907868865834D-01  5.907859837655D-01  5.907847204462D-01  5.907838771703D-01
  5.907826710462D-01  5.907818827009D-01  5.907807293186D-01  5.907799915968D-01
  5.907788867879D-01  5.907781956506D-01  5.907771354956D-01  5.907764871366D-01
  5.907754679333D-01  5.907748587474D-01  5.907738769811D-01  5.907733035359D-01
  5.907723558507D-01  5.907718148604D-01  5.907708980330D-01  5.907703863314D-01
  5.907694972476D-01  5.907690117652D-01  5.907681473949D-01  5.907676851356D-01
  5.907668425109D-01  5.907664005289D-01  5.907655767211D-01  5.907651520999D-01
  5.907643441981D-01  5.907639340271D-01  5.907631391161D-01  5.907627404695D-01
  5.907619556070D-01  5.907615655209D-01  5.907607877150D-01  5.907604031637D-01
  5.907596293500D-01  5.907592472232D-01  5.907584742390D-01  5.907580913162D-01
  5.907573158761D-01  5.907569287998D-01  5.907561474678D-01  5.907557527162D-01
  5.907549618771D-01  5.907545557338D-01  5.907537515622D-01  5.907533300845D-01
  5.907525085111D-01  5.907520674951D-01  5.907512241719D-01  5.907507591151D-01
  5.907498893752D-01  5.907493954359D-01  5.907484942522D-01  5.907479662056D-01
  5.907470281437D-01  5.907464603334D-01  5.907454795016D-01  5.907448657870D-01
  5.907438357808D-01  5.907431694790D-01  5.907420833211D-01  5.907413571435D-01
  5.907402072169D-01  5.907394131996D-01  5.907381911744D-01  5.907373206017D-01
  5.907360173550D-01  5.907350606746D-01  5.907336662021D-01  5.907326129326D-01
  5.907311162506D-01  5.907299548797D-01  5.907283439179D-01  5.907270617882D-01
  5.907253232717D-01  5.907239064574D-01  5.907220257752D-01  5.907204589445D-01
  5.907184200060D-01  5.907166862696D-01  5.907144713451D-01  5.907125520888D-01
  5.907101416337D-01  5.907080163341D-01  5.907053887949D-01  5.907030348153D-01
  5.907001664157D-01  5.906975587808D-01  5.906944232847D-01  5.906915344322D-01
  5.906881028823D-01  5.906849023879D-01  5.906811428172D-01  5.906775970911D-01
  5.906734742033D-01  5.906695461549D-01  5.906650209725D-01  5.906606696399D-01
  5.906556991140D-01  5.906508792543D-01  5.906454158348D-01  5.906400774716D-01
  5.906340686313D-01  5.906281565549D-01  5.906215442634D-01  5.906149974780D-01
  5.906077176214D-01  5.906004687345D-01  5.905924504728D-01  5.905844250197D-01
  5.905755900775D-01  5.905667057757D-01  5.905569676574D-01  5.905471335820D-01
  5.905363967052D-01  5.905255123767D-01  5.905136711136D-01  5.905016254912D-01
  5.904885631093D-01  5.904752334764D-01  5.904608209676D-01  5.904460717010D-01
  5.904301664869D-01  5.904138476955D-01  5.903962921964D-01  5.903782382166D-01
  5.903588582692D-01  5.903388860011D-01  5.903174891096D-01  5.902953961780D-01
  5.902717695795D-01  5.902473322999D-01  5.902212408266D-01  5.901942119569D-01
  5.901653956709D-01  5.901355019244D-01  5.901036735034D-01  5.900706127995D-01
  5.900354546445D-01  5.899988930671D-01  5.899600541049D-01  5.899196225394D-01
  5.898767146845D-01  5.898320050972D-01  5.897845993394D-01  5.897351606622D-01
  5.896827827377D-01  5.896281163148D-01  5.895702419175D-01  5.895097964682D-01
  5.894458459498D-01  5.893790119936D-01  5.893083445001D-01  5.892344481877D-01
  5.891563551683D-01  5.890746514523D-01  5.889883494745D-01  5.888980145499D-01
  5.888026373445D-01  5.887027602773D-01  5.885973499292D-01  5.884869233856D-01
  5.883704205765D-01  5.882483305530D-01  5.881195637513D-01  5.879845781951D-01
  5.878422516761D-01  5.876930078733D-01  5.875356884401D-01  5.873706790322D-01
  5.871967812901D-01  5.870143387658D-01  5.868221087884D-01  5.866203882774D-01
  5.864078854792D-01  5.861848456534D-01  5.859499226651D-01  5.857033045295D-01
  5.854435848434D-01  5.851708881709D-01  5.848837412952D-01  5.845821984272D-01
  5.842647122555D-01  5.839312589561D-01  5.835802090167D-01  5.832114520233D-01
  5.828232672306D-01  5.824154480981D-01  5.819861725743D-01  5.815351273508D-01
  5.810603778247D-01  5.805614920331D-01  5.800364102526D-01  5.794845685719D-01
  5.789037680802D-01  5.782932980296D-01  5.776508045566D-01  5.769754133771D-01
  5.762645979762D-01  5.755173017704D-01  5.747308056897D-01  5.739038497277D-01
  5.730334998288D-01  5.721182687338D-01  5.711549820660D-01  5.701418983640D-01
  5.690755742419D-01  5.679539834773D-01  5.667733810979D-01  5.655314213668D-01
  5.642240206157D-01  5.628484739375D-01  5.614003165497D-01  5.598764389621D-01
  5.582719466060D-01  5.565832731937D-01  5.548050382902D-01  5.529331585149D-01
  5.509617026568D-01  5.488860002859D-01  5.466994939188D-01  5.443968444989D-01
  5.419707799979D-01  5.394151970904D-01  5.367220054192D-01  5.338842246153D-01
  5.308928232574D-01  5.277398101628D-01  5.244150668144D-01  5.209094315600D-01
  5.172115239485D-01  5.133108200995D-01  5.091944669629D-01  5.048503466347D-01
  5.002638779960D-01  4.954210671199D-01  4.903052930188D-01  4.849003404610D-01
  4.791871656082D-01  4.731469064767D-01  4.667576230015D-01  4.599972789565D-01
  4.528404493456D-01  4.452612657221D-01  4.372300816515D-01  4.287163709001D-01
  4.196853388727D-01  4.101007598900D-01  3.999215187523D-01  3.891043690823D-01
  3.776003842826D-01  3.653576128831D-01  3.523174140646D-01  3.384169757447D-01
  3.235854967795D-01  3.077466531261D-01  2.908141629794D-01  2.726945956407D-01
  2.532823280398D-01
