In49 POTENTIAL                      exc: Vosko,Wilk,Nusair      
  2.25914357  6.50000000  2.23392349
  49.00000
   2.46891   0.8869959842   0.8856378694
353
 0.25000000D-01 0.37220196D-03
 9 1
    0  -1.96656160000D+03
    0  -2.87428550000D+02
    0  -5.37136240000D+01
    0  -7.39818510000D+00
    1  -2.68528840000D+02
    1  -4.59639090000D+01
    1  -4.86454470000D+00
    2  -3.15522220000D+01
    2  -7.38539920000D-01
  4.725879719699D+02  4.726143376115D+02  4.726413057654D+02  4.726688828408D+02
  4.726970775250D+02  4.727259036936D+02  4.727553709757D+02  4.727854933693D+02
  4.728162807457D+02  4.728477472555D+02  4.728799029450D+02  4.729127620855D+02
  4.729463348498D+02  4.729806355931D+02  4.730156745664D+02  4.730514661644D+02
  4.730880206634D+02  4.731253524452D+02  4.731634717525D+02  4.732023928932D+02
  4.732421260092D+02  4.732826852652D+02  4.733240806266D+02  4.733663260353D+02
  4.734094311945D+02  4.734534097333D+02  4.734982709963D+02  4.735440281982D+02
  4.735906902165D+02  4.736382697368D+02  4.736867750483D+02  4.737362181794D+02
  4.737866066948D+02  4.738379518223D+02  4.738902602504D+02  4.739435422470D+02
  4.739978034556D+02  4.740530530063D+02  4.741092953104D+02  4.741665381636D+02
  4.742247845462D+02  4.742840406926D+02  4.743443079062D+02  4.744055906375D+02
  4.744678882692D+02  4.745312031943D+02  4.745955325972D+02  4.746608765230D+02
  4.747272296532D+02  4.747945893664D+02  4.748629475081D+02  4.749322984420D+02
  4.750026308137D+02  4.750739355920D+02  4.751461978262D+02  4.752194046769D+02
  4.752935371657D+02  4.753685781965D+02  4.754445042963D+02  4.755212936257D+02
  4.755989177118D+02  4.756773494478D+02  4.757565548156D+02  4.758365008753D+02
  4.759171474781D+02  4.759984552440D+02  4.760803772650D+02  4.761628670709D+02
  4.762458703228D+02  4.763293327671D+02  4.764131919185D+02  4.764973850020D+02
  4.765818406264D+02  4.766664867144D+02  4.767512421655D+02  4.768360247753D+02
  4.769207428887D+02  4.770053033080D+02  4.770896029370D+02  4.771735366795D+02
  4.772569890740D+02  4.773398421837D+02  4.774219672243D+02  4.775032324451D+02
  4.775834947514D+02  4.776626075795D+02  4.777404125148D+02  4.778167471626D+02
  4.778914367639D+02  4.779643020651D+02  4.780351509339D+02  4.781037862304D+02
  4.781699974266D+02  4.782335684823D+02  4.782942694721D+02  4.783518644700D+02
  4.784061031879D+02  4.784567288737D+02  4.785034699665D+02  4.785460480132D+02
  4.785841693459D+02  4.786175330234D+02  4.786458225365D+02  4.786687137811D+02
  4.786858667990D+02  4.786969337895D+02  4.787015508928D+02  4.786993462487D+02
  4.786899318311D+02  4.786729115615D+02  4.786478732045D+02  4.786143965445D+02
  4.785720453512D+02  4.785203756304D+02  4.784589276679D+02  4.783872343644D+02
  4.783048133682D+02  4.782111755035D+02  4.781058170019D+02  4.779882280336D+02
  4.778578850467D+02  4.777142594110D+02  4.775568098737D+02  4.773849913230D+02
  4.771982473683D+02  4.769960192301D+02  4.767777384499D+02  4.765428359120D+02
  4.762907346856D+02  4.760208591798D+02  4.757326281199D+02  4.754254638332D+02
  4.750987853551D+02  4.747520178418D+02  4.743845857975D+02  4.739959226022D+02
  4.735854638477D+02  4.731526569642D+02  4.726969546440D+02  4.722178245442D+02
  4.717147427716D+02  4.711872036296D+02  4.706347131295D+02  4.700567987426D+02
  4.694530028943D+02  4.688228926736D+02  4.681660532563D+02  4.674820975151D+02
  4.667706593112D+02  4.660314029378D+02  4.652640162097D+02  4.644682196666D+02
  4.636437593824D+02  4.627904158473D+02  4.619079964137D+02  4.609963437717D+02
  4.600553279460D+02  4.590848542800D+02  4.580848549000D+02  4.570552961277D+02
  4.559961693384D+02  4.549074977358D+02  4.537893265452D+02  4.526417291149D+02
  4.514647964168D+02  4.502586424591D+02  4.490233931265D+02  4.477591909567D+02
  4.464661833984D+02  4.451445270805D+02  4.437943756623D+02  4.424158838191D+02
  4.410091949668D+02  4.395744453102D+02  4.381117518519D+02  4.366212169807D+02
  4.351029173081D+02  4.335569093994D+02  4.319832200889D+02  4.303818540365D+02
  4.287527862100D+02  4.270959719254D+02  4.254113420815D+02  4.236988161426D+02
  4.219583003956D+02  4.201897038909D+02  4.183929394191D+02  4.165679417306D+02
  4.147146701343D+02  4.128331274704D+02  4.109233623983D+02  4.089854868507D+02
  4.070196755211D+02  4.050261792518D+02  4.030053193178D+02  4.009574947082D+02
  3.988831697403D+02  3.967828745238D+02  3.946571860690D+02  3.925067230137D+02
  3.903321221729D+02  3.881340302092D+02  3.859130788310D+02  3.836698768901D+02
  3.814049877239D+02  3.791189249335D+02  3.768121346722D+02  3.744849973039D+02
  3.721378161445D+02  3.697708257886D+02  3.673841874033D+02  3.649780032021D+02
  3.625523172443D+02  3.601071345934D+02  3.576424258536D+02  3.551581490405D+02
  3.526542557713D+02  3.501307137314D+02  3.475875124327D+02  3.450246842715D+02
  3.424423079763D+02  3.398405265241D+02  3.372195467352D+02  3.345796527272D+02
  3.319212005437D+02  3.292446262960D+02  3.265504352701D+02  3.238392045035D+02
  3.211115664659D+02  3.183682065460D+02  3.156098422042D+02  3.128372166973D+02
  3.100510755416D+02  3.072521588466D+02  3.044411779023D+02  3.016188094382D+02
  2.987856760687D+02  2.959423464276D+02  2.930893234327D+02  2.902270539177D+02
  2.873559275559D+02  2.844762975199D+02  2.815884897388D+02  2.786928319324D+02
  2.757896679525D+02  2.728793874423D+02  2.699624355852D+02  2.670393328695D+02
  2.641106703903D+02  2.611771122106D+02  2.582393725472D+02  2.552982018284D+02
  2.523543517212D+02  2.494085548805D+02  2.464614902957D+02  2.435137697653D+02
  2.405659152830D+02  2.376183611958D+02  2.346714490043D+02  2.317254468286D+02
  2.287805598650D+02  2.258369627315D+02  2.228948193358D+02  2.199543208465D+02
  2.170157074562D+02  2.140793047418D+02  2.111455406825D+02  2.082149746585D+02
  2.052883049780D+02  2.023663867849D+02  1.994502273998D+02  1.965409913789D+02
  1.936399828843D+02  1.907486379896D+02  1.878684948936D+02  1.850011751009D+02
  1.821483437970D+02  1.793116828869D+02  1.764928452290D+02  1.736934239266D+02
  1.709149056224D+02  1.681586421679D+02  1.654258101886D+02  1.627173935794D+02
  1.600341590896D+02  1.573766605129D+02  1.547452416083D+02  1.521400723092D+02
  1.495611858640D+02  1.470085470903D+02  1.444821131451D+02  1.419819099279D+02
  1.395080796949D+02  1.370609212153D+02  1.346408824344D+02  1.322485376114D+02
  1.298845229133D+02  1.275494751266D+02  1.252439544522D+02  1.229683955798D+02
  1.207230614186D+02  1.185080343034D+02  1.163232101800D+02  1.141683243235D+02
  1.120429709333D+02  1.099466445965D+02  1.078787670221D+02  1.058387288646D+02
  1.038259119563D+02  1.018397235525D+02  9.987960923292D+01  9.794507715551D+01
  9.603570103220D+01  9.415113495759D+01  9.229110785307D+01  9.045543079116D+01
  8.864398506518D+01  8.685672428670D+01  8.509365835540D+01  8.335485252032D+01
  8.164040930031D+01  7.995046637913D+01  7.828517814148D+01  7.664471384631D+01
  7.502923999802D+01  7.343891979447D+01  7.187389711651D+01  7.033429783448D+01
  6.882021582036D+01  6.733171635902D+01  6.586882429696D+01  6.443152956522D+01
  6.301977739129D+01  6.163347580306D+01  6.027248773751D+01  5.893664033636D+01
  5.762571874361D+01  5.633947695639D+01  5.507763302157D+01  5.383988105745D+01
  5.262588732008D+01  5.143530267271D+01  5.026775858049D+01  4.912287888826D+01
  4.800027449228D+01  4.689955321283D+01  4.582031216076D+01  4.476214512745D+01
  4.372463259758D+01  4.270734727934D+01  4.170984219840D+01  4.073165608596D+01
  3.977230069625D+01
N_07 POTENTIAL                      exc: Vosko,Wilk,Nusair      
  1.72127726  6.50000000  1.73067725
   7.00000
   2.01081   0.8869959842   0.8856378694
353
 0.25000000D-01 0.30314114D-03
 2 1
    0  -2.69998930000D+01
    0  -4.29582100000D-01
  2.611901834464D+01  2.611940021772D+01  2.611979136063D+01  2.612021769894D+01
  2.612065966552D+01  2.612111508845D+01  2.612158271285D+01  2.612206299536D+01
  2.612255544074D+01  2.612306080718D+01  2.612357874647D+01  2.612411010059D+01
  2.612465457566D+01  2.612521305287D+01  2.612578526925D+01  2.612637213211D+01
  2.612697340177D+01  2.612759000710D+01  2.612822172899D+01  2.612886951623D+01
  2.612953316936D+01  2.613021365670D+01  2.613091079832D+01  2.613162558220D+01
  2.613235784827D+01  2.613310860458D+01  2.613387771142D+01  2.613466619751D+01
  2.613547394415D+01  2.613630200143D+01  2.613715027238D+01  2.613801982922D+01
  2.613891059752D+01  2.613982367246D+01  2.614075900296D+01  2.614171770799D+01
  2.614269976075D+01  2.614370630487D+01  2.614473733888D+01  2.614579403573D+01
  2.614687680352D+01  2.614798644365D+01  2.614912300777D+01  2.615028771940D+01
  2.615148065809D+01  2.615270307572D+01  2.615395508072D+01  2.615523795431D+01
  2.615655183474D+01  2.615789803359D+01  2.615927671990D+01  2.616068923654D+01
  2.616213578435D+01  2.616361773843D+01  2.616513533237D+01  2.616668997447D+01
  2.616828193198D+01  2.616991264734D+01  2.617158242236D+01  2.617329273449D+01
  2.617504392101D+01  2.617683749523D+01  2.617867383068D+01  2.618055447734D+01
  2.618247984581D+01  2.618445152345D+01  2.618646995859D+01  2.618853677666D+01
  2.619065246435D+01  2.619281868571D+01  2.619503596630D+01  2.619730600925D+01
  2.619962937938D+01  2.620200781926D+01  2.620444193323D+01  2.620693350344D+01
  2.620948317387D+01  2.621209276629D+01  2.621476296422D+01  2.621749562885D+01
  2.622029148295D+01  2.622315242672D+01  2.622607922166D+01  2.622907380630D+01
  2.623213698005D+01  2.623527071882D+01  2.623847585880D+01  2.624175441200D+01
  2.624510724991D+01  2.624853641896D+01  2.625204282408D+01  2.625562854405D+01
  2.625929451489D+01  2.626304284516D+01  2.626687449920D+01  2.627079161224D+01
  2.627479517356D+01  2.627888734140D+01  2.628306912594D+01  2.628734270410D+01
  2.629170910231D+01  2.629617051107D+01  2.630072796758D+01  2.630538367007D+01
  2.631013866018D+01  2.631499513709D+01  2.631995413961D+01  2.632501786009D+01
  2.633018732622D+01  2.633546471464D+01  2.634085103248D+01  2.634634843059D+01
  2.635195788479D+01  2.635768150875D+01  2.636352023489D+01  2.636947612685D+01
  2.637555005999D+01  2.638174403350D+01  2.638805885038D+01  2.639449642919D+01
  2.640105748347D+01  2.640774383306D+01  2.641455608299D+01  2.642149593423D+01
  2.642856386207D+01  2.643576142627D+01  2.644308894882D+01  2.645054782346D+01
  2.645813819285D+01  2.646586125734D+01  2.647371695143D+01  2.648170625187D+01
  2.648982885337D+01  2.649808547583D+01  2.650647553931D+01  2.651499947042D+01
  2.652365637640D+01  2.653244635063D+01  2.654136814581D+01  2.655042147849D+01
  2.655960470127D+01  2.656891710635D+01  2.657835659672D+01  2.658792198859D+01
  2.659761068152D+01  2.660742095979D+01  2.661734966131D+01  2.662739447787D+01
  2.663755162291D+01  2.664781813050D+01  2.665818952188D+01  2.666866210329D+01
  2.667923063116D+01  2.668989060868D+01  2.670063594976D+01  2.671146127426D+01
  2.672235957068D+01  2.673332449007D+01  2.674434800744D+01  2.675542271439D+01
  2.676653947923D+01  2.677768973834D+01  2.678886315509D+01  2.680004990996D+01
  2.681123835827D+01  2.682241731925D+01  2.683357373257D+01  2.684469494648D+01
  2.685576637337D+01  2.686677377694D+01  2.687770092711D+01  2.688853188639D+01
  2.689924866422D+01  2.690983350290D+01  2.692026653156D+01  2.693052805194D+01
  2.694059619230D+01  2.695044919336D+01  2.696006306256D+01  2.696941386056D+01
  2.697847535623D+01  2.698722131421D+01  2.699562315117D+01  2.700365222493D+01
  2.701127749258D+01  2.701846780177D+01  2.702518955136D+01  2.703140898562D+01
  2.703708985813D+01  2.704219572962D+01  2.704668763605D+01  2.705052639096D+01
  2.705367025855D+01  2.705607726160D+01  2.705770286058D+01  2.705850226811D+01
  2.705842813517D+01  2.705743287332D+01  2.705546634919D+01  2.705247821554D+01
  2.704841561530D+01  2.704322552279D+01  2.703685245850D+01  2.702924084178D+01
  2.702033271772D+01  2.701007012256D+01  2.699839282392D+01  2.698524070025D+01
  2.697055149574D+01  2.695426321496D+01  2.693631189364D+01  2.691663400963D+01
  2.689516427059D+01  2.687183804231D+01  2.684658915412D+01  2.681935234533D+01
  2.679006108899D+01  2.675865005693D+01  2.672505296221D+01  2.668920504283D+01
  2.665104092279D+01  2.661049711417D+01  2.656750989620D+01  2.652201783489D+01
  2.647395967896D+01  2.642327689558D+01  2.636991158137D+01  2.631380901205D+01
  2.625491556604D+01  2.619318128511D+01  2.612855780718D+01  2.606100093418D+01
  2.599046856988D+01  2.591692329029D+01  2.584033028129D+01  2.576065990594D+01
  2.567788563587D+01  2.559198660890D+01  2.550294554702D+01  2.541075129687D+01
  2.531539672635D+01  2.521688123942D+01  2.511520864265D+01  2.501038962507D+01
  2.490243958504D+01  2.479138106548D+01  2.467724153088D+01  2.456005574752D+01
  2.443986350040D+01  2.431671190776D+01  2.419065306796D+01  2.406174629782D+01
  2.393005569827D+01  2.379565230773D+01  2.365861157730D+01  2.351901542945D+01
  2.337694963465D+01  2.323250576794D+01  2.308577848012D+01  2.293686734652D+01
  2.278587402849D+01  2.263290401115D+01  2.247806365373D+01  2.232146181681D+01
  2.216320680403D+01  2.200340788395D+01  2.184217213118D+01  2.167960585449D+01
  2.151581135310D+01  2.135088827190D+01  2.118493029987D+01  2.101802648657D+01
  2.085025792595D+01  2.068169908809D+01  2.051241455536D+01  2.034246045181D+01
  2.017188133208D+01  2.000071182981D+01  1.982897384386D+01  1.965667857529D+01
  1.948382420575D+01  1.931039854111D+01  1.913637741771D+01  1.896172819511D+01
  1.878640912233D+01  1.861037387674D+01  1.843357201897D+01  1.825595459788D+01
  1.807747556114D+01  1.789809809777D+01  1.771779644843D+01  1.753656219225D+01
  1.735440544916D+01  1.717135995339D+01  1.698748244740D+01  1.680285543988D+01
  1.661758394177D+01  1.643179545170D+01  1.624563406367D+01  1.605925822031D+01
  1.587283318834D+01  1.568652790590D+01  1.550050731161D+01  1.531492974991D+01
  1.512994043694D+01  1.494567041453D+01  1.476223179669D+01  1.457971856942D+01
  1.439820361050D+01  1.421774109089D+01  1.403836486256D+01  1.386009196717D+01
  1.368292186879D+01  1.350684056260D+01  1.333182019032D+01  1.315782334798D+01
  1.298480275056D+01  1.281270547137D+01  1.264147244903D+01  1.247104250455D+01
  1.230135158116D+01  1.213233646577D+01  1.196393371712D+01  1.179608306936D+01
  1.162872604323D+01  1.146180903905D+01  1.129528164737D+01  1.112909945428D+01
  1.096322207883D+01  1.079761572065D+01  1.063225095557D+01  1.046710505735D+01
  1.030215958305D+01  1.013740249917D+01  9.972825585429D+00  9.808426391541D+00
  9.644205482864D+00  9.480168247945D+00  9.316322002130D+00  9.152677657630D+00
  8.989246692147D+00  8.826042683231D+00  8.663078138420D+00  8.500365885000D+00
  8.337915747787D+00  8.175735775935D+00  8.013828747920D+00  7.852193212014D+00
  7.690819797080D+00  7.529692107128D+00  7.368782644081D+00  7.208053771894D+00
  7.047453281669D+00
Vac0 POTENTIAL                      exc: Vosko,Wilk,Nusair      
  2.25914357  6.50000000  2.23392349
   0.00000
   2.46891   0.8869959842   0.8856378694
353
 0.25000000D-01 0.37220196D-03
 0 1
  8.331267980330D-01  8.330998449528D-01  8.330714178955D-01  8.330632192838D-01
  8.330585825925D-01  8.330565992380D-01  8.330549379851D-01  8.330548479080D-01
  8.330546184373D-01  8.330557422752D-01  8.330566252308D-01  8.330588243147D-01
  8.330607859472D-01  8.330640959123D-01  8.330672233650D-01  8.330717739714D-01
  8.330762357160D-01  8.330822332697D-01  8.330882745741D-01  8.330960059464D-01
  8.331039592981D-01  8.331138078240D-01  8.331241139221D-01  8.331365855464D-01
  8.331498248623D-01  8.331655855566D-01  8.331825225645D-01  8.332024505151D-01
  8.332240948490D-01  8.332493519340D-01  8.332770421089D-01  8.333091720329D-01
  8.333446903893D-01  8.333857533419D-01  8.334314839370D-01  8.334842418380D-01
  8.335433856671D-01  8.336114450199D-01  8.336809707530D-01  8.337112302123D-01
  8.336824667133D-01  8.336559833279D-01  8.336301086146D-01  8.336063082268D-01
  8.335829296928D-01  8.335614555036D-01  8.335402481616D-01  8.335208035206D-01
  8.335014960367D-01  8.334838322742D-01  8.334661963192D-01  8.334501034043D-01
  8.334339454461D-01  8.334192447561D-01  8.334043996670D-01  8.333909383186D-01
  8.333772643369D-01  8.333649106918D-01  8.333522854231D-01  8.333409255315D-01
  8.333292427420D-01  8.333187774384D-01  8.333079444600D-01  8.332982870506D-01
  8.332882226801D-01  8.332792970216D-01  8.332699297898D-01  8.332616687317D-01
  8.332529354797D-01  8.332452795596D-01  8.332371242586D-01  8.332300206325D-01
  8.332223933928D-01  8.332157949244D-01  8.332086511745D-01  8.332025156788D-01
  8.331958154610D-01  8.331901050622D-01  8.331838124452D-01  8.331784930293D-01
  8.331725756007D-01  8.331676163528D-01  8.331620447918D-01  8.331574177889D-01
  8.331521654912D-01  8.331478453671D-01  8.331428881284D-01  8.331388517724D-01
  8.331341675091D-01  8.331303938050D-01  8.331259623125D-01  8.331224319173D-01
  8.331182346635D-01  8.331149298061D-01  8.331109497385D-01  8.331078540478D-01
  8.331040754382D-01  8.331011737897D-01  8.330975820841D-01  8.330948604626D-01
  8.330914421542D-01  8.330888875328D-01  8.330856300469D-01  8.330832302771D-01
  8.330801218679D-01  8.330778655834D-01  8.330748952397D-01  8.330727717643D-01
  8.330699291253D-01  8.330679283925D-01  8.330652036689D-01  8.330633161481D-01
  8.330607000496D-01  8.330589166754D-01  8.330564003452D-01  8.330547124536D-01
  8.330522874045D-01  8.330506866703D-01  8.330483447253D-01  8.330468231056D-01
  8.330445563411D-01  8.330431060178D-01  8.330409067091D-01  8.330395200362D-01
  8.330373806027D-01  8.330360500527D-01  8.330339630058D-01  8.330326811159D-01
  8.330306390062D-01  8.330293983269D-01  8.330273936905D-01  8.330261867309D-01
  8.330242120363D-01  8.330230312098D-01  8.330210788012D-01  8.330199163688D-01
  8.330179784096D-01  8.330168264211D-01  8.330148948326D-01  8.330137450653D-01
  8.330118114640D-01  8.330106553571D-01  8.330087109872D-01  8.330075395717D-01
  8.330055752334D-01  8.330043790595D-01  8.330023850322D-01  8.330011540883D-01
  8.329991200482D-01  8.329978436750D-01  8.329957586046D-01  8.329944254026D-01
  8.329922774945D-01  8.329908752220D-01  8.329886517728D-01  8.329871672360D-01
  8.329848545311D-01  8.329832734635D-01  8.329808566517D-01  8.329791635822D-01
  8.329766265367D-01  8.329748046456D-01  8.329721298137D-01  8.329701607738D-01
  8.329673290107D-01  8.329651928135D-01  8.329621831994D-01  8.329598579639D-01
  8.329566476036D-01  8.329541093654D-01  8.329506731674D-01  8.329478956469D-01
  8.329442060798D-01  8.329411604267D-01  8.329371872508D-01  8.329338417623D-01
  8.329295517341D-01  8.329258715444D-01  8.329212280900D-01  8.329171748274D-01
  8.329121376829D-01  8.329076690915D-01  8.329021939049D-01  8.328972634274D-01
  8.328913013207D-01  8.328858576374D-01  8.328793547219D-01  8.328733412414D-01
  8.328662380829D-01  8.328595923806D-01  8.328518234087D-01  8.328444766055D-01
  8.328359694613D-01  8.328278455382D-01  8.328185203532D-01  8.328095353933D-01
  8.327993039934D-01  8.327893653454D-01  8.327781303707D-01  8.327671357238D-01
  8.327547896570D-01  8.327426260188D-01  8.327290501108D-01  8.327155926786D-01
  8.327006557612D-01  8.326857666740D-01  8.326693238488D-01  8.326528508083D-01
  8.326347419964D-01  8.326165167430D-01  8.325965650833D-01  8.325764017121D-01
  8.325544117905D-01  8.325321048894D-01  8.325078607821D-01  8.324831833748D-01
  8.324564464847D-01  8.324291477565D-01  8.323996544231D-01  8.323694572073D-01
  8.323369160638D-01  8.323035140636D-01  8.322676031157D-01  8.322306578328D-01
  8.321910212300D-01  8.321501585699D-01  8.321064030361D-01  8.320612095550D-01
  8.320129004424D-01  8.319629191988D-01  8.319095761257D-01  8.318543020931D-01
  8.317953941213D-01  8.317342691175D-01  8.316692094202D-01  8.316016165007D-01
  8.315297564668D-01  8.314550137254D-01  8.313756364408D-01  8.312929901547D-01
  8.312053031940D-01  8.311139202438D-01  8.310170476988D-01  8.309160071851D-01
  8.308089808491D-01  8.306972648216D-01  8.305790144384D-01  8.304554976407D-01
  8.303248401195D-01  8.301882786456D-01  8.300439061297D-01  8.298929248745D-01
  8.297333915412D-01  8.295664703152D-01  8.293901777694D-01  8.292056359337D-01
  8.290108170440D-01  8.288067965051D-01  8.285914975126D-01  8.283659438980D-01
  8.281280046094D-01  8.278786464260D-01  8.276156782821D-01  8.273400038358D-01
  8.270493656200D-01  8.267445974488D-01  8.264233683753D-01  8.260864349189D-01
  8.257313848076D-01  8.253588890054D-01  8.249664452151D-01  8.245546296828D-01
  8.241208404342D-01  8.236655488298D-01  8.231860425036D-01  8.226826766397D-01
  8.221526165789D-01  8.215960887830D-01  8.210101230685D-01  8.203948032215D-01
  8.197470088131D-01  8.190666654196D-01  8.183504859680D-01  8.175982205114D-01
  8.168063970429D-01  8.159745707675D-01  8.150990643143D-01  8.141792164348D-01
  8.132111215318D-01  8.121938777011D-01  8.111233254798D-01  8.099982951347D-01
  8.088143445124D-01  8.075700054570D-01  8.062605206232D-01  8.048840888803D-01
  8.034356009186D-01  8.019128834654D-01  8.003104334791D-01  7.986256609602D-01
  7.968526214789D-01  7.949882573150D-01  7.930261280023D-01  7.909626494622D-01
  7.887908221726D-01  7.865064678737D-01  7.841019548680D-01  7.815724317665D-01
  7.789095492981D-01  7.761076904235D-01  7.731576878683D-01  7.700530497488D-01
  7.667836718352D-01  7.633420576008D-01  7.597170239544D-01  7.558999143280D-01
  7.518782962765D-01  7.476421658395D-01  7.431776349742D-01  7.384731249425D-01
  7.335130409894D-01  7.282839518896D-01  7.227682485781D-01  7.169503062015D-01
  7.108101225065D-01  7.043294577287D-01  6.974854473915D-01  6.902567140700D-01
  6.826169477739D-01  6.745409819601D-01  6.659983327769D-01  6.569592295671D-01
  6.473881018244D-01  6.372495517018D-01  6.265017744436D-01  6.151024569566D-01
  6.030021135871D-01  5.901498904876D-01  5.764867937912D-01  5.619513742207D-01
  5.464728189295D-01  5.299764846042D-01  5.123768176355D-01  4.935826972743D-01
  4.734901420448D-01  4.519874172263D-01  4.289474846128D-01  4.042328183670D-01
  3.776875465878D-01  3.491421236274D-01  3.184045094084D-01  2.852652573309D-01
  2.494879401204D-01
Vac0 POTENTIAL                      exc: Vosko,Wilk,Nusair      
  1.72127726  6.50000000  1.73067725
   0.00000
   2.01081   0.8869959842   0.8856378694
353
 0.25000000D-01 0.30314114D-03
 0 1
  6.287917693120D-01  6.287510906394D-01  6.287089656591D-01  6.286962012340D-01
  6.286891177671D-01  6.286848924257D-01  6.286815646025D-01  6.286794772595D-01
  6.286775682406D-01  6.286765274153D-01  6.286754539850D-01  6.286751231886D-01
  6.286746838291D-01  6.286749423870D-01  6.286750689404D-01  6.286758853517D-01
  6.286765735145D-01  6.286779650978D-01  6.286792505728D-01  6.286812695262D-01
  6.286832201292D-01  6.286859497460D-01  6.286886646507D-01  6.286922208455D-01
  6.286958339776D-01  6.287003703888D-01  6.287050572089D-01  6.287107736277D-01
  6.287167612520D-01  6.287239156556D-01  6.287314970285D-01  6.287404220804D-01
  6.287499751218D-01  6.287611004243D-01  6.287731138434D-01  6.287869958058D-01
  6.288021033372D-01  6.288194450456D-01  6.288368089854D-01  6.288432016477D-01
  6.288341704207D-01  6.288260155378D-01  6.288178809428D-01  6.288105589488D-01
  6.288031993703D-01  6.287965997114D-01  6.287899144190D-01  6.287839451357D-01
  6.287778499963D-01  6.287724339631D-01  6.287668581497D-01  6.287619302003D-01
  6.287568136550D-01  6.287523183458D-01  6.287476098001D-01  6.287434996572D-01
  6.287391550837D-01  6.287353892133D-01  6.287313705805D-01  6.287279135656D-01
  6.287241878496D-01  6.287210088593D-01  6.287175472389D-01  6.287146193064D-01
  6.287113965139D-01  6.287086959337D-01  6.287056897192D-01  6.287031955802D-01
  6.287003862651D-01  6.286980800350D-01  6.286954501503D-01  6.286933153464D-01
  6.286908493261D-01  6.286888712328D-01  6.286865551507D-01  6.286847205836D-01
  6.286825419467D-01  6.286808390529D-01  6.286787866073D-01  6.286772046948D-01
  6.286752682748D-01  6.286737976684D-01  6.286719680571D-01  6.286705999730D-01
  6.286688687911D-01  6.286675952268D-01  6.286659548285D-01  6.286647684726D-01
  6.286632118598D-01  6.286621060094D-01  6.286606267560D-01  6.286595952446D-01
  6.286581874281D-01  6.286572245623D-01  6.286558827056D-01  6.286549832127D-01
  6.286537022319D-01  6.286528612050D-01  6.286516363623D-01  6.286508492211D-01
  6.286496760823D-01  6.286489385298D-01  6.286478129268D-01  6.286471209143D-01
  6.286460389103D-01  6.286453886043D-01  6.286443464601D-01  6.286437342113D-01
  6.286427283592D-01  6.286421506727D-01  6.286411776859D-01  6.286406311961D-01
  6.286396877631D-01  6.286391692073D-01  6.286382521077D-01  6.286377583008D-01
  6.286368643801D-01  6.286363921921D-01  6.286355183379D-01  6.286350646695D-01
  6.286342077896D-01  6.286337695487D-01  6.286329265454D-01  6.286325006241D-01
  6.286316683726D-01  6.286312516227D-01  6.286304269460D-01  6.286300161548D-01
  6.286291957987D-01  6.286287876637D-01  6.286279682706D-01  6.286275593730D-01
  6.286267374554D-01  6.286263242316D-01  6.286254961427D-01  6.286250748550D-01
  6.286242367583D-01  6.286238034633D-01  6.286229512997D-01  6.286225018137D-01
  6.286216312662D-01  6.286211611294D-01  6.286202675850D-01  6.286197720210D-01
  6.286188505297D-01  6.286183244031D-01  6.286173696322D-01  6.286168074016D-01
  6.286158135875D-01  6.286152092538D-01  6.286141701484D-01  6.286135171994D-01
  6.286124260113D-01  6.286117173602D-01  6.286105666903D-01  6.286097946085D-01
  6.286085763800D-01  6.286077324231D-01  6.286064378037D-01  6.286055127302D-01
  6.286041320472D-01  6.286031157293D-01  6.286016383751D-01  6.286005197002D-01
  6.285989340298D-01  6.285977007918D-01  6.285959940084D-01  6.285946327883D-01
  6.285927908176D-01  6.285912868516D-01  6.285892942039D-01  6.285876312376D-01
  6.285854708542D-01  6.285836309824D-01  6.285812840671D-01  6.285792475563D-01
  6.285766933893D-01  6.285744384820D-01  6.285716542139D-01  6.285691569124D-01
  6.285661173375D-01  6.285633511653D-01  6.285600284705D-01  6.285569642084D-01
  6.285533276958D-01  6.285499330911D-01  6.285459488724D-01  6.285421883164D-01
  6.285378189743D-01  6.285336531476D-01  6.285288573620D-01  6.285242428411D-01
  6.285189749765D-01  6.285138637996D-01  6.285080734486D-01  6.285024126366D-01
  6.284960441156D-01  6.284897751412D-01  6.284827669332D-01  6.284758251356D-01
  6.284681092741D-01  6.284604232115D-01  6.284519246001D-01  6.284434153336D-01
  6.284340509935D-01  6.284246312967D-01  6.284143095354D-01  6.284038830198D-01
  6.283925025116D-01  6.283809626604D-01  6.283684114308D-01  6.283556405309D-01
  6.283417948330D-01  6.283276627942D-01  6.283123858679D-01  6.282967489172D-01
  6.282798896165D-01  6.282625888557D-01  6.282439801315D-01  6.282248399415D-01
  6.282042971642D-01  6.281831234417D-01  6.281604425470D-01  6.281370207541D-01
  6.281119761920D-01  6.280860692007D-01  6.280584116690D-01  6.280297573764D-01
  6.279992113132D-01  6.279675200059D-01  6.279337808176D-01  6.278987322557D-01
  6.278614632510D-01  6.278227034443D-01  6.277815324430D-01  6.277386700846D-01
  6.276931856674D-01  6.276457881889D-01  6.275955355483D-01  6.275431247565D-01
  6.274876011071D-01  6.274296483557D-01  6.273682978560D-01  6.273042187044D-01
  6.272364268376D-01  6.271655751394D-01  6.270906624948D-01  6.270123238555D-01
  6.269295392455D-01  6.268429237807D-01  6.267514366210D-01  6.266556709387D-01
  6.265545628118D-01  6.264486811345D-01  6.263369364461D-01  6.262198707776D-01
  6.260963664079D-01  6.259669356401D-01  6.258304294770D-01  6.256873273191D-01
  6.255364455504D-01  6.253782271491D-01  6.252114501745D-01  6.250365172795D-01
  6.248521640876D-01  6.246587485969D-01  6.244549594336D-01  6.242411051353D-01
  6.240158222675D-01  6.237793645721D-01  6.235303109298D-01  6.232688543591D-01
  6.229935098070D-01  6.227044029797D-01  6.223999779419D-01  6.220802857590D-01
  6.217436918818D-01  6.213901645777D-01  6.210179820749D-01  6.206270207557D-01
  6.202154620313D-01  6.197830802677D-01  6.193279493564D-01  6.188497303397D-01
  6.183463776382D-01  6.178174263362D-01  6.172606980221D-01  6.166755876878D-01
  6.160597691313D-01  6.154124814180D-01  6.147312337853D-01  6.140150916050D-01
  6.132613807210D-01  6.124689728414D-01  6.116349892278D-01  6.107580854335D-01
  6.098351542500D-01  6.088646096907D-01  6.078430890825D-01  6.067687361782D-01
  6.056379022581D-01  6.044484282304D-01  6.031963445829D-01  6.018791523027D-01
  6.004925214843D-01  5.990335708638D-01  5.974975648512D-01  5.958811914290D-01
  5.941792573254D-01  5.923879639717D-01  5.905016004691D-01  5.885158172292D-01
  5.864243163062D-01  5.842221222561D-01  5.819022693038D-01  5.794590688415D-01
  5.768847927722D-01  5.741729369231D-01  5.713148997392D-01  5.683032407030D-01
  5.651283533401D-01  5.617817174971D-01  5.582525653499D-01  5.545311260837D-01
  5.506052832437D-01  5.464638099672D-01  5.420930155610D-01  5.374799689225D-01
  5.326091316441D-01  5.274655665935D-01  5.220315540811D-01  5.162897817058D-01
  5.102199391292D-01  5.038018841604D-01  4.970122103844D-01  4.898273829812D-01
  4.822202717571D-01  4.741632482560D-01  4.656246745161D-01  4.565719504916D-01
  4.469679459454D-01  4.367739838762D-01  4.259461991437D-01  4.144384393097D-01
  4.021985286722D-01  3.891710618102D-01  3.752935480339D-01  3.604990622524D-01
  3.447122313004D-01  3.278518460472D-01  3.098261628339D-01  2.905359396119D-01
  2.698690703695D-01
