In49 POTENTIAL                      exc: Vosko,Wilk,Nusair      
  2.31897314  6.66250000  2.29182178
  49.00000
   2.53289   0.8007032600   0.8498775503
353
 0.25000000D-01 0.38184860D-03
 9 1
    0  -1.96656160000D+03
    0  -2.87428550000D+02
    0  -5.37136240000D+01
    0  -7.39818510000D+00
    1  -2.68528840000D+02
    1  -4.59639090000D+01
    1  -4.86454470000D+00
    2  -3.15522220000D+01
    2  -7.38539920000D-01
  4.724941001723D+02  4.725211480393D+02  4.725488123336D+02  4.725770992073D+02
  4.726060174878D+02  4.726355812064D+02  4.726658001203D+02  4.726966883696D+02
  4.727282559413D+02  4.727605171112D+02  4.727934820253D+02  4.728271650611D+02
  4.728615764718D+02  4.728967306969D+02  4.729326380449D+02  4.729693129694D+02
  4.730067657777D+02  4.730450108813D+02  4.730840585229D+02  4.731239230067D+02
  4.731646144395D+02  4.732061469437D+02  4.732485304092D+02  4.732917786921D+02
  4.733359013742D+02  4.733809119497D+02  4.734268195895D+02  4.734736373177D+02
  4.735213737795D+02  4.735700414076D+02  4.736196481925D+02  4.736702058396D+02
  4.737217215409D+02  4.737742061230D+02  4.738276658188D+02  4.738821104076D+02
  4.739375449852D+02  4.739939780958D+02  4.740514135009D+02  4.741098583023D+02
  4.741693147169D+02  4.742297881661D+02  4.742912790646D+02  4.743537909182D+02
  4.744173220827D+02  4.744818738613D+02  4.745474422595D+02  4.746140260733D+02
  4.746816186387D+02  4.747502159105D+02  4.748198082062D+02  4.748903882750D+02
  4.749619430351D+02  4.750344616329D+02  4.751079271729D+02  4.751823247671D+02
  4.752576332567D+02  4.753338332512D+02  4.754108988416D+02  4.754888056286D+02
  4.755675224272D+02  4.756470192835D+02  4.757272591701D+02  4.758082059914D+02
  4.758898162696D+02  4.759720471378D+02  4.760548480165D+02  4.761381685948D+02
  4.762219504968D+02  4.763061352508D+02  4.763906559454D+02  4.764754451874D+02
  4.765604267472D+02  4.766455235054D+02  4.767306490883D+02  4.768157158034D+02
  4.769006262653D+02  4.769852813204D+02  4.770695716646D+02  4.771533857580D+02
  4.772366014344D+02  4.773190938078D+02  4.774007268752D+02  4.774813614162D+02
  4.775608465901D+02  4.776390278308D+02  4.777157384406D+02  4.777908074820D+02
  4.778640513709D+02  4.779352817682D+02  4.780042971749D+02  4.780708908264D+02
  4.781348422938D+02  4.781959253845D+02  4.782538997532D+02  4.783085188131D+02
  4.783595213612D+02  4.784066395062D+02  4.784495903122D+02  4.784880837487D+02
  4.785218143595D+02  4.785504692408D+02  4.785737197420D+02  4.785912294786D+02
  4.786026460725D+02  4.786076092069D+02  4.786057424145D+02  4.785966611834D+02
  4.785799648001D+02  4.785552445163D+02  4.785220754563D+02  4.784800248529D+02
  4.784286440297D+02  4.783674767151D+02  4.782960511095D+02  4.782138882880D+02
  4.781204943611D+02  4.780153689763D+02  4.778979975828D+02  4.777678600401D+02
  4.776244229959D+02  4.774671486114D+02  4.772954870592D+02  4.771088853733D+02
  4.769067800735D+02  4.766886061456D+02  4.764537897973D+02  4.762017575710D+02
  4.759319292342D+02  4.756437270246D+02  4.753365686730D+02  4.750098767781D+02
  4.746630719559D+02  4.742955823358D+02  4.739068368259D+02  4.734962747167D+02
  4.730633390458D+02  4.726074862897D+02  4.721281798037D+02  4.716248995745D+02
  4.710971357052D+02  4.705443981930D+02  4.699662104195D+02  4.693621189108D+02
  4.687316867840D+02  4.680745034369D+02  4.673901778939D+02  4.666783483631D+02
  4.659386754153D+02  4.651708513381D+02  4.643745930736D+02  4.635496512912D+02
  4.626958030027D+02  4.618128602712D+02  4.609006624180D+02  4.599590842811D+02
  4.589880279293D+02  4.579874303866D+02  4.569572547744D+02  4.558974974268D+02
  4.548081783945D+02  4.536893478948D+02  4.525410761395D+02  4.513634590917D+02
  4.501566076049D+02  4.489206525179D+02  4.476557331573D+02  4.463620018511D+02
  4.450396119243D+02  4.436887218040D+02  4.423094827347D+02  4.409020427598D+02
  4.394665345018D+02  4.380030794317D+02  4.365117761943D+02  4.349927057103D+02
  4.334459206501D+02  4.318714520220D+02  4.302693004779D+02  4.286394450769D+02
  4.269818370821D+02  4.252964114831D+02  4.235830837423D+02  4.218417643429D+02
  4.200723584959D+02  4.182747834067D+02  4.164489702549D+02  4.145948830752D+02
  4.127125214756D+02  4.108019391903D+02  4.088632452588D+02  4.068966197540D+02
  4.049023108725D+02  4.028806454353D+02  4.008320198535D+02  3.987569039448D+02
  3.966558250755D+02  3.945293654729D+02  3.923781406395D+02  3.902027921255D+02
  3.880039629092D+02  3.857822888485D+02  3.835383745189D+02  3.812727868395D+02
  3.789860346210D+02  3.766785671628D+02  3.743507596998D+02  3.720029184664D+02
  3.696352728191D+02  3.672479868529D+02  3.648411576678D+02  3.624148324810D+02
  3.599690115650D+02  3.575036690815D+02  3.550187587136D+02  3.525142361340D+02
  3.499900652138D+02  3.474462400380D+02  3.448827896870D+02  3.422997979227D+02
  3.396974048109D+02  3.370758225400D+02  3.344353325659D+02  3.317762964548D+02
  3.290991477071D+02  3.264043970730D+02  3.236926188105D+02  3.209644505761D+02
  3.182205746007D+02  3.154617130636D+02  3.126886055240D+02  3.099020016275D+02
  3.071026371750D+02  3.042912269884D+02  3.014684429423D+02  2.986349107298D+02
  2.957911938116D+02  2.929377980404D+02  2.900751651393D+02  2.872036880021D+02
  2.843237151993D+02  2.814355765857D+02  2.785395961265D+02  2.756361225084D+02
  2.727255424886D+02  2.698083068012D+02  2.668849335056D+02  2.639560193650D+02
  2.610222257513D+02  2.580842719193D+02  2.551429046725D+02  2.521988795866D+02
  2.492529245020D+02  2.463057212068D+02  2.433578757812D+02  2.404099124160D+02
  2.374622594976D+02  2.345152608567D+02  2.315691791407D+02  2.286242226715D+02
  2.256805616280D+02  2.227383642373D+02  2.197978185020D+02  2.168591702070D+02
  2.139227429656D+02  2.109889714189D+02  2.080584138684D+02  2.051317759458D+02
  2.022099121248D+02  1.992938371870D+02  1.963847148780D+02  1.934838564034D+02
  1.905926963425D+02  1.877127790066D+02  1.848457232544D+02  1.819931990456D+02
  1.791568841552D+02  1.763384346347D+02  1.735394378353D+02  1.707613819946D+02
  1.680056117139D+02  1.652733039018D+02  1.625654341759D+02  1.598827689355D+02
  1.572258535690D+02  1.545950319637D+02  1.519904667975D+02  1.494121932643D+02
  1.468601712981D+02  1.443343626814D+02  1.418347910380D+02  1.393616053292D+02
  1.369151031731D+02  1.344957391263D+02  1.321040849792D+02  1.297407812441D+02
  1.274064594975D+02  1.251016815980D+02  1.228268748304D+02  1.205823023262D+02
  1.183680384111D+02  1.161839794021D+02  1.140298532985D+02  1.119052557906D+02
  1.098096755091D+02  1.077425370220D+02  1.057032263331D+02  1.036911293058D+02
  1.017056495441D+02  9.974623747102D+01  9.781239822235D+01  9.590371081533D+01
  9.401982664136D+01  9.216048013100D+01  9.032547977424D+01  8.851471244173D+01
  8.672812921048D+01  8.496574561370D+01  8.322762445976D+01  8.151387405619D+01
  7.982462988724D+01  7.816005247102D+01  7.652030933455D+01  7.490557371678D+01
  7.331600783154D+01  7.175176319190D+01  7.021296573726D+01  6.869971817340D+01
  6.721208719885D+01  6.575010795984D+01  6.431377336493D+01  6.290304055787D+01
  6.151782216221D+01  6.015799457191D+01  5.882339090071D+01  5.751381084712D+01
  5.622901508596D+01  5.496873641075D+01  5.373267520944D+01  5.252051142737D+01
  5.133190053250D+01  5.016648553747D+01  4.902389252757D+01  4.790374169609D+01
  4.680564137114D+01  4.572919712501D+01  4.467400364436D+01  4.363965165889D+01
  4.262571786024D+01  4.163177039125D+01  4.065735730189D+01  3.970201212041D+01
  3.876524177931D+01
N_07 POTENTIAL                      exc: Vosko,Wilk,Nusair      
  1.76095821  6.66250000  1.77099661
   7.00000
   2.05765   0.8007032600   0.8498775503
353
 0.25000000D-01 0.31020338D-03
 2 1
    0  -2.69998930000D+01
    0  -4.29582100000D-01
  2.602658840546D+01  2.602697979203D+01  2.602738071262D+01  2.602781720863D+01
  2.602826964719D+01  2.602873578630D+01  2.602921442691D+01  2.602970597341D+01
  2.603020999163D+01  2.603072718972D+01  2.603125728171D+01  2.603180106028D+01
  2.603235829440D+01  2.603292981639D+01  2.603351542655D+01  2.603411598374D+01
  2.603473131190D+01  2.603536229184D+01  2.603600876841D+01  2.603667164272D+01
  2.603735077964D+01  2.603804710015D+01  2.603876048906D+01  2.603949188737D+01
  2.604024120011D+01  2.604100938874D+01  2.604179637904D+01  2.604260315355D+01
  2.604342965944D+01  2.604427690102D+01  2.604514484761D+01  2.604603452604D+01
  2.604694592861D+01  2.604788010550D+01  2.604883707280D+01  2.604981790494D+01
  2.605082264267D+01  2.605185238555D+01  2.605290720007D+01  2.605398821497D+01
  2.605509590910D+01  2.605623103898D+01  2.605739372519D+01  2.605858514849D+01
  2.605980545782D+01  2.606105586278D+01  2.606233654163D+01  2.606364873377D+01
  2.606499264777D+01  2.606636955381D+01  2.606777969172D+01  2.606922436345D+01
  2.607070384105D+01  2.607221945916D+01  2.607377152304D+01  2.607536140096D+01
  2.607698943228D+01  2.607865701981D+01  2.608036453791D+01  2.608211342483D+01
  2.608390409076D+01  2.608573801022D+01  2.608761563002D+01  2.608953846171D+01
  2.609150698951D+01  2.609352276268D+01  2.609558630347D+01  2.609769919951D+01
  2.609986201167D+01  2.610207636642D+01  2.610434286372D+01  2.610666316932D+01
  2.610903792258D+01  2.611146882878D+01  2.611395656691D+01  2.611650288187D+01
  2.611910849228D+01  2.612177518259D+01  2.612450371088D+01  2.612729590089D+01
  2.613015254971D+01  2.613307551985D+01  2.613606564679D+01  2.613912483098D+01
  2.614225394534D+01  2.614545492715D+01  2.614872868550D+01  2.615207719304D+01
  2.615550139335D+01  2.615900329262D+01  2.616258386686D+01  2.616624515346D+01
  2.616998815834D+01  2.617381494730D+01  2.617772655308D+01  2.618172506655D+01
  2.618581154360D+01  2.618998809622D+01  2.619425579911D+01  2.619861678070D+01
  2.620307212950D+01  2.620762398491D+01  2.621227344342D+01  2.621702264910D+01
  2.622187269966D+01  2.622682573664D+01  2.623188285121D+01  2.623704617412D+01
  2.624231678118D+01  2.624769678291D+01  2.625318722973D+01  2.625879020128D+01
  2.626450671122D+01  2.627033879626D+01  2.627628742049D+01  2.628235456409D+01
  2.628854112724D+01  2.629484901833D+01  2.630127905751D+01  2.630783306437D+01
  2.631451176100D+01  2.632131685916D+01  2.632824896285D+01  2.633530965486D+01
  2.634249939878D+01  2.634981962498D+01  2.635727063197D+01  2.636485367171D+01
  2.637256885030D+01  2.638041721263D+01  2.638839864228D+01  2.639651394547D+01
  2.640476275015D+01  2.641314558917D+01  2.642166179848D+01  2.643031159947D+01
  2.643909399633D+01  2.644800885737D+01  2.645705481151D+01  2.646623132859D+01
  2.647553661487D+01  2.648496969234D+01  2.649452829309D+01  2.650421093760D+01
  2.651401482798D+01  2.652393792512D+01  2.653397684077D+01  2.654412891354D+01
  2.655439009975D+01  2.656475704819D+01  2.657522498975D+01  2.658578981094D+01
  2.659644594223D+01  2.660718843027D+01  2.661801082499D+01  2.662890725045D+01
  2.663987029070D+01  2.665089305933D+01  2.666196708404D+01  2.667308437485D+01
  2.668423530750D+01  2.669541069040D+01  2.670659964673D+01  2.671779168034D+01
  2.672897455665D+01  2.674013636745D+01  2.675126341079D+01  2.676234225483D+01
  2.677335761686D+01  2.678429442627D+01  2.679513570292D+01  2.680586461957D+01
  2.681646237964D+01  2.682691027940D+01  2.683718758549D+01  2.684727359707D+01
  2.685714552352D+01  2.686678054684D+01  2.687615369994D+01  2.688523992978D+01
  2.689401197668D+01  2.690244243870D+01  2.691050165248D+01  2.691815975948D+01
  2.692538458899D+01  2.693214372683D+01  2.693840240125D+01  2.694412555487D+01
  2.694927573420D+01  2.695381516572D+01  2.695770364985D+01  2.696090064205D+01
  2.696336315229D+01  2.696504783213D+01  2.696590888075D+01  2.696590013907D+01
  2.696497300348D+01  2.696307852820D+01  2.696016534784D+01  2.695618178928D+01
  2.695107380429D+01  2.694478709217D+01  2.693726504382D+01  2.692845087634D+01
  2.691828558984D+01  2.690671011540D+01  2.689366328585D+01  2.687908399835D+01
  2.686290920034D+01  2.684507606799D+01  2.682552000844D+01  2.680417685513D+01
  2.678098088738D+01  2.675586704343D+01  2.672876895818D+01  2.669962119453D+01
  2.666835729976D+01  2.663491205556D+01  2.659921955314D+01  2.656121546189D+01
  2.652083512287D+01  2.647801583561D+01  2.643269496920D+01  2.638481226601D+01
  2.633430796899D+01  2.628112514060D+01  2.622520780417D+01  2.616650327551D+01
  2.610496031544D+01  2.604053147085D+01  2.597317123456D+01  2.590283839164D+01
  2.582949418208D+01  2.575310464712D+01  2.567363878909D+01  2.559107091185D+01
  2.550537877114D+01  2.541654590204D+01  2.532455975245D+01  2.522941398954D+01
  2.513110660796D+01  2.502964220651D+01  2.492503006193D+01  2.481728636619D+01
  2.470643225606D+01  2.459249600101D+01  2.447551097819D+01  2.435551780057D+01
  2.423256222668D+01  2.410669721914D+01  2.397798077852D+01  2.384647792106D+01
  2.371225842788D+01  2.357539873254D+01  2.343597957590D+01  2.329408779529D+01
  2.314981387741D+01  2.300325364227D+01  2.285450568829D+01  2.270367296641D+01
  2.255086011421D+01  2.239617491853D+01  2.223972553864D+01  2.208162185971D+01
  2.192197260986D+01  2.176088661205D+01  2.159846980599D+01  2.143482641369D+01
  2.127005588633D+01  2.110425400936D+01  2.093750980757D+01  2.076990663159D+01
  2.060151907357D+01  2.043241410032D+01  2.026264805988D+01  2.009226795949D+01
  1.992130868198D+01  1.974979455066D+01  1.957773692280D+01  1.940513623464D+01
  1.923198018920D+01  1.905824651787D+01  1.888390200822D+01  1.870890622061D+01
  1.853321156324D+01  1.835676810742D+01  1.817952474965D+01  1.800143501656D+01
  1.782245901231D+01  1.764256968368D+01  1.746175478147D+01  1.728002259087D+01
  1.709740274743D+01  1.691395021266D+01  1.672974380383D+01  1.654488751045D+01
  1.635950621658D+01  1.617374432323D+01  1.598775914886D+01  1.580171781803D+01
  1.561578965461D+01  1.543014283497D+01  1.524493727055D+01  1.506032235445D+01
  1.487643137436D+01  1.469338104410D+01  1.451126778356D+01  1.433016905641D+01
  1.415014128982D+01  1.397122261997D+01  1.379343195610D+01  1.361677260398D+01
  1.344123195724D+01  1.326678552562D+01  1.309339684170D+01  1.292102155027D+01
  1.274960725453D+01  1.257909745259D+01  1.240943116353D+01  1.224054659749D+01
  1.207238048522D+01  1.190487143505D+01  1.173795894251D+01  1.157158642815D+01
  1.140569993438D+01  1.124025086087D+01  1.107519437213D+01  1.091049185865D+01
  1.074610908633D+01  1.058201841619D+01  1.041819672936D+01  1.025462743878D+01
  1.009129822235D+01  9.928202857996D+00  9.765338794425D+00  9.602708836466D+00
  9.440318577488D+00  9.278177955689D+00  9.116298564992D+00  8.954695094670D+00
  8.793382526466D+00  8.632377460138D+00  8.471695194122D+00  8.311350928904D+00
  8.151356718040D+00  7.991722531414D+00  7.832453055891D+00  7.673548594241D+00
  7.515001691686D+00  7.356797898162D+00  7.198912048104D+00  7.041309058077D+00
  6.883939876848D+00
Vac0 POTENTIAL                      exc: Vosko,Wilk,Nusair      
  2.31897314  6.66250000  2.29182178
   0.00000
   2.53289   0.8007032600   0.8498775503
353
 0.25000000D-01 0.38184860D-03
 0 1
  7.879439322379D-01  7.879191569279D-01  7.878929364530D-01  7.878854407152D-01
  7.878811554811D-01  7.878794178400D-01  7.878779049089D-01  7.878779429537D-01
  7.878777818103D-01  7.878789725472D-01  7.878798724437D-01  7.878820920858D-01
  7.878840262349D-01  7.878873120798D-01  7.878903654206D-01  7.878948418374D-01
  7.878991745056D-01  7.879050364956D-01  7.879108793589D-01  7.879183960362D-01
  7.879260600417D-01  7.879355888880D-01  7.879454838830D-01  7.879574941770D-01
  7.879701572389D-01  7.879852637042D-01  7.880013987858D-01  7.880204081780D-01
  7.880409406732D-01  7.880649155602D-01  7.880910669175D-01  7.881214129665D-01
  7.881548027220D-01  7.881933880889D-01  7.882361737246D-01  7.882854928869D-01
  7.883405598894D-01  7.884038585665D-01  7.884683625342D-01  7.884957581406D-01
  7.884678503714D-01  7.884422028928D-01  7.884170955815D-01  7.883940490530D-01
  7.883713615826D-01  7.883505701066D-01  7.883299874154D-01  7.883111634048D-01
  7.882924224508D-01  7.882753248325D-01  7.882582042626D-01  7.882426294271D-01
  7.882269416289D-01  7.882127164175D-01  7.881983013112D-01  7.881852775104D-01
  7.881719976699D-01  7.881600476753D-01  7.881477844554D-01  7.881367977959D-01
  7.881254482085D-01  7.881153287609D-01  7.881048029783D-01  7.880954666978D-01
  7.880856860017D-01  7.880770590824D-01  7.880679541919D-01  7.880599715369D-01
  7.880514812291D-01  7.880440852003D-01  7.880361551631D-01  7.880292945366D-01
  7.880218764124D-01  7.880155054965D-01  7.880085560809D-01  7.880026339865D-01
  7.879961145487D-01  7.879906045645D-01  7.879844802773D-01  7.879793493354D-01
  7.879735887848D-01  7.879688070203D-01  7.879633817857D-01  7.879589221365D-01
  7.879538064354D-01  7.879496443185D-01  7.879448146940D-01  7.879409277103D-01
  7.879363627616D-01  7.879327304504D-01  7.879284106003D-01  7.879250142185D-01
  7.879209215083D-01  7.879177438379D-01  7.879138617492D-01  7.879108869301D-01
  7.879072002248D-01  7.879044136064D-01  7.879009081875D-01  7.878982961957D-01
  7.878949589830D-01  7.878925090024D-01  7.878893278199D-01  7.878870280895D-01
  7.878839915662D-01  7.878818310820D-01  7.878789285607D-01  7.878768969919D-01
  7.878741184469D-01  7.878722060551D-01  7.878695420177D-01  7.878677395850D-01
  7.878651810721D-01  7.878634798344D-01  7.878610182848D-01  7.878594098698D-01
  7.878570370839D-01  7.878555134501D-01  7.878532215317D-01  7.878517749138D-01
  7.878495562158D-01  7.878481790710D-01  7.878460261418D-01  7.878447110971D-01
  7.878426166293D-01  7.878413564307D-01  7.878393132103D-01  7.878381006713D-01
  7.878361015269D-01  7.878349294783D-01  7.878329672304D-01  7.878318284689D-01
  7.878298958770D-01  7.878287831127D-01  7.878268728237D-01  7.878257786255D-01
  7.878238831171D-01  7.878227998570D-01  7.878209113802D-01  7.878198311741D-01
  7.878179416935D-01  7.878168563382D-01  7.878149574671D-01  7.878138583748D-01
  7.878119413067D-01  7.878108194340D-01  7.878088748689D-01  7.878077206402D-01
  7.878057387066D-01  7.878045419327D-01  7.878025121013D-01  7.878012618897D-01
  7.877991728811D-01  7.877978575401D-01  7.877956972238D-01  7.877943041572D-01
  7.877920594422D-01  7.877905750339D-01  7.877882317486D-01  7.877866412377D-01
  7.877841839978D-01  7.877824713413D-01  7.877798834060D-01  7.877780311266D-01
  7.877752942413D-01  7.877732832625D-01  7.877703774837D-01  7.877681869477D-01
  7.877650904522D-01  7.877626975184D-01  7.877593863935D-01  7.877567660183D-01
  7.877532140289D-01  7.877503387222D-01  7.877465170559D-01  7.877433566126D-01
  7.877392335978D-01  7.877357548021D-01  7.877312955973D-01  7.877274618963D-01
  7.877226281472D-01  7.877183992907D-01  7.877131487517D-01  7.877084803946D-01
  7.877027665113D-01  7.876976097745D-01  7.876913812224D-01  7.876856822086D-01
  7.876788823838D-01  7.876725816420D-01  7.876651480986D-01  7.876581800329D-01
  7.876500438618D-01  7.876423360786D-01  7.876334212214D-01  7.876248938077D-01
  7.876151162980D-01  7.876056810249D-01  7.875949481508D-01  7.875845075923D-01
  7.875727169709D-01  7.875611635314D-01  7.875482020857D-01  7.875354169246D-01
  7.875211597534D-01  7.875070115969D-01  7.874913207259D-01  7.874756645540D-01
  7.874583875551D-01  7.874410631509D-01  7.874220316171D-01  7.874028619623D-01
  7.873818898218D-01  7.873606793249D-01  7.873375609771D-01  7.873140935143D-01
  7.872886017708D-01  7.872626385205D-01  7.872345223285D-01  7.872057993781D-01
  7.871747813041D-01  7.871430070042D-01  7.871087804528D-01  7.870736324936D-01
  7.870358586325D-01  7.869969808107D-01  7.869552851726D-01  7.869122838178D-01
  7.868662525427D-01  7.868186925674D-01  7.867678682489D-01  7.867152687809D-01
  7.866591458742D-01  7.866009754276D-01  7.865389951722D-01  7.864746663092D-01
  7.864062111151D-01  7.863350745429D-01  7.862594617834D-01  7.861807998267D-01
  7.860972749747D-01  7.860102943579D-01  7.859180233949D-01  7.858218472597D-01
  7.857199082815D-01  7.856135673582D-01  7.855009412900D-01  7.853833641328D-01
  7.852589244589D-01  7.851289266437D-01  7.849914280460D-01  7.848477002206D-01
  7.846957660091D-01  7.845368606707D-01  7.843689688742D-01  7.841932857381D-01
  7.840077537123D-01  7.838135235182D-01  7.836084909083D-01  7.833937574946D-01
  7.831671673738D-01  7.829297678310D-01  7.826793458155D-01  7.824168885068D-01
  7.821401196238D-01  7.818499598381D-01  7.815440628981D-01  7.812232758722D-01
  7.808851750669D-01  7.805305260811D-01  7.801568194949D-01  7.797647307123D-01
  7.793516553956D-01  7.789181690719D-01  7.784615622825D-01  7.779822999263D-01
  7.774775560906D-01  7.769476730992D-01  7.763896959872D-01  7.758038312176D-01
  7.751869807557D-01  7.745392004132D-01  7.738572334731D-01  7.731409686118D-01
  7.723869730172D-01  7.715949498338D-01  7.707612707058D-01  7.698854326800D-01
  7.689635900955D-01  7.679950108666D-01  7.669756076268D-01  7.659043932990D-01
  7.647770113831D-01  7.635921907030D-01  7.623452747053D-01  7.610346752481D-01
  7.596554007500D-01  7.582055088571D-01  7.566796332453D-01  7.550754349624D-01
  7.533871276435D-01  7.516119272746D-01  7.497435755234D-01  7.477787876082D-01
  7.457107733708D-01  7.435356828546D-01  7.412461246522D-01  7.388376086911D-01
  7.363020612667D-01  7.336342644006D-01  7.308253668157D-01  7.278693190578D-01
  7.247563794719D-01  7.214795440582D-01  7.180280462527D-01  7.143937802084D-01
  7.105647928598D-01  7.065316989565D-01  7.022811634788D-01  6.978023062904D-01
  6.930801724412D-01  6.881021237144D-01  6.828512936775D-01  6.773129626394D-01
  6.714679934419D-01  6.652991853673D-01  6.587846855469D-01  6.519043161041D-01
  6.446329546166D-01  6.369468271594D-01  6.288168494044D-01  6.202148761336D-01
  6.111069921701D-01  6.014597062373D-01  5.912331778464D-01  5.803873399259D-01
  5.688750438829D-01  5.566480910580D-01  5.436502732715D-01  5.298232877351D-01
  5.150996443960D-01  4.994084324248D-01  4.826680586262D-01  4.647918263111D-01
  4.456804614586D-01  4.252274565115D-01  4.033113380734D-01  3.798007169363D-01
  3.545462408752D-01  3.273854664527D-01  2.981339169819D-01  2.665902398001D-01
  2.325265403821D-01
Vac0 POTENTIAL                      exc: Vosko,Wilk,Nusair      
  1.76095821  6.66250000  1.77099661
   0.00000
   2.05765   0.8007032600   0.8498775503
353
 0.25000000D-01 0.31020338D-03
 0 1
  5.909183368602D-01  5.908802501597D-01  5.908408034693D-01  5.908288547895D-01
  5.908222182648D-01  5.908182625879D-01  5.908151404591D-01  5.908131845467D-01
  5.908113886006D-01  5.908104099946D-01  5.908093936145D-01  5.908090765460D-01
  5.908086500831D-01  5.908088805328D-01  5.908089789074D-01  5.908097257962D-01
  5.908103431647D-01  5.908116205815D-01  5.908127878431D-01  5.908146416977D-01
  5.908164188681D-01  5.908189230666D-01  5.908213982304D-01  5.908246557081D-01
  5.908279477179D-01  5.908320947037D-01  5.908363589323D-01  5.908415720847D-01
  5.908470090465D-01  5.908535157507D-01  5.908603832198D-01  5.908684756987D-01
  5.908771050702D-01  5.908871593751D-01  5.908979777001D-01  5.909104791977D-01
  5.909240383192D-01  5.909395983027D-01  5.909551396542D-01  5.909606440749D-01
  5.909521547698D-01  5.909444933408D-01  5.909368466392D-01  5.909299679139D-01
  5.909230495212D-01  5.909168496034D-01  5.909105648692D-01  5.909049573387D-01
  5.908992272008D-01  5.908941395883D-01  5.908888974818D-01  5.908842685445D-01
  5.908794580342D-01  5.908752356688D-01  5.908708085775D-01  5.908669481696D-01
  5.908628631187D-01  5.908593262424D-01  5.908555474932D-01  5.908523008649D-01
  5.908487973835D-01  5.908458120272D-01  5.908425567311D-01  5.908398073031D-01
  5.908367764441D-01  5.908342406723D-01  5.908314133399D-01  5.908290715703D-01
  5.908264292735D-01  5.908242640903D-01  5.908217904120D-01  5.908197863233D-01
  5.908174666329D-01  5.908156098114D-01  5.908134310243D-01  5.908117090783D-01
  5.908096594517D-01  5.908080612423D-01  5.908061302009D-01  5.908046456798D-01
  5.908028236682D-01  5.908014437429D-01  5.907997221009D-01  5.907984385142D-01
  5.907968093653D-01  5.907956145975D-01  5.907940707555D-01  5.907929579358D-01
  5.907914928234D-01  5.907904556506D-01  5.907890632281D-01  5.907880959054D-01
  5.907867706062D-01  5.907858677835D-01  5.907846044591D-01  5.907837611783D-01
  5.907825550496D-01  5.907817666999D-01  5.907806133131D-01  5.907798755875D-01
  5.907787707740D-01  5.907780796328D-01  5.907770194735D-01  5.907763711107D-01
  5.907753519038D-01  5.907747427142D-01  5.907737609445D-01  5.907731874959D-01
  5.907722398075D-01  5.907716988135D-01  5.907707819833D-01  5.907702702782D-01
  5.907693811916D-01  5.907688957063D-01  5.907680313331D-01  5.907675690709D-01
  5.907667264433D-01  5.907662844587D-01  5.907654606484D-01  5.907650360245D-01
  5.907642281204D-01  5.907638179470D-01  5.907630230336D-01  5.907626243847D-01
  5.907618395197D-01  5.907614494313D-01  5.907606716232D-01  5.907602870697D-01
  5.907595132540D-01  5.907591311249D-01  5.907583581388D-01  5.907579752140D-01
  5.907571997717D-01  5.907568126936D-01  5.907560313596D-01  5.907556366061D-01
  5.907548457649D-01  5.907544396200D-01  5.907536354463D-01  5.907532139668D-01
  5.907523923916D-01  5.907519513738D-01  5.907511080487D-01  5.907506429900D-01
  5.907497732484D-01  5.907492793074D-01  5.907483781218D-01  5.907478500735D-01
  5.907469120096D-01  5.907463441976D-01  5.907453633637D-01  5.907447496473D-01
  5.907437196392D-01  5.907430533355D-01  5.907419671757D-01  5.907412409962D-01
  5.907400910675D-01  5.907392970482D-01  5.907380750209D-01  5.907372044460D-01
  5.907359011972D-01  5.907349445146D-01  5.907335500398D-01  5.907324967681D-01
  5.907310000837D-01  5.907298387102D-01  5.907282277460D-01  5.907269456136D-01
  5.907252070944D-01  5.907237902773D-01  5.907219095924D-01  5.907203427587D-01
  5.907183038172D-01  5.907165700776D-01  5.907143551497D-01  5.907124358901D-01
  5.907100254312D-01  5.907079001280D-01  5.907052725849D-01  5.907029186013D-01
  5.907000501974D-01  5.906974425582D-01  5.906943070575D-01  5.906914182002D-01
  5.906879866453D-01  5.906847861458D-01  5.906810265695D-01  5.906774808378D-01
  5.906733579439D-01  5.906694298895D-01  5.906649047004D-01  5.906605533610D-01
  5.906555828279D-01  5.906507629607D-01  5.906452995333D-01  5.906399611619D-01
  5.906339523128D-01  5.906280402275D-01  5.906214279264D-01  5.906148811312D-01
  5.906076012640D-01  5.906003523662D-01  5.905923340929D-01  5.905843086277D-01
  5.905754736728D-01  5.905665893577D-01  5.905568512254D-01  5.905470171353D-01
  5.905362802430D-01  5.905253958984D-01  5.905135546182D-01  5.905015089780D-01
  5.904884465773D-01  5.904751169247D-01  5.904607043951D-01  5.904459551068D-01
  5.904300498698D-01  5.904137310544D-01  5.903961755300D-01  5.903781215237D-01
  5.903587415484D-01  5.903387692511D-01  5.903173723287D-01  5.902952793649D-01
  5.902716527323D-01  5.902472154172D-01  5.902211239062D-01  5.901940949972D-01
  5.901652786697D-01  5.901353848798D-01  5.901035564129D-01  5.900704956610D-01
  5.900353374555D-01  5.899987758251D-01  5.899599368070D-01  5.899195051830D-01
  5.898765972664D-01  5.898318876145D-01  5.897844817886D-01  5.897350430400D-01
  5.896826650405D-01  5.896279985388D-01  5.895701240585D-01  5.895096785222D-01
  5.894457279123D-01  5.893788938601D-01  5.893082262657D-01  5.892343298472D-01
  5.891562367164D-01  5.890745328835D-01  5.889882307827D-01  5.888978957290D-01
  5.888025183880D-01  5.887026411784D-01  5.885972306808D-01  5.884868039801D-01
  5.883703010061D-01  5.882482108094D-01  5.881194438258D-01  5.879844580788D-01
  5.878421313593D-01  5.876928873461D-01  5.875355676920D-01  5.873705580523D-01
  5.871966600670D-01  5.870142172874D-01  5.868219870421D-01  5.866202662500D-01
  5.864077631568D-01  5.861847230217D-01  5.859497997089D-01  5.857031812331D-01
  5.854434611900D-01  5.851707641434D-01  5.848836168754D-01  5.845820735964D-01
  5.842645869937D-01  5.839311332429D-01  5.835800828304D-01  5.832113253416D-01
  5.828231400299D-01  5.824153203541D-01  5.819860442614D-01  5.815349984426D-01
  5.810602482935D-01  5.805613618504D-01  5.800362793882D-01  5.794844369950D-01
  5.789036357583D-01  5.782931649295D-01  5.776506706434D-01  5.769752786148D-01
  5.762644623276D-01  5.755171651970D-01  5.747306681515D-01  5.739037111837D-01
  5.730333602365D-01  5.721181280495D-01  5.711548402447D-01  5.701417553596D-01
  5.690754300068D-01  5.679538379632D-01  5.667732342550D-01  5.655312731444D-01
  5.642238709621D-01  5.628483228003D-01  5.614001638756D-01  5.598762846974D-01
  5.582717906963D-01  5.565831155846D-01  5.548048789269D-01  5.529329973429D-01
  5.509615396219D-01  5.488858353347D-01  5.466993269985D-01  5.443966755585D-01
  5.419706089875D-01  5.394150239626D-01  5.367218301287D-01  5.338840471200D-01
  5.308926435185D-01  5.277396281456D-01  5.244148824887D-01  5.209092449010D-01
  5.172113349371D-01  5.133106287234D-01  5.091942732169D-01  5.048501505222D-01
  5.002636795291D-01  4.954208663205D-01  4.903050899198D-01  4.849001351070D-01
  4.791869580563D-01  4.731466967977D-01  4.667574112809D-01  4.599970652955D-01
  4.528402338619D-01  4.452610485513D-01  4.372298629473D-01  4.287161508364D-01
  4.196851176435D-01  4.101005377108D-01  3.999212958606D-01  3.891041457389D-01
  3.776001607713D-01  3.653573895123D-01  3.523171911669D-01  3.384167536778D-01
  3.235852759258D-01  3.077464338940D-01  2.908139458009D-01  2.726943809738D-01
  2.532821163653D-01
