In49 POTENTIAL                      exc: Vosko,Wilk,Nusair      
  2.14187055  6.17500000  2.11957662
  49.00000
   2.34253   1.0890127222   0.9652355732
353
 0.25000000D-01 0.35315022D-03
 9 1
    0  -1.96656160000D+03
    0  -2.87428550000D+02
    0  -5.37136240000D+01
    0  -7.39818510000D+00
    1  -2.68528840000D+02
    1  -4.59639090000D+01
    1  -4.86454470000D+00
    2  -3.15522220000D+01
    2  -7.38539920000D-01
  4.728031858578D+02  4.728282039739D+02  4.728537968550D+02  4.728799714012D+02
  4.729067359693D+02  4.729341041227D+02  4.729620851924D+02  4.729906928905D+02
  4.730199368125D+02  4.730498308537D+02  4.730803848132D+02  4.731116127418D+02
  4.731435246001D+02  4.731761345627D+02  4.732094527103D+02  4.732434933032D+02
  4.732782664964D+02  4.733137865912D+02  4.733500637654D+02  4.733871123086D+02
  4.734249423634D+02  4.734635681467D+02  4.735029996999D+02  4.735432510980D+02
  4.735843322059D+02  4.736262568775D+02  4.736690347166D+02  4.737126792663D+02
  4.737571997735D+02  4.738026093697D+02  4.738489168371D+02  4.738961347817D+02
  4.739442714005D+02  4.739933386466D+02  4.740433439968D+02  4.740942986088D+02
  4.741462090884D+02  4.741990856395D+02  4.742529338294D+02  4.743077627313D+02
  4.743635766970D+02  4.744203834646D+02  4.744781859465D+02  4.745369903475D+02
  4.745967979220D+02  4.746576130935D+02  4.747194352078D+02  4.747822666440D+02
  4.748461045633D+02  4.749109490120D+02  4.749767946639D+02  4.750436389158D+02
  4.751114736232D+02  4.751802931871D+02  4.752500862830D+02  4.753208439384D+02
  4.753925512549D+02  4.754651954753D+02  4.755387576990D+02  4.756132209381D+02
  4.756885618249D+02  4.757647586580D+02  4.758417831004D+02  4.759196082150D+02
  4.759982001538D+02  4.760775261820D+02  4.761575463577D+02  4.762382215449D+02
  4.763195050828D+02  4.764013507876D+02  4.764837046118D+02  4.765665126339D+02
  4.766497127076D+02  4.767332424400D+02  4.768170308304D+02  4.769010062371D+02
  4.769850880055D+02  4.770691944246D+02  4.771532343444D+02  4.772371151222D+02
  4.773207342306D+02  4.774039871934D+02  4.774867591854D+02  4.775689329594D+02
  4.776503804384D+02  4.777309706343D+02  4.778105612346D+02  4.778890065151D+02
  4.779661489214D+02  4.780418269781D+02  4.781158668678D+02  4.781880903389D+02
  4.782583062845D+02  4.783263186514D+02  4.783919180232D+02  4.784548895331D+02
  4.785150044541D+02  4.785720281210D+02  4.786257115319D+02  4.786757992826D+02
  4.787220211853D+02  4.787641002210D+02  4.788017441798D+02  4.788346536381D+02
  4.788625136266D+02  4.788850016383D+02  4.789017793317D+02  4.789125005770D+02
  4.789168032015D+02  4.789143170820D+02  4.789046559410D+02  4.788874254937D+02
  4.788622153038D+02  4.788286069940D+02  4.787861661707D+02  4.787344507079D+02
  4.786730027499D+02  4.786013570786D+02  4.785190332042D+02  4.784255438251D+02
  4.783203870171D+02  4.782030547951D+02  4.780730254095D+02  4.779297720203D+02
  4.777727551082D+02  4.776014312688D+02  4.774152457470D+02  4.772136413573D+02
  4.769960511473D+02  4.767619074486D+02  4.765106346732D+02  4.762416584970D+02
  4.759543987893D+02  4.756482789274D+02  4.753227188562D+02  4.749771445293D+02
  4.746109810894D+02  4.742236624259D+02  4.738146244636D+02  4.733833148198D+02
  4.729291861824D+02  4.724517060427D+02  4.719503501367D+02  4.714246122239D+02
  4.708739975556D+02  4.702980326617D+02  4.696962588039D+02  4.690682417213D+02
  4.684135650167D+02  4.677318398051D+02  4.670226979716D+02  4.662858016574D+02
  4.655208363187D+02  4.647275199768D+02  4.639055960013D+02  4.630548420431D+02
  4.621750624591D+02  4.612660968435D+02  4.603278120079D+02  4.593601100265D+02
  4.583629196885D+02  4.573362039765D+02  4.562799509171D+02  4.551941804257D+02
  4.540789344965D+02  4.529342833765D+02  4.517603150648D+02  4.505571407997D+02
  4.493248838974D+02  4.480636846006D+02  4.467736883323D+02  4.454550500317D+02
  4.441079219912D+02  4.427324578993D+02  4.413288005380D+02  4.398970858712D+02
  4.384374310066D+02  4.369499388005D+02  4.354346866203D+02  4.338917320622D+02
  4.323211031607D+02  4.307228058977D+02  4.290968165458D+02  4.274430916299D+02
  4.257615629957D+02  4.240521506939D+02  4.223147610613D+02  4.205493025670D+02
  4.187556866330D+02  4.169338457983D+02  4.150837362209D+02  4.132053566736D+02
  4.112987508332D+02  4.093640248670D+02  4.074013470386D+02  4.054109613434D+02
  4.033931820128D+02  4.013484011236D+02  3.992770764810D+02  3.971797324217D+02
  3.950569411597D+02  3.929093177807D+02  3.907374969212D+02  3.885421245695D+02
  3.863238332407D+02  3.840832340465D+02  3.818208938611D+02  3.795373309363D+02
  3.772329969029D+02  3.749082781841D+02  3.725634844012D+02  3.701988564368D+02
  3.678145614044D+02  3.654107068955D+02  3.629873415125D+02  3.605444738746D+02
  3.580820769729D+02  3.556001099815D+02  3.530985243626D+02  3.505772863706D+02
  3.480363828196D+02  3.454758422694D+02  3.428957385666D+02  3.402962089665D+02
  3.376774538884D+02  3.350397506324D+02  3.323834482146D+02  3.297089758042D+02
  3.270168320546D+02  3.243075879766D+02  3.215818708266D+02  3.188403618516D+02
  3.160837755908D+02  3.133128537755D+02  3.105283418313D+02  3.077309812546D+02
  3.049214860818D+02  3.021005370121D+02  2.992687615451D+02  2.964267337858D+02
  2.935749622218D+02  2.907138988835D+02  2.878439376972D+02  2.849654346801D+02
  2.820787167468D+02  2.791841105237D+02  2.762819566111D+02  2.733726394933D+02
  2.704565977234D+02  2.675343444282D+02  2.646064634245D+02  2.616736125108D+02
  2.587365014229D+02  2.557958785358D+02  2.528524961703D+02  2.499070903701D+02
  2.469603458824D+02  2.440128820784D+02  2.410652295285D+02  2.381178313394D+02
  2.351710370628D+02  2.322251214273D+02  2.292802941228D+02  2.263367317202D+02
  2.233945972241D+02  2.204540779894D+02  2.175154075252D+02  2.145789021259D+02
  2.116449782119D+02  2.087141818312D+02  2.057871966921D+02  2.028648627033D+02
  1.999481719041D+02  1.970382741928D+02  1.941364602795D+02  1.912441546158D+02
  1.883628861092D+02  1.854942698107D+02  1.826399676415D+02  1.798016617570D+02
  1.769810089168D+02  1.741796098517D+02  1.713989624021D+02  1.686404329236D+02
  1.659052153020D+02  1.631943127340D+02  1.605085122608D+02  1.578483877198D+02
  1.552143011334D+02  1.526064373496D+02  1.500248396306D+02  1.474694768086D+02
  1.449403036008D+02  1.424373376373D+02  1.399607087319D+02  1.375107016804D+02
  1.350877518938D+02  1.326924253002D+02  1.303253557250D+02  1.279871842215D+02
  1.256784811982D+02  1.233996960183D+02  1.211511087642D+02  1.189328195598D+02
  1.167447411039D+02  1.145866232560D+02  1.124580718876D+02  1.103585900806D+02
  1.082876048355D+02  1.062445091594D+02  1.042286846244D+02  1.022395360792D+02
  1.002765049629D+02  9.833909402860D+01  9.642687067806D+01  9.453948216947D+01
  9.267665030674D+01  9.083817901908D+01  8.902394254729D+01  8.723388766973D+01
  8.546801766776D+01  8.372639140263D+01  8.200910512906D+01  8.031629031507D+01
  7.864809499273D+01  7.700468179096D+01  7.538621006976D+01  7.379283519032D+01
  7.222469224518D+01  7.068189718106D+01  6.916453256471D+01  6.767265084575D+01
  6.620626232131D+01  6.476534060516D+01  6.334981278914D+01  6.195956707178D+01
  6.059444504262D+01  5.925425137324D+01  5.793874809162D+01  5.664766613036D+01
  5.538070125419D+01  5.413752691880D+01  5.291779101865D+01  5.172112889021D+01
  5.054715940199D+01  4.939549642942D+01  4.826574264134D+01  4.715749809486D+01
  4.607035093568D+01  4.500388323569D+01  4.395765867073D+01  4.293122756727D+01
  4.192411305645D+01
N_07 POTENTIAL                      exc: Vosko,Wilk,Nusair      
  1.63952924  6.17500000  1.64793099
   7.00000
   1.91467   1.0890127222   0.9652355732
353
 0.25000000D-01 0.28864751D-03
 2 1
    0  -2.69998930000D+01
    0  -4.29582100000D-01
  2.633454016296D+01  2.633490249555D+01  2.633527354943D+01  2.633567905677D+01
  2.633609954856D+01  2.633653300399D+01  2.633697804098D+01  2.633743523418D+01
  2.633790395135D+01  2.633838506459D+01  2.633887808646D+01  2.633938397135D+01
  2.633990228505D+01  2.634043402021D+01  2.634097877270D+01  2.634153756048D+01
  2.634211000194D+01  2.634269713587D+01  2.634329860045D+01  2.634391545366D+01
  2.634454735257D+01  2.634519537393D+01  2.634585919358D+01  2.634653990715D+01
  2.634723720955D+01  2.634795221568D+01  2.634868464001D+01  2.634943561732D+01
  2.635020488224D+01  2.635099359007D+01  2.635180149635D+01  2.635262977766D+01
  2.635347821120D+01  2.635434799560D+01  2.635523893057D+01  2.635615223765D+01
  2.635708773988D+01  2.635804668257D+01  2.635902891315D+01  2.636003570670D+01
  2.636106731490D+01  2.636212464180D+01  2.636320758609D+01  2.636431747006D+01
  2.636545421934D+01  2.636661918361D+01  2.636781231638D+01  2.636903499573D+01
  2.637028720401D+01  2.637157034866D+01  2.637288444186D+01  2.637423092136D+01
  2.637560983017D+01  2.637702263731D+01  2.637846941758D+01  2.637995167225D+01
  2.638146950884D+01  2.638302446183D+01  2.638461667238D+01  2.638624770910D+01
  2.638791774773D+01  2.638962839187D+01  2.639137985271D+01  2.639317376970D+01
  2.639501039030D+01  2.639689139062D+01  2.639881705514D+01  2.640078909735D+01
  2.640280783946D+01  2.640487503303D+01  2.640699103859D+01  2.640915764631D+01
  2.641137525558D+01  2.641364569563D+01  2.641596940511D+01  2.641834825263D+01
  2.642078271636D+01  2.642327470448D+01  2.642582473476D+01  2.642843475498D+01
  2.643110532241D+01  2.643383842424D+01  2.643663465695D+01  2.643949604670D+01
  2.644242322867D+01  2.644541826733D+01  2.644848183571D+01  2.645161603562D+01
  2.645482157684D+01  2.645810059722D+01  2.646145384179D+01  2.646488348278D+01
  2.646839029859D+01  2.647197649374D+01  2.647564287769D+01  2.647939168466D+01
  2.648322375234D+01  2.648714134157D+01  2.649114531489D+01  2.649523795607D+01
  2.649942014849D+01  2.650369419449D+01  2.650806099360D+01  2.651252286166D+01
  2.651708070887D+01  2.652173685867D+01  2.652649222560D+01  2.653134913392D+01
  2.653630849522D+01  2.654137262680D+01  2.654654242899D+01  2.655182020324D+01
  2.655720682915D+01  2.656270458223D+01  2.656831431060D+01  2.657403825242D+01
  2.657987721222D+01  2.658583337794D+01  2.659190749686D+01  2.659810169223D+01
  2.660441663877D+01  2.661085437885D+01  2.661741549752D+01  2.662410193817D+01
  2.663091417704D+01  2.663785403843D+01  2.664492186853D+01  2.665211935011D+01
  2.665944667578D+01  2.666690536196D+01  2.667449542158D+01  2.668221817733D+01
  2.669007343361D+01  2.669806228915D+01  2.670618430813D+01  2.671444033204D+01
  2.672282964999D+01  2.673135280972D+01  2.674000878708D+01  2.674879779611D+01
  2.675771845762D+01  2.676677060829D+01  2.677595246833D+01  2.678526344954D+01
  2.679470132192D+01  2.680426502073D+01  2.681395181193D+01  2.682376009822D+01
  2.683368658330D+01  2.684372907673D+01  2.685388365704D+01  2.686414747539D+01
  2.687451591743D+01  2.688498540573D+01  2.689555056040D+01  2.690620700020D+01
  2.691694850195D+01  2.692776980028D+01  2.693866374579D+01  2.694962410349D+01
  2.696064270965D+01  2.697171226898D+01  2.698282351020D+01  2.699396798194D+01
  2.700513520708D+01  2.701631547749D+01  2.702749700713D+01  2.703866872570D+01
  2.704981743066D+01  2.706093057982D+01  2.707199344248D+01  2.708299189108D+01
  2.709390955156D+01  2.710473059432D+01  2.711543688401D+01  2.712601077004D+01
  2.713643223599D+01  2.714668168995D+01  2.715673711394D+01  2.716657685439D+01
  2.717617677189D+01  2.718551303224D+01  2.719455925700D+01  2.720328931551D+01
  2.721167447679D+01  2.721968620311D+01  2.722729330369D+01  2.723446473056D+01
  2.724116673476D+01  2.724736566505D+01  2.725302512743D+01  2.725810878753D+01
  2.726257753422D+01  2.726639228661D+01  2.726951116264D+01  2.727189229163D+01
  2.727349098894D+01  2.727426257504D+01  2.727415955733D+01  2.727313445694D+01
  2.727113699882D+01  2.726811694741D+01  2.726402130627D+01  2.725879716396D+01
  2.725238890439D+01  2.724474106412D+01  2.723579555485D+01  2.722549453347D+01
  2.721377763788D+01  2.720058487104D+01  2.718585385149D+01  2.716952271259D+01
  2.715152736884D+01  2.713180443153D+01  2.711028849188D+01  2.708691505399D+01
  2.706161783574D+01  2.703433171980D+01  2.700499007287D+01  2.697352771521D+01
  2.693987825853D+01  2.690397709416D+01  2.686575874944D+01  2.682515989422D+01
  2.678211671525D+01  2.673656794003D+01  2.668845222802D+01  2.663771121053D+01
  2.658428689685D+01  2.652812472797D+01  2.646917099517D+01  2.640737590455D+01
  2.634269100474D+01  2.627507225852D+01  2.620447747527D+01  2.613086938505D+01
  2.605421307064D+01  2.597447903835D+01  2.589164064360D+01  2.580567715177D+01
  2.571657115026D+01  2.562431159189D+01  2.552889118537D+01  2.543030941277D+01
  2.532856988965D+01  2.522368334742D+01  2.511566495344D+01  2.500453724845D+01
  2.489032741667D+01  2.477307016794D+01  2.465280494735D+01  2.452957875154D+01
  2.440344326806D+01  2.427445761515D+01  2.414268539971D+01  2.400819737195D+01
  2.387106839265D+01  2.373137999306D+01  2.358921724348D+01  2.344467121088D+01
  2.329783572220D+01  2.314880971421D+01  2.299769388719D+01  2.284459294417D+01
  2.268961213382D+01  2.253285937979D+01  2.237444171578D+01  2.221446731054D+01
  2.205304180381D+01  2.189027023928D+01  2.172625331800D+01  2.156108926126D+01
  2.139487000969D+01  2.122768305180D+01  2.105960761376D+01  2.089071650977D+01
  2.072107239190D+01  2.055072970724D+01  2.037973111115D+01  2.020810965548D+01
  2.003588551243D+01  1.986306856549D+01  1.968965563983D+01  1.951563371330D+01
  1.934097788556D+01  1.916565544453D+01  1.898962479475D+01  1.881284055895D+01
  1.863525357096D+01  1.845681700366D+01  1.827748726044D+01  1.809723076706D+01
  1.791602517571D+01  1.773386600710D+01  1.755076715522D+01  1.736676623976D+01
  1.718192325351D+01  1.699632358822D+01  1.681007405720D+01  1.662330322538D+01
  1.643615491652D+01  1.624878644664D+01  1.606136064022D+01  1.587404328780D+01
  1.568699512062D+01  1.550036989745D+01  1.531430755099D+01  1.512893382481D+01
  1.494435517470D+01  1.476066020724D+01  1.457791630009D+01  1.439617258480D+01
  1.421545788049D+01  1.403578473560D+01  1.385714816626D+01  1.367953026647D+01
  1.350289930579D+01  1.332721452260D+01  1.315242526089D+01  1.297847568969D+01
  1.280530378044D+01  1.263284580468D+01  1.246103504645D+01  1.228980600744D+01
  1.211909281092D+01  1.194883309219D+01  1.177896608798D+01  1.160943621797D+01
  1.144019087419D+01  1.127118371378D+01  1.110237217257D+01  1.093372049542D+01
  1.076519700115D+01  1.059677687743D+01  1.042843922292D+01  1.026016963067D+01
  1.009195702886D+01  9.923796070878D+00  9.755683788930D+00  9.587621800680D+00
  9.419612780986D+00  9.251662485027D+00  9.083776032965D+00  8.915959739252D+00
  8.748217195495D+00  8.580550887670D+00  8.412958058805D+00  8.245432094423D+00
  8.077958151182D+00  7.910514383862D+00  7.743067096063D+00  7.575572130707D+00
  7.407969605913D+00
Vac0 POTENTIAL                      exc: Vosko,Wilk,Nusair      
  2.14187055  6.17500000  2.11957662
   0.00000
   2.34253   1.0890127222   0.9652355732
353
 0.25000000D-01 0.35315022D-03
 0 1
  9.366323651378D-01  9.366006061797D-01  9.365673155519D-01  9.365575614393D-01
  9.365521443904D-01  9.365496028568D-01  9.365475987936D-01  9.365471992614D-01
  9.365467927223D-01  9.365477308653D-01  9.365485379767D-01  9.365506408612D-01
  9.365526110478D-01  9.365559087453D-01  9.365591319320D-01  9.365637639444D-01
  9.365684247031D-01  9.365746197332D-01  9.365809923510D-01  9.365890735664D-01
  9.365975350092D-01  9.366079395986D-01  9.366189952440D-01  9.366323064023D-01
  9.366466287617D-01  9.366636218855D-01  9.366821052414D-01  9.367038123580D-01
  9.367276485872D-01  9.367554473763D-01  9.367862304508D-01  9.368219669813D-01
  9.368618371498D-01  9.369079953031D-01  9.369598382664D-01  9.370197739878D-01
  9.370874937079D-01  9.371656194043D-01  9.372457966252D-01  9.372822523469D-01
  9.372518179906D-01  9.372236903117D-01  9.371963177586D-01  9.371710337874D-01
  9.371463069514D-01  9.371234885530D-01  9.371010630120D-01  9.370803957876D-01
  9.370599839696D-01  9.370412043660D-01  9.370225642721D-01  9.370054496859D-01
  9.369883761964D-01  9.369727373045D-01  9.369570554001D-01  9.369427301592D-01
  9.369282895849D-01  9.369151384712D-01  9.369018094928D-01  9.368897117193D-01
  9.368773817335D-01  9.368662321913D-01  9.368548029729D-01  9.368445097638D-01
  9.368338952340D-01  9.368243776460D-01  9.368145020454D-01  9.368056888912D-01
  9.367964852667D-01  9.367883135152D-01  9.367797224677D-01  9.367721360937D-01
  9.367641047363D-01  9.367570537681D-01  9.367495348437D-01  9.367429745567D-01
  9.367359257003D-01  9.367298159341D-01  9.367231990468D-01  9.367175036283D-01
  9.367112843407D-01  9.367059705911D-01  9.367001178067D-01  9.366951561156D-01
  9.366896416189D-01  9.366850050791D-01  9.366798031951D-01  9.366754672903D-01
  9.366705545908D-01  9.366664969172D-01  9.366618519655D-01  9.366580519961D-01
  9.366536551210D-01  9.366500939939D-01  9.366459270959D-01  9.366425874296D-01
  9.366386338058D-01  9.366354995377D-01  9.366317437286D-01  9.366287999688D-01
  9.366252276222D-01  9.366224605247D-01  9.366190582721D-01  9.366164549188D-01
  9.366132102666D-01  9.366107585624D-01  9.366076597909D-01  9.366053483697D-01
  9.366023844432D-01  9.366002025796D-01  9.365973630629D-01  9.365953005925D-01
  9.365925755748D-01  9.365906228210D-01  9.365880028424D-01  9.365861505463D-01
  9.365836265317D-01  9.365818657867D-01  9.365794289819D-01  9.365777511708D-01
  9.365753930816D-01  9.365737898170D-01  9.365715021486D-01  9.365699652147D-01
  9.365677398150D-01  9.365662611093D-01  9.365640899112D-01  9.365626613877D-01
  9.365605363520D-01  9.365591499636D-01  9.365570630212D-01  9.365557106617D-01
  9.365536536543D-01  9.365523270986D-01  9.365502917184D-01  9.365489825606D-01
  9.365469602875D-01  9.365456598763D-01  9.365436419116D-01  9.365423412833D-01
  9.365403184799D-01  9.365390082860D-01  9.365369710749D-01  9.365356415061D-01
  9.365335798175D-01  9.365322205224D-01  9.365301237008D-01  9.365287236970D-01
  9.365265804103D-01  9.365251279907D-01  9.365229261305D-01  9.365214087596D-01
  9.365191353352D-01  9.365175395375D-01  9.365151805583D-01  9.365134917961D-01
  9.365110321443D-01  9.365092346850D-01  9.365066579764D-01  9.365047347463D-01
  9.365020231776D-01  9.364999556017D-01  9.364970897830D-01  9.364948576107D-01
  9.364918163820D-01  9.364893974931D-01  9.364861577217D-01  9.364835279153D-01
  9.364800642734D-01  9.364771970342D-01  9.364734817545D-01  9.364703479956D-01
  9.364663506013D-01  9.364629183814D-01  9.364586053885D-01  9.364548395996D-01
  9.364501741895D-01  9.364460362119D-01  9.364409778696D-01  9.364364251926D-01
  9.364309293071D-01  9.364259151096D-01  9.364199325336D-01  9.364144052210D-01
  9.364078817846D-01  9.364017844777D-01  9.363946604515D-01  9.363879304221D-01
  9.363801399237D-01  9.363727079715D-01  9.363641783108D-01  9.363559680751D-01
  9.363466190304D-01  9.363375462290D-01  9.363272892482D-01  9.363172608379D-01
  9.363059981546D-01  9.362949114027D-01  9.362825350613D-01  9.362702765197D-01
  9.362566672967D-01  9.362431116690D-01  9.362281378821D-01  9.362131467712D-01
  9.361966629625D-01  9.361800834863D-01  9.361619289679D-01  9.361435922306D-01
  9.361235894763D-01  9.361033088777D-01  9.360812617467D-01  9.360588311145D-01
  9.360345228870D-01  9.360097144121D-01  9.359829056196D-01  9.359554675743D-01
  9.359258935998D-01  9.358955478157D-01  9.358629162428D-01  9.358293553231D-01
  9.357933430047D-01  9.357562272427D-01  9.357164770613D-01  9.356754310341D-01
  9.356315483209D-01  9.355861571244D-01  9.355377057000D-01  9.354875107864D-01
  9.354340085847D-01  9.353785031608D-01  9.353194173908D-01  9.352580413313D-01
  9.351927831282D-01  9.351249173512D-01  9.350528358622D-01  9.349777961109D-01
  9.348981719571D-01  9.348152019240D-01  9.347272399701D-01  9.346355036946D-01
  9.345383250540D-01  9.344368985148D-01  9.343295317087D-01  9.342173935267D-01
  9.340987647061D-01  9.339747858609D-01  9.338437079925D-01  9.337066404491D-01
  9.335618013528D-01  9.334102654800D-01  9.332502145960D-01  9.330826852476D-01
  9.329058189958D-01  9.327206101104D-01  9.325251556900D-01  9.323204032488D-01
  9.321044007105D-01  9.318780438760D-01  9.316393262775D-01  9.313890865140D-01
  9.311252579509D-01  9.308486159079D-01  9.305570271868D-01  9.302511970967D-01
  9.299289187905D-01  9.295908201087D-01  9.292346127038D-01  9.288608386819D-01
  9.284671194916D-01  9.280539023405D-01  9.276187088211D-01  9.271618810768D-01
  9.266808301347D-01  9.261757817921D-01  9.256440246214D-01  9.250856555442D-01
  9.244978274703D-01  9.238804945208D-01  9.232306592575D-01  9.225481175120D-01
  9.218297051548D-01  9.210750424811D-01  9.202807804615D-01  9.194463446270D-01
  9.185681807339D-01  9.176454980815D-01  9.166745145133D-01  9.156541990879D-01
  9.145805163253D-01  9.134521681384D-01  9.122648372145D-01  9.110169280976D-01
  9.097038095753D-01  9.083235547780D-01  9.068711824156D-01  9.053443957308D-01
  9.037378223974D-01  9.020487521289D-01  9.002713750061D-01  8.984025174975D-01
  8.964358789302D-01  8.943677656182D-01  8.921913251224D-01  8.899022781073D-01
  8.874931499479D-01  8.849589998372D-01  8.822916491862D-01  8.794854073802D-01
  8.765312962740D-01  8.734227718355D-01  8.701499438552D-01  8.667052925121D-01
  8.630778821835D-01  8.592590717082D-01  8.552367208862D-01  8.510008928842D-01
  8.465380516380D-01  8.418367544257D-01  8.368818379089D-01  8.316600983670D-01
  8.261544635071D-01  8.203496571778D-01  8.142263533125D-01  8.077668210834D-01
  8.009490563714D-01  7.937524022354D-01  7.861516520680D-01  7.781226388769D-01
  7.696363027262D-01  7.606642405766D-01  7.511727286356D-01  7.411282222985D-01
  7.304913215404D-01  7.192222077281D-01  7.072745370826D-01  6.946007976931D-01
  6.811461122628D-01  6.668534944791D-01  6.516575376880D-01  6.354895448726D-01
  6.182710746831D-01  5.999189138742D-01  5.803384466041D-01  5.594284330054D-01
  5.370741629135D-01  5.131519992921D-01  4.875222816586D-01  4.600335851633D-01
  4.305153339488D-01  3.987820003361D-01  3.646246004062D-01  3.278156154303D-01
  2.880996662866D-01
Vac0 POTENTIAL                      exc: Vosko,Wilk,Nusair      
  1.63952924  6.17500000  1.64793099
   0.00000
   1.91467   1.0890127222   0.9652355732
353
 0.25000000D-01 0.28864751D-03
 0 1
  7.168279971916D-01  7.167819493799D-01  7.167342801103D-01  7.167198243351D-01
  7.167118152387D-01  7.167070266139D-01  7.167032704922D-01  7.167009040832D-01
  7.166987563158D-01  7.166975773883D-01  7.166963790140D-01  7.166960080698D-01
  7.166955327090D-01  7.166958354163D-01  7.166960085788D-01  7.166969524030D-01
  7.166977730616D-01  7.166993822531D-01  7.167008963030D-01  7.167032364709D-01
  7.167055284621D-01  7.167087030787D-01  7.167118961191D-01  7.167160492000D-01
  7.167203099610D-01  7.167256331623D-01  7.167311811023D-01  7.167379250471D-01
  7.167450459716D-01  7.167535363385D-01  7.167626012831D-01  7.167732608447D-01
  7.167847517196D-01  7.167981301327D-01  7.168126743224D-01  7.168294882772D-01
  7.168479047571D-01  7.168690654833D-01  7.168903492911D-01  7.168987137665D-01
  7.168886158163D-01  7.168794881407D-01  7.168703932427D-01  7.168621973094D-01
  7.168539694037D-01  7.168465815344D-01  7.168391079393D-01  7.168324252500D-01
  7.168256118452D-01  7.168195480637D-01  7.168133156126D-01  7.168077978341D-01
  7.168020791485D-01  7.167970453483D-01  7.167917830773D-01  7.167871801452D-01
  7.167823250321D-01  7.167781072219D-01  7.167736167219D-01  7.167697444131D-01
  7.167655815815D-01  7.167620202822D-01  7.167581528783D-01  7.167548724160D-01
  7.167512721714D-01  7.167482460338D-01  7.167448880557D-01  7.167420928437D-01
  7.167389551188D-01  7.167363701019D-01  7.167334330863D-01  7.167310398240D-01
  7.167282861003D-01  7.167260681296D-01  7.167234821229D-01  7.167214246912D-01
  7.167189924205D-01  7.167170822683D-01  7.167147911435D-01  7.167130163079D-01
  7.167108549539D-01  7.167092046094D-01  7.167071627155D-01  7.167056270320D-01
  7.167036952197D-01  7.167022652445D-01  7.167004349588D-01  7.166991025096D-01
  7.166973659194D-01  7.166961234934D-01  7.166944734056D-01  7.166933141022D-01
  7.166917438876D-01  7.166906613338D-01  7.166891648622D-01  7.166881531537D-01
  7.166867247334D-01  7.166857783775D-01  7.166844127022D-01  7.166835265692D-01
  7.166822186738D-01  7.166813879515D-01  7.166801331659D-01  7.166793533182D-01
  7.166781472318D-01  7.166774139630D-01  7.166762523864D-01  7.166755616053D-01
  7.166744405380D-01  7.166737883268D-01  7.166727039258D-01  7.166720865097D-01
  7.166710350602D-01  7.166704487777D-01  7.166694266659D-01  7.166688679425D-01
  7.166678716265D-01  7.166673369471D-01  7.166663629313D-01  7.166658488138D-01
  7.166648936232D-01  7.166643965922D-01  7.166634567448D-01  7.166629733053D-01
  7.166620452861D-01  7.166615718964D-01  7.166606521301D-01  7.166601851742D-01
  7.166592699969D-01  7.166588057560D-01  7.166578913863D-01  7.166574260084D-01
  7.166565085161D-01  7.166560379849D-01  7.166551132589D-01  7.166546333600D-01
  7.166536970738D-01  7.166532033588D-01  7.166522509327D-01  7.166517386814D-01
  7.166507652438D-01  7.166502294218D-01  7.166492297650D-01  7.166486649800D-01
  7.166476335143D-01  7.166470339661D-01  7.166459646688D-01  7.166453240979D-01
  7.166442104574D-01  7.166435220860D-01  7.166423570422D-01  7.166416135112D-01
  7.166403893889D-01  7.166395826886D-01  7.166382911248D-01  7.166374125188D-01
  7.166360443829D-01  7.166350843247D-01  7.166336296310D-01  7.166325776720D-01
  7.166310254836D-01  7.166298701716D-01  7.166282084937D-01  7.166269372623D-01
  7.166251529258D-01  7.166237519710D-01  7.166218305034D-01  7.166202846486D-01
  7.166182101319D-01  7.166165026786D-01  7.166142575928D-01  7.166123701561D-01
  7.166099352059D-01  7.166078475327D-01  7.166052014569D-01  7.166028912253D-01
  7.166000105861D-01  7.165974531840D-01  7.165943121340D-01  7.165914804147D-01
  7.165880504402D-01  7.165849144521D-01  7.165811640892D-01  7.165776907779D-01
  7.165735852989D-01  7.165697381770D-01  7.165652392444D-01  7.165609780280D-01
  7.165560433111D-01  7.165513235176D-01  7.165459062705D-01  7.165406787736D-01
  7.165347273674D-01  7.165289379068D-01  7.165223953135D-01  7.165159839512D-01
  7.165087871736D-01  7.165016876950D-01  7.164937671353D-01  7.164859063861D-01
  7.164771851500D-01  7.164684823032D-01  7.164588754292D-01  7.164492411761D-01
  7.164386547846D-01  7.164279904396D-01  7.164163207918D-01  7.164045173031D-01
  7.163916497612D-01  7.163785866179D-01  7.163643944958D-01  7.163499385190D-01
  7.163342818112D-01  7.163182858180D-01  7.163010097953D-01  7.162833111223D-01
  7.162642447790D-01  7.162446636491D-01  7.162236179861D-01  7.162019557041D-01
  7.161787218312D-01  7.161547587877D-01  7.161291058252D-01  7.161025992905D-01
  7.160742720489D-01  7.160449537333D-01  7.160136701486D-01  7.159812435046D-01
  7.159466918009D-01  7.159108290404D-01  7.158726645931D-01  7.158330033883D-01
  7.157908452549D-01  7.157469850899D-01  7.157004121726D-01  7.156519103076D-01
  7.156004571094D-01  7.155468241170D-01  7.154899760464D-01  7.154306708734D-01
  7.153678590505D-01  7.153022835545D-01  7.152328790638D-01  7.151603719676D-01
  7.150836794989D-01  7.150035097007D-01  7.149187605105D-01  7.148301196793D-01
  7.147364638011D-01  7.146384581797D-01  7.145349557988D-01  7.144265971295D-01
  7.143122090338D-01  7.141924045078D-01  7.140659815114D-01  7.139335226384D-01
  7.137937938654D-01  7.136473441412D-01  7.134929040446D-01  7.133309852848D-01
  7.131602792580D-01  7.129812564489D-01  7.127925648741D-01  7.125946293740D-01
  7.123860499306D-01  7.121672008358D-01  7.119366288706D-01  7.116946523362D-01
  7.114397590766D-01  7.111722053575D-01  7.108904137153D-01  7.105945716643D-01
  7.102830293523D-01  7.099558980760D-01  7.096114477195D-01  7.092497050559D-01
  7.088688509424D-01  7.084688183808D-01  7.080476894403D-01  7.076052930485D-01
  7.071396016061D-01  7.066503284746D-01  7.061353242463D-01  7.055941738875D-01
  7.050245926202D-01  7.044260226771D-01  7.037960287425D-01  7.031338942680D-01
  7.024370164142D-01  7.017045018666D-01  7.009335612097D-01  7.001231041729D-01
  6.992701333589D-01  6.983733388361D-01  6.974294911281D-01  6.964370350577D-01
  6.953924818866D-01  6.942940022967D-01  6.931378175512D-01  6.919217914768D-01
  6.906418204922D-01  6.892954244281D-01  6.878781352391D-01  6.863870864661D-01
  6.848174004085D-01  6.831657759930D-01  6.814268741374D-01  6.795969037370D-01
  6.776700048934D-01  6.756418326660D-01  6.735059377646D-01  6.712573476328D-01
  6.688889441112D-01  6.663950413164D-01  6.637677596653D-01  6.610005998827D-01
  6.580848126288D-01  6.550129678041D-01  6.517753188331D-01  6.483633662233D-01
  6.447662153189D-01  6.409741328016D-01  6.369748964195D-01  6.327573427721D-01
  6.283077071272D-01  6.236131603892D-01  6.186581366102D-01  6.134278564713D-01
  6.079046394436D-01  6.020714103764D-01  5.959079924268D-01  5.893945923986D-01
  5.825080694738D-01  5.752253937200D-01  5.675198842538D-01  5.593646337431D-01
  5.507287078187D-01  5.415805263373D-01  5.318840135083D-01  5.216019240234D-01
  5.106919303401D-01  4.991098783649D-01  4.868057944434D-01  4.737270509820D-01
  4.598142708057D-01  4.450043769103D-01  4.292263693316D-01  4.124042215997D-01
  3.944524907921D-01  3.752792088940D-01  3.547806526959D-01  3.328448535204D-01
  3.093455677307D-01
