In49 POTENTIAL                      exc: Vosko,Wilk,Nusair      
  2.37798540  6.82500000  2.34921590
  49.00000
   2.59633   0.7247657985   0.8163257620
353
 0.25000000D-01 0.39141124D-03
 9 1
    0  -1.96656160000D+03
    0  -2.87428550000D+02
    0  -5.37136240000D+01
    0  -7.39818510000D+00
    1  -2.68528840000D+02
    1  -4.59639090000D+01
    1  -4.86454470000D+00
    2  -3.15522220000D+01
    2  -7.38539920000D-01
  4.724081916667D+02  4.724359157496D+02  4.724642699925D+02  4.724932602316D+02
  4.725228954707D+02  4.725531898376D+02  4.725841532576D+02  4.726157999534D+02
  4.726481400672D+02  4.726811879398D+02  4.727149538559D+02  4.727494522378D+02
  4.727846934575D+02  4.728206919762D+02  4.728574581976D+02  4.728950065705D+02
  4.729333474700D+02  4.729724952724D+02  4.730124602563D+02  4.730532566562D+02
  4.730948945779D+02  4.731373880352D+02  4.731807468750D+02  4.732249848002D+02
  4.732701113020D+02  4.733161396708D+02  4.733630789338D+02  4.734109418540D+02
  4.734597368727D+02  4.735094760973D+02  4.735601672468D+02  4.736118216298D+02
  4.736644460909D+02  4.737180509799D+02  4.737726420978D+02  4.738282286577D+02
  4.738848152298D+02  4.739424096931D+02  4.740010151790D+02  4.740606380144D+02
  4.741212796707D+02  4.741829446731D+02  4.742456325636D+02  4.743093458178D+02
  4.743740817784D+02  4.744398405716D+02  4.745066170357D+02  4.745744086281D+02
  4.746432073487D+02  4.747130076372D+02  4.747837982903D+02  4.748555703489D+02
  4.749283090094D+02  4.750020014997D+02  4.750766289833D+02  4.751521744256D+02
  4.752286144890D+02  4.753059273890D+02  4.753840847807D+02  4.754630596033D+02
  4.755428179584D+02  4.756233269425D+02  4.757045465161D+02  4.757864373245D+02
  4.758689525572D+02  4.759520457567D+02  4.760356626680D+02  4.761197490358D+02
  4.762042424434D+02  4.762890800981D+02  4.763741906598D+02  4.764595020153D+02
  4.765449330962D+02  4.766304016417D+02  4.767158160074D+02  4.768010829168D+02
  4.768860992610D+02  4.769707598397D+02  4.770549491530D+02  4.771385491331D+02
  4.772214309282D+02  4.773034626273D+02  4.773845010373D+02  4.774643994019D+02
  4.775429991745D+02  4.776201377329D+02  4.776956401503D+02  4.777693269079D+02
  4.778410056667D+02  4.779104789815D+02  4.779775360765D+02  4.780419605636D+02
  4.781035222257D+02  4.781619847435D+02  4.782170974910D+02  4.782686032756D+02
  4.783162301498D+02  4.783596991703D+02  4.783987162322D+02  4.784329798524D+02
  4.784621730326D+02  4.784859710738D+02  4.785040334750D+02  4.785160117863D+02
  4.785215415505D+02  4.785202502035D+02  4.785117490667D+02  4.784956413031D+02
  4.784715139696D+02  4.784389460380D+02  4.783975005167D+02  4.783467325458D+02
  4.782861815980D+02  4.782153796574D+02  4.781338435103D+02  4.780410830169D+02
  4.779365935013D+02  4.778198641267D+02  4.776903703934D+02  4.775475826266D+02
  4.773909585916D+02  4.772199521013D+02  4.770340057564D+02  4.768325596798D+02
  4.766150443866D+02  4.763808896504D+02  4.761295175065D+02  4.758603512520D+02
  4.755728085822D+02  4.752663107230D+02  4.749402756978D+02  4.745941275857D+02
  4.742272899106D+02  4.738391950157D+02  4.734292775603D+02  4.729969839935D+02
  4.725417661401D+02  4.720630907496D+02  4.715604331432D+02  4.710332868082D+02
  4.704811570707D+02  4.699035706955D+02  4.693000695417D+02  4.686702201189D+02
  4.680136071734D+02  4.673298431435D+02  4.666185616140D+02  4.658794266051D+02
  4.651121258235D+02  4.643163797111D+02  4.634919344151D+02  4.626385705143D+02
  4.617560956255D+02  4.608443527216D+02  4.599032122881D+02  4.589325801486D+02
  4.579323890871D+02  4.569026061010D+02  4.558432234148D+02  4.547542650943D+02
  4.536357773938D+02  4.524878346946D+02  4.513105291574D+02  4.501039759709D+02
  4.488683023409D+02  4.476036521007D+02  4.463101741168D+02  4.449880263892D+02
  4.436373640470D+02  4.422583431643D+02  4.408511086283D+02  4.394157980165D+02
  4.379525297481D+02  4.364614075014D+02  4.349425091928D+02  4.333958925376D+02
  4.318215855104D+02  4.302195937332D+02  4.285898931071D+02  4.269324396894D+02
  4.252471650833D+02  4.235339892646D+02  4.217928190024D+02  4.200235636523D+02
  4.182261363058D+02  4.164004718709D+02  4.145465298516D+02  4.126643131876D+02
  4.107538707268D+02  4.088153145472D+02  4.068488196264D+02  4.048546370918D+02
  4.028330886756D+02  4.007845738460D+02  3.987095575780D+02  3.966085706510D+02
  3.944821908978D+02  3.923310377517D+02  3.901557489263D+02  3.879569718986D+02
  3.857353392352D+02  3.834914605048D+02  3.812258997539D+02  3.789391711095D+02
  3.766317212131D+02  3.743039307163D+02  3.719561031819D+02  3.695884732599D+02
  3.672012021529D+02  3.647943919481D+02  3.623680865961D+02  3.599222909316D+02
  3.574569753913D+02  3.549720977474D+02  3.524676094758D+02  3.499434780828D+02
  3.473996930347D+02  3.448362866694D+02  3.422533378080D+02  3.396509895161D+02
  3.370294488552D+02  3.343890001720D+02  3.317299998764D+02  3.290528844118D+02
  3.263581595046D+02  3.236464025650D+02  3.209182465066D+02  3.181743770556D+02
  3.154155120437D+02  3.126423949580D+02  3.098557715492D+02  3.070563819997D+02
  3.042449376667D+02  3.014221151886D+02  2.985885371023D+02  2.957447718407D+02
  2.928913221852D+02  2.900286347751D+02  2.871570992270D+02  2.842770686758D+02
  2.813888692212D+02  2.784928288248D+02  2.755892918139D+02  2.726786483672D+02
  2.697613443847D+02  2.668379010391D+02  2.639089101670D+02  2.609750364003D+02
  2.580369944436D+02  2.550955349251D+02  2.521514095556D+02  2.492053507216D+02
  2.462580370182D+02  2.433100796172D+02  2.403619998781D+02  2.374142314241D+02
  2.344671151745D+02  2.315209187224D+02  2.285758470056D+02  2.256320745371D+02
  2.226897654558D+02  2.197491113495D+02  2.168103531686D+02  2.138738174082D+02
  2.109399332502D+02  2.080092613612D+02  2.050825015276D+02  2.021605103488D+02
  1.992442966790D+02  1.963350264692D+02  1.934340052387D+02  1.905426701704D+02
  1.876625604344D+02  1.847952981715D+02  1.819425489951D+02  1.791059948512D+02
  1.762872884014D+02  1.734880221602D+02  1.707096819659D+02  1.679536185257D+02
  1.652210071876D+02  1.625128303460D+02  1.598298532668D+02  1.571726282182D+02
  1.545414976569D+02  1.519366303853D+02  1.493580589423D+02  1.468057477550D+02
  1.442796540682D+02  1.417798041205D+02  1.393063407776D+02  1.368595633426D+02
  1.344399201787D+02  1.320479855254D+02  1.296843951597D+02  1.273497849467D+02
  1.250447138679D+02  1.227696150613D+02  1.205247498521D+02  1.183101989290D+02
  1.161258567869D+02  1.139714573512D+02  1.118465937609D+02  1.097507596770D+02
  1.076833761596D+02  1.056438333083D+02  1.036315126234D+02  1.016458210660D+02
  9.968620409705D+01  9.775216975975D+01  9.584329181193D+01  9.395922440568D+01
  9.209969671067D+01  9.026452011363D+01  8.845357649091D+01  8.666682020400D+01
  8.490426229428D+01  8.316596946302D+01  8.145204623571D+01  7.976263279328D+01
  7.809788676745D+01  7.645798136364D+01  7.484308800241D+01  7.325337572523D+01
  7.168899545881D+01  7.015008127896D+01  6.863673669042D+01  6.714903797944D+01
  6.568702260155D+01  6.425069460036D+01  6.284001499147D+01  6.145490906836D+01
  6.009525855738D+01  5.876091055583D+01  5.745167118454D+01  5.616731586865D+01
  5.490758417637D+01  5.367219109153D+01  5.246082262333D+01  5.127314756043D+01
  5.010881322148D+01  4.896745693184D+01  4.784870105071D+01  4.675216326357D+01
  4.567745003863D+01  4.462416507057D+01  4.359190080190D+01  4.258024501888D+01
  4.158877081232D+01  4.061704210485D+01  3.966460252409D+01  3.873098116569D+01
  3.781568110506D+01
N_07 POTENTIAL                      exc: Vosko,Wilk,Nusair      
  1.80145647  6.82500000  1.81203139
   7.00000
   2.10533   0.7247657985   0.8163257620
353
 0.25000000D-01 0.31739093D-03
 2 1
    0  -2.69998930000D+01
    0  -4.29582100000D-01
  2.594276435008D+01  2.594316540441D+01  2.594357625604D+01  2.594402308864D+01
  2.594448618192D+01  2.594496322994D+01  2.594545308068D+01  2.594595609435D+01
  2.594647188958D+01  2.594700113270D+01  2.594754359184D+01  2.594810001868D+01
  2.594867023685D+01  2.594925503819D+01  2.594985427811D+01  2.595046877535D+01
  2.595109840938D+01  2.595174402125D+01  2.595240551172D+01  2.595308374251D+01
  2.595377863475D+01  2.595449107042D+01  2.595522099097D+01  2.595596929876D+01
  2.595673595584D+01  2.595752188545D+01  2.595832707077D+01  2.595915245649D+01
  2.595999804760D+01  2.596086481095D+01  2.596175277411D+01  2.596266292689D+01
  2.596359532019D+01  2.596455096763D+01  2.596552994434D+01  2.596653328858D+01
  2.596756110062D+01  2.596861444426D+01  2.596969344594D+01  2.597079919859D+01
  2.597193224402D+01  2.597309330188D+01  2.597428255359D+01  2.597550114556D+01
  2.597674928803D+01  2.597802815668D+01  2.597933799155D+01  2.598067999857D+01
  2.598205444853D+01  2.598346257863D+01  2.598490469137D+01  2.598638205615D+01
  2.598789500814D+01  2.598944484989D+01  2.599103195021D+01  2.599265764571D+01
  2.599432233972D+01  2.599602740383D+01  2.599777327676D+01  2.599956136594D+01
  2.600139214632D+01  2.600326706193D+01  2.600518662476D+01  2.600715231619D+01
  2.600916468593D+01  2.601122525339D+01  2.601333460660D+01  2.601549430359D+01
  2.601770497125D+01  2.601996820669D+01  2.602228467606D+01  2.602465601587D+01
  2.602708293182D+01  2.602956710005D+01  2.603210926588D+01  2.603471114510D+01
  2.603737352262D+01  2.604009815368D+01  2.604288586252D+01  2.604573844344D+01
  2.604865675945D+01  2.605164264331D+01  2.605469699602D+01  2.605782168781D+01
  2.606101765658D+01  2.606428680881D+01  2.606763011783D+01  2.607104952470D+01
  2.607454603639D+01  2.607812162646D+01  2.608177733322D+01  2.608551516024D+01
  2.608933617437D+01  2.609324240614D+01  2.609723494762D+01  2.610131585267D+01
  2.610548623461D+01  2.610974816634D+01  2.611410277780D+01  2.611855215593D+01
  2.612309744187D+01  2.612774073077D+01  2.613248316873D+01  2.613732685238D+01
  2.614227292561D+01  2.614732347882D+01  2.615247964546D+01  2.615774350092D+01
  2.616311615881D+01  2.616859966957D+01  2.617419511632D+01  2.617990451322D+01
  2.618572890094D+01  2.619167024460D+01  2.619772952889D+01  2.620390865557D+01
  2.621020853817D+01  2.621663099905D+01  2.622317686363D+01  2.622984785690D+01
  2.623664469723D+01  2.624356899230D+01  2.625062133233D+01  2.625780318550D+01
  2.626511499050D+01  2.627255805140D+01  2.628013262948D+01  2.628783983749D+01
  2.629567973074D+01  2.630365320063D+01  2.631176006503D+01  2.632000096098D+01
  2.632837543432D+01  2.633688383149D+01  2.634552538833D+01  2.635430012103D+01
  2.636320691396D+01  2.637224540970D+01  2.638141409588D+01  2.639071219422D+01
  2.640013774637D+01  2.640968950183D+01  2.641936500275D+01  2.642916247078D+01
  2.643907889067D+01  2.644911189596D+01  2.645925785147D+01  2.646951373775D+01
  2.647987523231D+01  2.649033859288D+01  2.650089873740D+01  2.651155112593D+01
  2.652228983942D+01  2.653310946035D+01  2.654400315012D+01  2.655496452846D+01
  2.656598574951D+01  2.657705937993D+01  2.658817647371D+01  2.659932844898D+01
  2.661050516166D+01  2.662169678096D+01  2.663289186191D+01  2.664407921972D+01
  2.665524600118D+01  2.666637955802D+01  2.667746551732D+01  2.668848965403D+01
  2.669943596048D+01  2.671028851824D+01  2.672102956705D+01  2.673164137614D+01
  2.674210431283D+01  2.675239871365D+01  2.676250295285D+01  2.677239531366D+01
  2.678205205715D+01  2.679144929394D+01  2.680056105386D+01  2.680936115861D+01
  2.681782129264D+01  2.682591287739D+01  2.683360514392D+01  2.684086700934D+01
  2.684766515188D+01  2.685396589014D+01  2.685973326141D+01  2.686493090452D+01
  2.686952014219D+01  2.687346186840D+01  2.687671463569D+01  2.687923654794D+01
  2.688098335366D+01  2.688191034529D+01  2.688197045953D+01  2.688111618419D+01
  2.687929766681D+01  2.687646463030D+01  2.687256449094D+01  2.686754428418D+01
  2.686134879328D+01  2.685392248643D+01  2.684520765750D+01  2.683514637574D+01
  2.682367863982D+01  2.681074434157D+01  2.679628143449D+01  2.678022791272D+01
  2.676251999535D+01  2.674309412163D+01  2.672188515217D+01  2.669882838148D+01
  2.667385775686D+01  2.664690790902D+01  2.661791238943D+01  2.658680571945D+01
  2.655352164642D+01  2.651799521160D+01  2.648016102485D+01  2.643995535108D+01
  2.639731440305D+01  2.635217644554D+01  2.630448010517D+01  2.625416649080D+01
  2.620117751879D+01  2.614545804750D+01  2.608695421542D+01  2.602561558699D+01
  2.596139350036D+01  2.589424322081D+01  2.582412229386D+01  2.575099270183D+01
  2.567481921720D+01  2.559557155666D+01  2.551322272878D+01  2.542775117894D+01
  2.533913912438D+01  2.524737468257D+01  2.515245018560D+01  2.505436428371D+01
  2.495312023030D+01  2.484872795134D+01  2.474120229157D+01  2.463056504001D+01
  2.451684312717D+01  2.440007059651D+01  2.428028674222D+01  2.415753801589D+01
  2.403187609512D+01  2.390335971465D+01  2.377205265457D+01  2.363802548716D+01
  2.350135347519D+01  2.336211822478D+01  2.322040548556D+01  2.307630670165D+01
  2.292991670679D+01  2.278133516757D+01  2.263066416870D+01  2.247800954510D+01
  2.232347835541D+01  2.216718010282D+01  2.200922409884D+01  2.184972057721D+01
  2.168877795516D+01  2.152650385093D+01  2.136300225707D+01  2.119837448091D+01
  2.103271625494D+01  2.086611863240D+01  2.069866507537D+01  2.053043235635D+01
  2.036148768753D+01  2.019188970679D+01  2.002168574404D+01  1.985091300811D+01
  1.967959612998D+01  1.950774871553D+01  1.933537135683D+01  1.916245376713D+01
  1.898897349717D+01  1.881489890064D+01  1.864018879959D+01  1.846479649716D+01
  1.828867054968D+01  1.811175988535D+01  1.793401559743D+01  1.775539689329D+01
  1.757587340597D+01  1.739543122535D+01  1.721407474733D+01  1.703183162883D+01
  1.684875293794D+01  1.666491585629D+01  1.648042117372D+01  1.629539315368D+01
  1.610997427242D+01  1.592432267693D+01  1.573860509050D+01  1.555299316230D+01
  1.536765604674D+01  1.518275717142D+01  1.499844786318D+01  1.481486562532D+01
  1.463212954981D+01  1.445034048102D+01  1.426957826516D+01  1.408990359161D+01
  1.391135668929D+01  1.373396034987D+01  1.355771953530D+01  1.338262505648D+01
  1.320865360785D+01  1.303577167870D+01  1.286393566115D+01  1.269309570931D+01
  1.252319569942D+01  1.235417687160D+01  1.218597752406D+01  1.201853635786D+01
  1.185179185629D+01  1.168568530766D+01  1.152015986309D+01  1.135516324398D+01
  1.119064649506D+01  1.102656640039D+01  1.086288396041D+01  1.069956654855D+01
  1.053658614620D+01  1.037392127486D+01  1.021155502412D+01  1.004947679384D+01
  9.887680148637D+00  9.726164401963D+00  9.564932326940D+00  9.403991609624D+00
  9.243352440578D+00  9.083028858248D+00  8.923036238399D+00  8.763392540397D+00
  8.604115702685D+00  8.445224795097D+00  8.286737318313D+00  8.128670254782D+00
  7.971037259602D+00  7.813849592639D+00  7.657113180151D+00  7.500829403521D+00
  7.344992006376D+00  7.189587757576D+00  7.034593048941D+00  6.879974568782D+00
  6.725685596221D+00
Vac0 POTENTIAL                      exc: Vosko,Wilk,Nusair      
  2.37798540  6.82500000  2.34921590
   0.00000
   2.59633   0.7247657985   0.8163257620
353
 0.25000000D-01 0.39141124D-03
 0 1
  7.465637903016D-01  7.465408887110D-01  7.465165668523D-01  7.465096749670D-01
  7.465056897059D-01  7.465041593892D-01  7.465027687271D-01  7.465029101016D-01
  7.465027993394D-01  7.465040375157D-01  7.465049401390D-01  7.465071635508D-01
  7.465090581254D-01  7.465123048792D-01  7.465152737019D-01  7.465196626553D-01
  7.465238577215D-01  7.465295731027D-01  7.465352117303D-01  7.465425060542D-01
  7.465498791542D-01  7.465590860005D-01  7.465685750432D-01  7.465801300908D-01
  7.465922325160D-01  7.466067037869D-01  7.466220685595D-01  7.466401981250D-01
  7.466596745547D-01  7.466824354975D-01  7.467071397751D-01  7.467358139271D-01
  7.467672198769D-01  7.468035038726D-01  7.468435669887D-01  7.468897173648D-01
  7.469410429502D-01  7.469999855301D-01  7.470599019332D-01  7.470847074496D-01
  7.470576100088D-01  7.470327517938D-01  7.470083712927D-01  7.469860364520D-01
  7.469640036049D-01  7.469438565404D-01  7.469238656737D-01  7.469056273689D-01
  7.468874232814D-01  7.468708598503D-01  7.468542277890D-01  7.468391416906D-01
  7.468238996340D-01  7.468101228712D-01  7.467961155170D-01  7.467835043037D-01
  7.467705983242D-01  7.467590288582D-01  7.467471091481D-01  7.467364742600D-01
  7.467254409064D-01  7.467156473391D-01  7.467054131969D-01  7.466963794181D-01
  7.466868681181D-01  7.466785225237D-01  7.466696668596D-01  7.466619462985D-01
  7.466536868738D-01  7.466465354329D-01  7.466388195603D-01  7.466321875460D-01
  7.466249683139D-01  7.466188114026D-01  7.466120469007D-01  7.466063254275D-01
  7.465999780851D-01  7.465946564386D-01  7.465886924708D-01  7.465837385767D-01
  7.465781275130D-01  7.465735123985D-01  7.465682266729D-01  7.465639240936D-01
  7.465589386975D-01  7.465549248071D-01  7.465502169893D-01  7.465464700660D-01
  7.465420190722D-01  7.465385192716D-01  7.465343061169D-01  7.465310352631D-01
  7.465270425330D-01  7.465239839305D-01  7.465201956081D-01  7.465173338799D-01
  7.465137351918D-01  7.465110561346D-01  7.465076334147D-01  7.465051238710D-01
  7.465018644415D-01  7.464995121840D-01  7.464964042459D-01  7.464941978792D-01
  7.464912304142D-01  7.464891592772D-01  7.464863219623D-01  7.464843760490D-01
  7.464816591747D-01  7.464798290552D-01  7.464772234547D-01  7.464755002064D-01
  7.464729971854D-01  7.464713723277D-01  7.464689636042D-01  7.464674290386D-01
  7.464651066823D-01  7.464636546339D-01  7.464614110130D-01  7.464600339788D-01
  7.464578617050D-01  7.464565523993D-01  7.464544442778D-01  7.464531955837D-01
  7.464511445630D-01  7.464499494826D-01  7.464479486060D-01  7.464468002113D-01
  7.464448425672D-01  7.464437339518D-01  7.464418126261D-01  7.464407368548D-01
  7.464388448798D-01  7.464377949396D-01  7.464359252433D-01  7.464348939906D-01
  7.464330393442D-01  7.464320194504D-01  7.464301724127D-01  7.464291563093D-01
  7.464273091680D-01  7.464262889849D-01  7.464244336968D-01  7.464234012002D-01
  7.464215293240D-01  7.464204758482D-01  7.464185784754D-01  7.464174948497D-01
  7.464155625284D-01  7.464144389994D-01  7.464124616532D-01  7.464112877995D-01
  7.464092546386D-01  7.464080192783D-01  7.464059187039D-01  7.464046097946D-01
  7.464024292933D-01  7.464010338222D-01  7.463987598519D-01  7.463972637163D-01
  7.463948815808D-01  7.463932694563D-01  7.463907631673D-01  7.463890183642D-01
  7.463863704907D-01  7.463844747956D-01  7.463816662984D-01  7.463795998004D-01
  7.463766098489D-01  7.463743507480D-01  7.463711565202D-01  7.463686809167D-01
  7.463652573776D-01  7.463625390402D-01  7.463588586981D-01  7.463558688077D-01
  7.463519014457D-01  7.463486083135D-01  7.463443206929D-01  7.463406894488D-01
  7.463360449823D-01  7.463320372316D-01  7.463269956225D-01  7.463225690668D-01
  7.463170859104D-01  7.463121939289D-01  7.463062202727D-01  7.463008114602D-01
  7.462942933187D-01  7.462883109749D-01  7.462811887927D-01  7.462745703589D-01
  7.462667784182D-01  7.462594548546D-01  7.462509206212D-01  7.462428157185D-01
  7.462334591184D-01  7.462244887383D-01  7.462142213591D-01  7.462042925944D-01
  7.461930168024D-01  7.461820270492D-01  7.461696350143D-01  7.461574709470D-01
  7.461438435646D-01  7.461303800026D-01  7.461153857034D-01  7.461004843592D-01
  7.460839777921D-01  7.460674858879D-01  7.460493064658D-01  7.460310552038D-01
  7.460110254963D-01  7.459908283691D-01  7.459687523251D-01  7.459464032474D-01
  7.459220642315D-01  7.458973354756D-01  7.458704940976D-01  7.458431340113D-01
  7.458135257266D-01  7.457832562106D-01  7.457505886685D-01  7.457171023879D-01
  7.456810524995D-01  7.456440098020D-01  7.456042204998D-01  7.455632460077D-01
  7.455193226627D-01  7.454740015063D-01  7.454255079678D-01  7.453753816212D-01
  7.453218358376D-01  7.452663975142D-01  7.452072666921D-01  7.451459562544D-01
  7.450806515059D-01  7.450128498368D-01  7.449407202608D-01  7.448657430400D-01
  7.447860691773D-01  7.447031599988D-01  7.446151465949D-01  7.445234693559D-01
  7.444262373563D-01  7.443248678391D-01  7.442174455367D-01  7.441053620984D-01
  7.439866753409D-01  7.438627486134D-01  7.437316099704D-01  7.435945914667D-01
  7.434496882448D-01  7.432981977520D-01  7.431380787333D-01  7.429705903621D-01
  7.427936511283D-01  7.426084778733D-01  7.424129445615D-01  7.422082212102D-01
  7.419921325307D-01  7.417657967410D-01  7.415269840642D-01  7.412767554098D-01
  7.410128207129D-01  7.407361774709D-01  7.404444689050D-01  7.401386223360D-01
  7.398162071489D-01  7.394780729888D-01  7.391217075064D-01  7.387478743536D-01
  7.383539706849D-01  7.379406649295D-01  7.375052540200D-01  7.370483009146D-01
  7.365669915216D-01  7.360617719416D-01  7.355297050507D-01  7.349711074293D-01
  7.343829055624D-01  7.337652724152D-01  7.331149832028D-01  7.324320515678D-01
  7.317130848640D-01  7.309579198825D-01  7.301629775866D-01  7.293278983239D-01
  7.284488959367D-01  7.275253923883D-01  7.265533711601D-01  7.255320112044D-01
  7.244570395234D-01  7.233273643437D-01  7.221384267517D-01  7.208888329618D-01
  7.195737048562D-01  7.181913111916D-01  7.167364168566D-01  7.152069128261D-01
  7.135971639071D-01  7.119046372023D-01  7.101232480616D-01  7.082499867569D-01
  7.062782622851D-01  7.042045268805D-01  7.020216172267D-01  6.997253763314D-01
  6.973079915908D-01  6.947646134269D-01  6.920866894980D-01  6.892685793357D-01
  6.863008838089D-01  6.831770547873D-01  6.798867187245D-01  6.764222801076D-01
  6.727722377166D-01  6.689277802762D-01  6.648760935538D-01  6.606069461892D-01
  6.561059852879D-01  6.513613098387D-01  6.463567518108D-01  6.410784338407D-01
  6.355080320062D-01  6.296293135261D-01  6.234213763064D-01  6.168651611799D-01
  6.099366619252D-01  6.026134049986D-01  5.948676219167D-01  5.866726873859D-01
  5.779962435935D-01  5.688065849859D-01  5.590657209754D-01  5.487356921882D-01
  5.377715541915D-01  5.261276056420D-01  5.137502706759D-01  5.005842138620D-01
  4.865650927300D-01  4.716255276644D-01  4.556876886287D-01  4.386690802911D-01
  4.204749186869D-01  4.010036827127D-01  3.801392317105D-01  3.577560622528D-01
  3.337111058773D-01  3.078487787134D-01  2.799919417315D-01  2.499471252771D-01
  2.174947889743D-01
Vac0 POTENTIAL                      exc: Vosko,Wilk,Nusair      
  1.80145647  6.82500000  1.81203139
   0.00000
   2.10533   0.7247657985   0.8163257620
353
 0.25000000D-01 0.31739093D-03
 0 1
  5.566124180114D-01  5.565766223356D-01  5.565395438062D-01  5.565283152247D-01
  5.565220737889D-01  5.565183555849D-01  5.565154152871D-01  5.565135744849D-01
  5.565118783726D-01  5.565109536477D-01  5.565099873248D-01  5.565096811905D-01
  5.565092656721D-01  5.565094699650D-01  5.565095429444D-01  5.565102270916D-01
  5.565107814383D-01  5.565119567986D-01  5.565130193855D-01  5.565147265156D-01
  5.565163507187D-01  5.565186555626D-01  5.565209200533D-01  5.565239145687D-01
  5.565269254620D-01  5.565307311656D-01  5.565346269021D-01  5.565394009999D-01
  5.565443597704D-01  5.565503040033D-01  5.565565541300D-01  5.565639269463D-01
  5.565717610469D-01  5.565808939293D-01  5.565906878055D-01  5.566020071536D-01
  5.566142448266D-01  5.566282860281D-01  5.566422768950D-01  5.566470381180D-01
  5.566390303683D-01  5.566318067214D-01  5.566245936057D-01  5.566181080962D-01
  5.566115818231D-01  5.566057364736D-01  5.565998077829D-01  5.565945210986D-01
  5.565891154272D-01  5.565843190591D-01  5.565793736386D-01  5.565750098315D-01
  5.565704714368D-01  5.565664910575D-01  5.565623142496D-01  5.565586752213D-01
  5.565548209847D-01  5.565514870688D-01  5.565479216954D-01  5.565448615025D-01
  5.565415557264D-01  5.565387419330D-01  5.565356702101D-01  5.565330789124D-01
  5.565302188507D-01  5.565278290433D-01  5.565251609211D-01  5.565229540704D-01
  5.565204604470D-01  5.565184201273D-01  5.565160855210D-01  5.565141971233D-01
  5.565120077360D-01  5.565102582173D-01  5.565082017087D-01  5.565065793846D-01
  5.565046446792D-01  5.565031390425D-01  5.565013161666D-01  5.564999177417D-01
  5.564981976836D-01  5.564968978931D-01  5.564952724837D-01  5.564940635413D-01
  5.564925253519D-01  5.564914001650D-01  5.564899424182D-01  5.564888945040D-01
  5.564875109965D-01  5.564865344123D-01  5.564852194448D-01  5.564843087245D-01
  5.564830570472D-01  5.564822071417D-01  5.564810138974D-01  5.564802201303D-01
  5.564790808113D-01  5.564783388317D-01  5.564772492352D-01  5.564765549795D-01
  5.564755111723D-01  5.564748608296D-01  5.564738591132D-01  5.564732490919D-01
  5.564722859729D-01  5.564717128697D-01  5.564707850307D-01  5.564702456063D-01
  5.564693498795D-01  5.564688410312D-01  5.564679743742D-01  5.564674931140D-01
  5.564666525848D-01  5.564661960138D-01  5.564653787518D-01  5.564649440397D-01
  5.564641472410D-01  5.564637316061D-01  5.564629525043D-01  5.564625531902D-01
  5.564617890354D-01  5.564614032916D-01  5.564606513276D-01  5.564602763891D-01
  5.564595338350D-01  5.564591668996D-01  5.564584309268D-01  5.564580691338D-01
  5.564573368437D-01  5.564569772512D-01  5.564562456532D-01  5.564558852146D-01
  5.564551512004D-01  5.564547867394D-01  5.564540470576D-01  5.564536752417D-01
  5.564529264710D-01  5.564525437829D-01  5.564517823027D-01  5.564513850098D-01
  5.564506069683D-01  5.564501910911D-01  5.564493923715D-01  5.564489536469D-01
  5.564481298301D-01  5.564476636736D-01  5.564468099991D-01  5.564463114625D-01
  5.564454227837D-01  5.564448865101D-01  5.564439572467D-01  5.564433774193D-01
  5.564424015052D-01  5.564417717941D-01  5.564407426196D-01  5.564400561203D-01
  5.564389664697D-01  5.564382156376D-01  5.564370576196D-01  5.564362341975D-01
  5.564349991688D-01  5.564340941068D-01  5.564327725888D-01  5.564317759563D-01
  5.564303575424D-01  5.564292584314D-01  5.564277316850D-01  5.564265181026D-01
  5.564248704456D-01  5.564235291967D-01  5.564217467845D-01  5.564202633415D-01
  5.564183309275D-01  5.564166892866D-01  5.564145900704D-01  5.564127725934D-01
  5.564104880550D-01  5.564084752941D-01  5.564059850098D-01  5.564037555145D-01
  5.564010369537D-01  5.563985670575D-01  5.563955953586D-01  5.563928589431D-01
  5.563896066659D-01  5.563865749004D-01  5.563830117522D-01  5.563796528065D-01
  5.563757453399D-01  5.563720240658D-01  5.563677353445D-01  5.563636129255D-01
  5.563589021553D-01  5.563543357178D-01  5.563491578386D-01  5.563441000233D-01
  5.563384052585D-01  5.563328037469D-01  5.563265371051D-01  5.563203340954D-01
  5.563134348199D-01  5.563065664485D-01  5.562989674089D-01  5.562913631106D-01
  5.562829901302D-01  5.562745719313D-01  5.562653430441D-01  5.562560247807D-01
  5.562458494095D-01  5.562355358644D-01  5.562243139129D-01  5.562128998599D-01
  5.562005207089D-01  5.561878898584D-01  5.561742312561D-01  5.561602550877D-01
  5.561451819231D-01  5.561297183965D-01  5.561130813434D-01  5.560959734720D-01
  5.560776074899D-01  5.560586817652D-01  5.560384044418D-01  5.560174690901D-01
  5.559950788091D-01  5.559719218650D-01  5.559471957795D-01  5.559215829552D-01
  5.558942747479D-01  5.558659470774D-01  5.558357844829D-01  5.558044557169D-01
  5.557711377822D-01  5.557364915070D-01  5.556996855614D-01  5.556613720124D-01
  5.556207103169D-01  5.555783428544D-01  5.555334188946D-01  5.554865701050D-01
  5.554369344907D-01  5.553851318742D-01  5.553302878033D-01  5.552730090014D-01
  5.552124072405D-01  5.551490747570D-01  5.550821080870D-01  5.550120834446D-01
  5.549380805138D-01  5.548606577865D-01  5.547788763065D-01  5.546932749611D-01
  5.546028941733D-01  5.545082511424D-01  5.544083634775D-01  5.543037243817D-01
  5.541933262211D-01  5.540776356461D-01  5.539556170885D-01  5.538277078128D-01
  5.536928413341D-01  5.535514223913D-01  5.534023502765D-01  5.532459937214D-01
  5.530812141286D-01  5.529083403620D-01  5.527261918675D-01  5.525350533567D-01
  5.523336978054D-01  5.521223610172D-01  5.518997644866D-01  5.516660898281D-01
  5.514200014875D-01  5.511616210220D-01  5.508895496412D-01  5.506038423202D-01
  5.503030301504D-01  5.499870942657D-01  5.496544879796D-01  5.493051105022D-01
  5.489373288374D-01  5.485509512638D-01  5.481442489639D-01  5.477169292384D-01
  5.472671568324D-01  5.467945268500D-01  5.462970857389D-01  5.457743038652D-01
  5.452240961112D-01  5.446457940651D-01  5.440371661805D-01  5.433973895276D-01
  5.427240694539D-01  5.420162108351D-01  5.412712371665D-01  5.404879612408D-01
  5.396636035874D-01  5.387967624913D-01  5.378844316824D-01  5.369249695933D-01
  5.359151161829D-01  5.348529613110D-01  5.337349605571D-01  5.325589025657D-01
  5.313209236934D-01  5.300184741474D-01  5.286473312585D-01  5.272045641976D-01
  5.256855456289D-01  5.240869147388D-01  5.224035869686D-01  5.206317150300D-01
  5.187656963447D-01  5.168011316430D-01  5.147318296485D-01  5.125527627562D-01
  5.102570683868D-01  5.078390011115D-01  5.052909299548D-01  5.026062861696D-01
  4.997765555776D-01  4.967942209871D-01  4.936497484177D-01  4.903345228780D-01
  4.868378270079D-01  4.831497685780D-01  4.792582496744D-01  4.751518838191D-01
  4.708169532916D-01  4.662403131659D-01  4.614063336677D-01  4.562997876340D-01
  4.509027738952D-01  4.451975836217D-01  4.391635995229D-01  4.327801351745D-01
  4.260233032448D-01  4.188688200807D-01  4.112888340779D-01  4.032546853993D-01
  3.947336828278D-01  3.856918053028D-01  3.760904119071D-01  3.658888677093D-01
  3.550411666867D-01  3.434984584031D-01  3.312055592317D-01  3.181033465801D-01
  3.041251211455D-01  2.891989383968D-01  2.732434114347D-01  2.561703167311D-01
  2.378798383013D-01
