In49 POTENTIAL                      exc: Vosko,Wilk,Nusair      
  2.37798540  6.82500000  2.34921590
  49.00000
   2.59633   0.7247654027   0.8163258160
353
 0.25000000D-01 0.39141124D-03
 9 1
    0  -1.96656160000D+03
    0  -2.87428550000D+02
    0  -5.37136240000D+01
    0  -7.39818510000D+00
    1  -2.68528840000D+02
    1  -4.59639090000D+01
    1  -4.86454470000D+00
    2  -3.15522220000D+01
    2  -7.38539920000D-01
  4.724081916913D+02  4.724359157741D+02  4.724642700171D+02  4.724932602562D+02
  4.725228954953D+02  4.725531898622D+02  4.725841532822D+02  4.726157999779D+02
  4.726481400918D+02  4.726811879644D+02  4.727149538805D+02  4.727494522624D+02
  4.727846934821D+02  4.728206920008D+02  4.728574582222D+02  4.728950065951D+02
  4.729333474946D+02  4.729724952970D+02  4.730124602808D+02  4.730532566808D+02
  4.730948946025D+02  4.731373880598D+02  4.731807468996D+02  4.732249848247D+02
  4.732701113266D+02  4.733161396954D+02  4.733630789584D+02  4.734109418786D+02
  4.734597368973D+02  4.735094761219D+02  4.735601672714D+02  4.736118216545D+02
  4.736644461155D+02  4.737180510045D+02  4.737726421224D+02  4.738282286823D+02
  4.738848152544D+02  4.739424097177D+02  4.740010152036D+02  4.740606380390D+02
  4.741212796953D+02  4.741829446977D+02  4.742456325882D+02  4.743093458424D+02
  4.743740818030D+02  4.744398405962D+02  4.745066170603D+02  4.745744086527D+02
  4.746432073733D+02  4.747130076618D+02  4.747837983149D+02  4.748555703736D+02
  4.749283090340D+02  4.750020015243D+02  4.750766290080D+02  4.751521744502D+02
  4.752286145137D+02  4.753059274136D+02  4.753840848053D+02  4.754630596279D+02
  4.755428179830D+02  4.756233269672D+02  4.757045465408D+02  4.757864373492D+02
  4.758689525818D+02  4.759520457813D+02  4.760356626926D+02  4.761197490605D+02
  4.762042424681D+02  4.762890801227D+02  4.763741906845D+02  4.764595020400D+02
  4.765449331208D+02  4.766304016663D+02  4.767158160321D+02  4.768010829415D+02
  4.768860992856D+02  4.769707598644D+02  4.770549491776D+02  4.771385491577D+02
  4.772214309528D+02  4.773034626519D+02  4.773845010619D+02  4.774643994265D+02
  4.775429991991D+02  4.776201377575D+02  4.776956401749D+02  4.777693269324D+02
  4.778410056912D+02  4.779104790060D+02  4.779775361011D+02  4.780419605882D+02
  4.781035222502D+02  4.781619847680D+02  4.782170975155D+02  4.782686033001D+02
  4.783162301743D+02  4.783596991947D+02  4.783987162566D+02  4.784329798768D+02
  4.784621730570D+02  4.784859710982D+02  4.785040334994D+02  4.785160118106D+02
  4.785215415748D+02  4.785202502278D+02  4.785117490910D+02  4.784956413273D+02
  4.784715139938D+02  4.784389460621D+02  4.783975005409D+02  4.783467325698D+02
  4.782861816220D+02  4.782153796814D+02  4.781338435343D+02  4.780410830409D+02
  4.779365935252D+02  4.778198641505D+02  4.776903704172D+02  4.775475826504D+02
  4.773909586153D+02  4.772199521249D+02  4.770340057800D+02  4.768325597033D+02
  4.766150444100D+02  4.763808896738D+02  4.761295175299D+02  4.758603512753D+02
  4.755728086054D+02  4.752663107461D+02  4.749402757208D+02  4.745941276086D+02
  4.742272899335D+02  4.738391950385D+02  4.734292775830D+02  4.729969840161D+02
  4.725417661626D+02  4.720630907720D+02  4.715604331655D+02  4.710332868304D+02
  4.704811570928D+02  4.699035707175D+02  4.693000695636D+02  4.686702201407D+02
  4.680136071950D+02  4.673298431651D+02  4.666185616354D+02  4.658794266264D+02
  4.651121258446D+02  4.643163797321D+02  4.634919344360D+02  4.626385705351D+02
  4.617560956461D+02  4.608443527421D+02  4.599032123085D+02  4.589325801689D+02
  4.579323891072D+02  4.569026061210D+02  4.558432234346D+02  4.547542651139D+02
  4.536357774134D+02  4.524878347140D+02  4.513105291767D+02  4.501039759900D+02
  4.488683023599D+02  4.476036521195D+02  4.463101741355D+02  4.449880264077D+02
  4.436373640654D+02  4.422583431826D+02  4.408511086465D+02  4.394157980345D+02
  4.379525297661D+02  4.364614075192D+02  4.349425092105D+02  4.333958925551D+02
  4.318215855278D+02  4.302195937504D+02  4.285898931243D+02  4.269324397064D+02
  4.252471651002D+02  4.235339892814D+02  4.217928190190D+02  4.200235636689D+02
  4.182261363222D+02  4.164004718872D+02  4.145465298678D+02  4.126643132037D+02
  4.107538707427D+02  4.088153145630D+02  4.068488196421D+02  4.048546371073D+02
  4.028330886909D+02  4.007845738612D+02  3.987095575931D+02  3.966085706659D+02
  3.944821909125D+02  3.923310377663D+02  3.901557489408D+02  3.879569719129D+02
  3.857353392493D+02  3.834914605187D+02  3.812258997677D+02  3.789391711231D+02
  3.766317212265D+02  3.743039307296D+02  3.719561031950D+02  3.695884732729D+02
  3.672012021656D+02  3.647943919607D+02  3.623680866085D+02  3.599222909439D+02
  3.574569754034D+02  3.549720977593D+02  3.524676094876D+02  3.499434780943D+02
  3.473996930461D+02  3.448362866806D+02  3.422533378190D+02  3.396509895270D+02
  3.370294488660D+02  3.343890001826D+02  3.317299998868D+02  3.290528844220D+02
  3.263581595147D+02  3.236464025750D+02  3.209182465164D+02  3.181743770654D+02
  3.154155120534D+02  3.126423949676D+02  3.098557715587D+02  3.070563820091D+02
  3.042449376761D+02  3.014221151980D+02  2.985885371117D+02  2.957447718501D+02
  2.928913221947D+02  2.900286347846D+02  2.871570992366D+02  2.842770686855D+02
  2.813888692309D+02  2.784928288346D+02  2.755892918238D+02  2.726786483772D+02
  2.697613443948D+02  2.668379010493D+02  2.639089101773D+02  2.609750364107D+02
  2.580369944541D+02  2.550955349357D+02  2.521514095663D+02  2.492053507324D+02
  2.462580370291D+02  2.433100796282D+02  2.403619998893D+02  2.374142314354D+02
  2.344671151860D+02  2.315209187339D+02  2.285758470174D+02  2.256320745490D+02
  2.226897654678D+02  2.197491113616D+02  2.168103531808D+02  2.138738174206D+02
  2.109399332627D+02  2.080092613738D+02  2.050825015403D+02  2.021605103615D+02
  1.992442966918D+02  1.963350264820D+02  1.934340052516D+02  1.905426701833D+02
  1.876625604473D+02  1.847952981844D+02  1.819425490080D+02  1.791059948641D+02
  1.762872884142D+02  1.734880221730D+02  1.707096819786D+02  1.679536185383D+02
  1.652210072001D+02  1.625128303583D+02  1.598298532789D+02  1.571726282302D+02
  1.545414976685D+02  1.519366303967D+02  1.493580589533D+02  1.468057477656D+02
  1.442796540784D+02  1.417798041303D+02  1.393063407870D+02  1.368595633515D+02
  1.344399201872D+02  1.320479855335D+02  1.296843951674D+02  1.273497849541D+02
  1.250447138750D+02  1.227696150682D+02  1.205247498588D+02  1.183101989355D+02
  1.161258567933D+02  1.139714573576D+02  1.118465937674D+02  1.097507596835D+02
  1.076833761663D+02  1.056438333153D+02  1.036315126307D+02  1.016458210738D+02
  9.968620410543D+01  9.775216976885D+01  9.584329182189D+01  9.395922441664D+01
  9.209969672279D+01  9.026452012708D+01  8.845357650583D+01  8.666682022056D+01
  8.490426231262D+01  8.316596948327D+01  8.145204625799D+01  7.976263281770D+01
  7.809788679410D+01  7.645798139255D+01  7.484308803361D+01  7.325337575872D+01
  7.168899549453D+01  7.015008131683D+01  6.863673673032D+01  6.714903802122D+01
  6.568702264502D+01  6.425069464532D+01  6.284001503765D+01  6.145490911553D+01
  6.009525860526D+01  5.876091060415D+01  5.745167123304D+01  5.616731591710D+01
  5.490758422454D+01  5.367219113925D+01  5.246082267047D+01  5.127314760690D+01
  5.010881326727D+01  4.896745697698D+01  4.784870109528D+01  4.675216330770D+01
  4.567745008251D+01  4.462416511440D+01  4.359190084592D+01  4.258024506334D+01
  4.158877085748D+01  4.061704215099D+01  3.966460257147D+01  3.873098121459D+01
  3.781568115576D+01
N_07 POTENTIAL                      exc: Vosko,Wilk,Nusair      
  1.80145647  6.82500000  1.81203139
   7.00000
   2.10533   0.7247654027   0.8163258160
353
 0.25000000D-01 0.31739093D-03
 2 1
    0  -2.69998930000D+01
    0  -4.29582100000D-01
  2.594276435780D+01  2.594316541213D+01  2.594357626377D+01  2.594402309638D+01
  2.594448618966D+01  2.594496323768D+01  2.594545308843D+01  2.594595610210D+01
  2.594647189734D+01  2.594700114046D+01  2.594754359961D+01  2.594810002645D+01
  2.594867024463D+01  2.594925504597D+01  2.594985428590D+01  2.595046878314D+01
  2.595109841718D+01  2.595174402906D+01  2.595240551953D+01  2.595308375033D+01
  2.595377864257D+01  2.595449107825D+01  2.595522099880D+01  2.595596930660D+01
  2.595673596369D+01  2.595752189331D+01  2.595832707864D+01  2.595915246436D+01
  2.595999805548D+01  2.596086481884D+01  2.596175278201D+01  2.596266293479D+01
  2.596359532810D+01  2.596455097555D+01  2.596552995227D+01  2.596653329652D+01
  2.596756110857D+01  2.596861445221D+01  2.596969345391D+01  2.597079920657D+01
  2.597193225201D+01  2.597309330988D+01  2.597428256160D+01  2.597550115358D+01
  2.597674929606D+01  2.597802816473D+01  2.597933799960D+01  2.598068000663D+01
  2.598205445661D+01  2.598346258672D+01  2.598490469948D+01  2.598638206426D+01
  2.598789501627D+01  2.598944485803D+01  2.599103195837D+01  2.599265765388D+01
  2.599432234790D+01  2.599602741202D+01  2.599777328498D+01  2.599956137417D+01
  2.600139215456D+01  2.600326707019D+01  2.600518663304D+01  2.600715232449D+01
  2.600916469424D+01  2.601122526172D+01  2.601333461494D+01  2.601549431196D+01
  2.601770497964D+01  2.601996821510D+01  2.602228468448D+01  2.602465602431D+01
  2.602708294028D+01  2.602956710853D+01  2.603210927438D+01  2.603471115362D+01
  2.603737353116D+01  2.604009816225D+01  2.604288587111D+01  2.604573845205D+01
  2.604865676809D+01  2.605164265197D+01  2.605469700470D+01  2.605782169652D+01
  2.606101766532D+01  2.606428681757D+01  2.606763012662D+01  2.607104953352D+01
  2.607454604523D+01  2.607812163533D+01  2.608177734212D+01  2.608551516917D+01
  2.608933618332D+01  2.609324241513D+01  2.609723495663D+01  2.610131586171D+01
  2.610548624368D+01  2.610974817544D+01  2.611410278694D+01  2.611855216510D+01
  2.612309745108D+01  2.612774074000D+01  2.613248317800D+01  2.613732686168D+01
  2.614227293495D+01  2.614732348819D+01  2.615247965486D+01  2.615774351036D+01
  2.616311616829D+01  2.616859967907D+01  2.617419512586D+01  2.617990452280D+01
  2.618572891056D+01  2.619167025425D+01  2.619772953858D+01  2.620390866529D+01
  2.621020854793D+01  2.621663100885D+01  2.622317687346D+01  2.622984786678D+01
  2.623664470714D+01  2.624356900225D+01  2.625062134231D+01  2.625780319552D+01
  2.626511500056D+01  2.627255806149D+01  2.628013263961D+01  2.628783984764D+01
  2.629567974093D+01  2.630365321085D+01  2.631176007529D+01  2.632000097127D+01
  2.632837544464D+01  2.633688384183D+01  2.634552539870D+01  2.635430013143D+01
  2.636320692439D+01  2.637224542015D+01  2.638141410636D+01  2.639071220472D+01
  2.640013775688D+01  2.640968951235D+01  2.641936501329D+01  2.642916248133D+01
  2.643907890123D+01  2.644911190652D+01  2.645925786204D+01  2.646951374831D+01
  2.647987524287D+01  2.649033860343D+01  2.650089874794D+01  2.651155113645D+01
  2.652228984992D+01  2.653310947082D+01  2.654400316056D+01  2.655496453886D+01
  2.656598575987D+01  2.657705939024D+01  2.658817648396D+01  2.659932845917D+01
  2.661050517177D+01  2.662169679099D+01  2.663289187185D+01  2.664407922956D+01
  2.665524601091D+01  2.666637956763D+01  2.667746552681D+01  2.668848966338D+01
  2.669943596968D+01  2.671028852727D+01  2.672102957591D+01  2.673164138481D+01
  2.674210432130D+01  2.675239872190D+01  2.676250296087D+01  2.677239532143D+01
  2.678205206465D+01  2.679144930116D+01  2.680056106077D+01  2.680936116519D+01
  2.681782129888D+01  2.682591288326D+01  2.683360514941D+01  2.684086701441D+01
  2.684766515652D+01  2.685396589431D+01  2.685973326509D+01  2.686493090768D+01
  2.686952014481D+01  2.687346187045D+01  2.687671463713D+01  2.687923654874D+01
  2.688098335379D+01  2.688191034471D+01  2.688197045821D+01  2.688111618209D+01
  2.687929766388D+01  2.687646462651D+01  2.687256448626D+01  2.686754427855D+01
  2.686134878666D+01  2.685392247878D+01  2.684520764876D+01  2.683514636587D+01
  2.682367862878D+01  2.681074432929D+01  2.679628142093D+01  2.678022789782D+01
  2.676251997906D+01  2.674309410388D+01  2.672188513292D+01  2.669882836066D+01
  2.667385773441D+01  2.664690788489D+01  2.661791236355D+01  2.658680569175D+01
  2.655352161684D+01  2.651799518008D+01  2.648016099132D+01  2.643995531546D+01
  2.639731436529D+01  2.635217640557D+01  2.630448006291D+01  2.625416644619D+01
  2.620117747176D+01  2.614545799799D+01  2.608695416334D+01  2.602561553230D+01
  2.596139344298D+01  2.589424316066D+01  2.582412223090D+01  2.575099263598D+01
  2.567481914841D+01  2.559557148486D+01  2.551322265392D+01  2.542775110096D+01
  2.533913904323D+01  2.524737459820D+01  2.515245009796D+01  2.505436419277D+01
  2.495312013601D+01  2.484872785368D+01  2.474120219051D+01  2.463056493552D+01
  2.451684301924D+01  2.440007048512D+01  2.428028662738D+01  2.415753789759D+01
  2.403187597337D+01  2.390335958948D+01  2.377205252600D+01  2.363802535521D+01
  2.350135333991D+01  2.336211808622D+01  2.322040534378D+01  2.307630655672D+01
  2.292991655879D+01  2.278133501658D+01  2.263066401482D+01  2.247800938843D+01
  2.232347819608D+01  2.216717994094D+01  2.200922393455D+01  2.184972041066D+01
  2.168877778649D+01  2.152650368031D+01  2.136300208465D+01  2.119837430687D+01
  2.103271607945D+01  2.086611845564D+01  2.069866489751D+01  2.053043217758D+01
  2.036148750803D+01  2.019188952672D+01  2.002168556357D+01  1.985091282740D+01
  1.967959594917D+01  1.950774853474D+01  1.933537117617D+01  1.916245358669D+01
  1.898897331701D+01  1.881489872078D+01  1.864018862002D+01  1.846479631785D+01
  1.828867037056D+01  1.811175970632D+01  1.793401541833D+01  1.775539671396D+01
  1.757587322620D+01  1.739543104493D+01  1.721407456602D+01  1.703183144639D+01
  1.684875275413D+01  1.666491567090D+01  1.648042098655D+01  1.629539296456D+01
  1.610997408123D+01  1.592432248358D+01  1.573860489494D+01  1.555299296453D+01
  1.536765584681D+01  1.518275696941D+01  1.499844765919D+01  1.481486541950D+01
  1.463212934231D+01  1.445034027201D+01  1.426957805484D+01  1.408990338016D+01
  1.391135647689D+01  1.373396013671D+01  1.355771932157D+01  1.338262484236D+01
  1.320865339349D+01  1.303577146428D+01  1.286393544681D+01  1.269309549520D+01
  1.252319548570D+01  1.235417665841D+01  1.218597731154D+01  1.201853614614D+01
  1.185179164554D+01  1.168568509804D+01  1.152015965476D+01  1.135516303712D+01
  1.119064628985D+01  1.102656619705D+01  1.086288375915D+01  1.069956634962D+01
  1.053658594986D+01  1.037392108139D+01  1.021155483382D+01  1.004947660703D+01
  9.887679965667D+00  9.726164223191D+00  9.564932152741D+00  9.403991440389D+00
  9.243352276707D+00  9.083028700151D+00  8.923036086486D+00  8.763392395076D+00
  8.604115564356D+00  8.445224664146D+00  8.286737195103D+00  8.128670139648D+00
  7.971037152843D+00  7.813849494506D+00  7.657113090846D+00  7.500829323181D+00
  7.344991935073D+00  7.189587695305D+00  7.034592995616D+00  6.879974524234D+00
  6.725685560196D+00
Vac0 POTENTIAL                      exc: Vosko,Wilk,Nusair      
  2.37798540  6.82500000  2.34921590
   0.00000
   2.59633   0.7247654027   0.8163258160
353
 0.25000000D-01 0.39141124D-03
 0 1
  7.465637731312D-01  7.465408715930D-01  7.465165497872D-01  7.465096579465D-01
  7.465056726269D-01  7.465041423506D-01  7.465027516777D-01  7.465028930586D-01
  7.465027822973D-01  7.465040204601D-01  7.465049230836D-01  7.465071465014D-01
  7.465090410666D-01  7.465122878157D-01  7.465152566288D-01  7.465196455730D-01
  7.465238406381D-01  7.465295560148D-01  7.465351946306D-01  7.465424889480D-01
  7.465498620330D-01  7.465590688645D-01  7.465685578915D-01  7.465801129258D-01
  7.465922153208D-01  7.466066865736D-01  7.466220513163D-01  7.466401808550D-01
  7.466596572489D-01  7.466824181516D-01  7.467071223848D-01  7.467357964873D-01
  7.467672023758D-01  7.468034863061D-01  7.468435493483D-01  7.468896996360D-01
  7.469410251243D-01  7.469999675895D-01  7.470598838750D-01  7.470846893396D-01
  7.470575919389D-01  7.470327337649D-01  7.470083532980D-01  7.469860184910D-01
  7.469639856774D-01  7.469438386461D-01  7.469238478099D-01  7.469056095331D-01
  7.468874054737D-01  7.468708420679D-01  7.468542100311D-01  7.468391239569D-01
  7.468238819234D-01  7.468101051839D-01  7.467960978513D-01  7.467834866543D-01
  7.467705806972D-01  7.467590112485D-01  7.467470915565D-01  7.467364566836D-01
  7.467254233479D-01  7.467156297976D-01  7.467053956698D-01  7.466963619052D-01
  7.466868506195D-01  7.466785050391D-01  7.466696493859D-01  7.466619288385D-01
  7.466536694255D-01  7.466465179959D-01  7.466388021351D-01  7.466321701307D-01
  7.466249509094D-01  7.466187940087D-01  7.466120295157D-01  7.466063080529D-01
  7.465999607176D-01  7.465946390820D-01  7.465886751211D-01  7.465837212358D-01
  7.465781101802D-01  7.465734950737D-01  7.465682093551D-01  7.465639067827D-01
  7.465589213931D-01  7.465549075098D-01  7.465501996987D-01  7.465464527816D-01
  7.465420017942D-01  7.465385019996D-01  7.465342888510D-01  7.465310180026D-01
  7.465270252779D-01  7.465239666810D-01  7.465201783634D-01  7.465173166404D-01
  7.465137179565D-01  7.465110389044D-01  7.465076161892D-01  7.465051066493D-01
  7.465018472239D-01  7.464994949716D-01  7.464963870369D-01  7.464941806742D-01
  7.464912132128D-01  7.464891420795D-01  7.464863047680D-01  7.464843588586D-01
  7.464816419873D-01  7.464798118717D-01  7.464772062738D-01  7.464754830289D-01
  7.464729800105D-01  7.464713551564D-01  7.464689464352D-01  7.464674118724D-01
  7.464650895188D-01  7.464636374736D-01  7.464613938550D-01  7.464600168236D-01
  7.464578445518D-01  7.464565352491D-01  7.464544271293D-01  7.464531784379D-01
  7.464511274190D-01  7.464499323413D-01  7.464479314661D-01  7.464467830739D-01
  7.464448254317D-01  7.464437168184D-01  7.464417954945D-01  7.464407197254D-01
  7.464388277520D-01  7.464377778138D-01  7.464359081191D-01  7.464348768684D-01
  7.464330222234D-01  7.464320023318D-01  7.464301552953D-01  7.464291391937D-01
  7.464272920538D-01  7.464262718727D-01  7.464244165859D-01  7.464233840911D-01
  7.464215122163D-01  7.464204587421D-01  7.464185613705D-01  7.464174777466D-01
  7.464155454266D-01  7.464144218993D-01  7.464124445543D-01  7.464112707024D-01
  7.464092375427D-01  7.464080021843D-01  7.464059016109D-01  7.464045927034D-01
  7.464024122033D-01  7.464010167341D-01  7.463987427651D-01  7.463972466313D-01
  7.463948644970D-01  7.463932523745D-01  7.463907460867D-01  7.463890012856D-01
  7.463863534136D-01  7.463844577205D-01  7.463816492246D-01  7.463795827287D-01
  7.463765927788D-01  7.463743336800D-01  7.463711394538D-01  7.463686638526D-01
  7.463652403153D-01  7.463625219804D-01  7.463588416402D-01  7.463558517524D-01
  7.463518843924D-01  7.463485912629D-01  7.463443036446D-01  7.463406724034D-01
  7.463360279394D-01  7.463320201919D-01  7.463269785855D-01  7.463225520332D-01
  7.463170688797D-01  7.463121769020D-01  7.463062032491D-01  7.463007944405D-01
  7.462942763026D-01  7.462882939632D-01  7.462811717848D-01  7.462745533559D-01
  7.462667614195D-01  7.462594378611D-01  7.462509036325D-01  7.462427987355D-01
  7.462334421408D-01  7.462244717669D-01  7.462142043936D-01  7.462042756357D-01
  7.461929998502D-01  7.461820101046D-01  7.461696180769D-01  7.461574540178D-01
  7.461438266435D-01  7.461303630906D-01  7.461153688003D-01  7.461004674661D-01
  7.460839609088D-01  7.460674690156D-01  7.460492896045D-01  7.460310383547D-01
  7.460110086593D-01  7.459908115455D-01  7.459687355149D-01  7.459463864520D-01
  7.459220474510D-01  7.458973187114D-01  7.458704773499D-01  7.458431172817D-01
  7.458135090153D-01  7.457832395192D-01  7.457505719973D-01  7.457170857388D-01
  7.456810358729D-01  7.456439931996D-01  7.456042039223D-01  7.455632294570D-01
  7.455193061396D-01  7.454739850129D-01  7.454254915049D-01  7.453753651910D-01
  7.453218194413D-01  7.452663811540D-01  7.452072503694D-01  7.451459399716D-01
  7.450806352646D-01  7.450128336397D-01  7.449407041094D-01  7.448657269374D-01
  7.447860531254D-01  7.447031440009D-01  7.446151306529D-01  7.445234534735D-01
  7.444262215358D-01  7.443248520844D-01  7.442174298506D-01  7.441053464848D-01
  7.439866598030D-01  7.438627331557D-01  7.437315945963D-01  7.435945761811D-01
  7.434496730516D-01  7.432981826564D-01  7.431380637397D-01  7.429705754763D-01
  7.427936363549D-01  7.426084632188D-01  7.424129300312D-01  7.422082068109D-01
  7.419921182683D-01  7.417657826231D-01  7.415269700973D-01  7.412767416021D-01
  7.410128070716D-01  7.407361640048D-01  7.404444556222D-01  7.401386092462D-01
  7.398161942609D-01  7.394780603131D-01  7.391216950526D-01  7.387478621333D-01
  7.383539587087D-01  7.379406532099D-01  7.375052425686D-01  7.370482897449D-01
  7.365669806465D-01  7.360617613756D-01  7.355296948078D-01  7.349710975254D-01
  7.343828960126D-01  7.337652632366D-01  7.331149744120D-01  7.324320431832D-01
  7.317130769035D-01  7.309579123660D-01  7.301629705333D-01  7.293278917551D-01
  7.284488898732D-01  7.275253868529D-01  7.265533661751D-01  7.255320067940D-01
  7.244570357114D-01  7.233273611559D-01  7.221384242132D-01  7.208888311000D-01
  7.195737036976D-01  7.181913107648D-01  7.167364171896D-01  7.152069139487D-01
  7.135971658485D-01  7.119046399934D-01  7.101232517325D-01  7.082499913392D-01
  7.062782678098D-01  7.042045333797D-01  7.020216247315D-01  6.997253848742D-01
  6.973080012026D-01  6.947646241396D-01  6.920867013419D-01  6.892685923418D-01
  6.863008980063D-01  6.831770702053D-01  6.798867353900D-01  6.764222980475D-01
  6.727722569549D-01  6.689278008363D-01  6.648761154559D-01  6.606069694522D-01
  6.561060099270D-01  6.513613358674D-01  6.463567792381D-01  6.410784626733D-01
  6.355080622458D-01  6.296293451714D-01  6.234214093505D-01  6.168651956124D-01
  6.099366977292D-01  6.026134421531D-01  5.948676603937D-01  5.866727271527D-01
  5.779962846101D-01  5.688066272067D-01  5.590657643470D-01  5.487357366515D-01
  5.377715996790D-01  5.261276520802D-01  5.137503179828D-01  5.005842619494D-01
  4.865651415009D-01  4.716255770157D-01  4.556877384490D-01  4.386691304628D-01
  4.204749690842D-01  4.010037332040D-01  3.801392821564D-01  3.577561125084D-01
  3.337111557899D-01  3.078488281247D-01  2.799919904754D-01  2.499471731807D-01
  2.174948358552D-01
Vac0 POTENTIAL                      exc: Vosko,Wilk,Nusair      
  1.80145647  6.82500000  1.81203139
   0.00000
   2.10533   0.7247654027   0.8163258160
353
 0.25000000D-01 0.31739093D-03
 0 1
  5.566125033582D-01  5.565767082435D-01  5.565396302893D-01  5.565284017848D-01
  5.565221603213D-01  5.565184421777D-01  5.565155018816D-01  5.565136611089D-01
  5.565119649730D-01  5.565110402537D-01  5.565100739456D-01  5.565097678128D-01
  5.565093522924D-01  5.565095565846D-01  5.565096295713D-01  5.565103137089D-01
  5.565108680624D-01  5.565120434172D-01  5.565131060027D-01  5.565148131280D-01
  5.565164373244D-01  5.565187421729D-01  5.565210066509D-01  5.565240011650D-01
  5.565270120468D-01  5.565308177446D-01  5.565347134746D-01  5.565394875625D-01
  5.565444463150D-01  5.565503905383D-01  5.565566406483D-01  5.565640134484D-01
  5.565718475283D-01  5.565809803915D-01  5.565907742396D-01  5.566020935649D-01
  5.566143312112D-01  5.566283723818D-01  5.566423632131D-01  5.566471244237D-01
  5.566391166928D-01  5.566318930551D-01  5.566246799537D-01  5.566181944565D-01
  5.566116681946D-01  5.566058228570D-01  5.565998941783D-01  5.565946075034D-01
  5.565892018446D-01  5.565844054831D-01  5.565794600718D-01  5.565750962723D-01
  5.565705578848D-01  5.565665775123D-01  5.565624007149D-01  5.565587616930D-01
  5.565549074628D-01  5.565515735531D-01  5.565480081876D-01  5.565449479995D-01
  5.565416422302D-01  5.565388284430D-01  5.565357567251D-01  5.565331654318D-01
  5.565303053754D-01  5.565279155733D-01  5.565252474554D-01  5.565230406088D-01
  5.565205469905D-01  5.565185066741D-01  5.565161720710D-01  5.565142836786D-01
  5.565120942952D-01  5.565103447798D-01  5.565082882747D-01  5.565066659542D-01
  5.565047312520D-01  5.565032256181D-01  5.565014027451D-01  5.565000043235D-01
  5.564982842675D-01  5.564969844800D-01  5.564953590737D-01  5.564941501337D-01
  5.564926119476D-01  5.564914867629D-01  5.564900290176D-01  5.564889811059D-01
  5.564875975996D-01  5.564866210187D-01  5.564853060535D-01  5.564843953351D-01
  5.564831436599D-01  5.564822937555D-01  5.564811005139D-01  5.564803067483D-01
  5.564791674303D-01  5.564784254530D-01  5.564773358579D-01  5.564766416041D-01
  5.564755977982D-01  5.564749474574D-01  5.564739457426D-01  5.564733357219D-01
  5.564723726044D-01  5.564717995027D-01  5.564708716650D-01  5.564703322418D-01
  5.564694365160D-01  5.564689276698D-01  5.564680610135D-01  5.564675797543D-01
  5.564667392264D-01  5.564662826563D-01  5.564654653954D-01  5.564650306844D-01
  5.564642338868D-01  5.564638182526D-01  5.564630391522D-01  5.564626398390D-01
  5.564618756847D-01  5.564614899422D-01  5.564607379789D-01  5.564603630415D-01
  5.564596204880D-01  5.564592535535D-01  5.564585175815D-01  5.564581557892D-01
  5.564574235002D-01  5.564570639084D-01  5.564563323112D-01  5.564559718733D-01
  5.564552378598D-01  5.564548733997D-01  5.564541337189D-01  5.564537619033D-01
  5.564530131335D-01  5.564526304459D-01  5.564518689666D-01  5.564514716743D-01
  5.564506936335D-01  5.564502777571D-01  5.564494790383D-01  5.564490403143D-01
  5.564482164983D-01  5.564477503424D-01  5.564468966688D-01  5.564463981329D-01
  5.564455094549D-01  5.564449731820D-01  5.564440439193D-01  5.564434640928D-01
  5.564424881794D-01  5.564418584693D-01  5.564408292955D-01  5.564401427971D-01
  5.564390531474D-01  5.564383023162D-01  5.564371442991D-01  5.564363208781D-01
  5.564350858502D-01  5.564341807893D-01  5.564328592724D-01  5.564318626411D-01
  5.564304442283D-01  5.564293451184D-01  5.564278183733D-01  5.564266047922D-01
  5.564249571364D-01  5.564236158888D-01  5.564218334781D-01  5.564203500367D-01
  5.564184176241D-01  5.564167759848D-01  5.564146767703D-01  5.564128592951D-01
  5.564105747585D-01  5.564085619996D-01  5.564060717172D-01  5.564038422241D-01
  5.564011236655D-01  5.563986537716D-01  5.563956820752D-01  5.563929456622D-01
  5.563896933877D-01  5.563866616250D-01  5.563830984797D-01  5.563797395371D-01
  5.563758320737D-01  5.563721108031D-01  5.563678220854D-01  5.563636996702D-01
  5.563589889039D-01  5.563544224705D-01  5.563492445957D-01  5.563441867850D-01
  5.563384920250D-01  5.563328905185D-01  5.563266238820D-01  5.563204208779D-01
  5.563135216083D-01  5.563066532431D-01  5.562990542100D-01  5.562914499185D-01
  5.562830769454D-01  5.562746587540D-01  5.562654298747D-01  5.562561116198D-01
  5.562459362574D-01  5.562356227215D-01  5.562244007797D-01  5.562129867370D-01
  5.562006075968D-01  5.561879767576D-01  5.561743181672D-01  5.561603420115D-01
  5.561452688600D-01  5.561298053473D-01  5.561131683087D-01  5.560960604528D-01
  5.560776944868D-01  5.560587687792D-01  5.560384914736D-01  5.560175561408D-01
  5.559951658795D-01  5.559720089562D-01  5.559472828926D-01  5.559216700912D-01
  5.558943619081D-01  5.558660342631D-01  5.558358716953D-01  5.558045429575D-01
  5.557712250523D-01  5.557365788082D-01  5.556997728953D-01  5.556614593808D-01
  5.556207977214D-01  5.555784302969D-01  5.555335063770D-01  5.554866576295D-01
  5.554370220594D-01  5.553852194893D-01  5.553303754671D-01  5.552730967166D-01
  5.552124950096D-01  5.551491625829D-01  5.550821959724D-01  5.550121713926D-01
  5.549381685277D-01  5.548607458695D-01  5.547789644622D-01  5.546933631931D-01
  5.546029824856D-01  5.545083395390D-01  5.544084519626D-01  5.543038129598D-01
  5.541934148970D-01  5.540777244246D-01  5.539557059748D-01  5.538277968124D-01
  5.536929304526D-01  5.535515116347D-01  5.534024396509D-01  5.532460832334D-01
  5.530813037852D-01  5.529084301703D-01  5.527262818349D-01  5.525351434912D-01
  5.523337881151D-01  5.521224515110D-01  5.518998551732D-01  5.516661807172D-01
  5.514200925888D-01  5.511617123460D-01  5.508896411985D-01  5.506039341223D-01
  5.503031222089D-01  5.499871865930D-01  5.496545805886D-01  5.493052034063D-01
  5.489374220504D-01  5.485510448006D-01  5.481443428395D-01  5.477170234686D-01
  5.472672514336D-01  5.467946218395D-01  5.462971811345D-01  5.457743996855D-01
  5.452241923753D-01  5.446458907930D-01  5.440372633928D-01  5.433974872459D-01
  5.427241677003D-01  5.420163096326D-01  5.412713365388D-01  5.404880612124D-01
  5.396637041835D-01  5.387968637379D-01  5.378845336062D-01  5.369250722219D-01
  5.359152195443D-01  5.348530654340D-01  5.337350654711D-01  5.325590083009D-01
  5.313210302803D-01  5.300185816170D-01  5.286474396422D-01  5.272046735272D-01
  5.256856559364D-01  5.240870260563D-01  5.224036993281D-01  5.206318284636D-01
  5.187658108840D-01  5.168012473191D-01  5.147319464921D-01  5.125528807969D-01
  5.102571876532D-01  5.078391216310D-01  5.052910517529D-01  5.026064092701D-01
  4.997766800021D-01  4.967943467545D-01  4.936498755440D-01  4.903346513760D-01
  4.868379568863D-01  4.831498998416D-01  4.792583823230D-01  4.751520178476D-01
  4.708170886887D-01  4.662404499143D-01  4.614064717429D-01  4.562999270042D-01
  4.509029145201D-01  4.451977254522D-01  4.391637425002D-01  4.327802792296D-01
  4.260234482974D-01  4.188689660389D-01  4.112889808368D-01  4.032548328409D-01
  3.947338308196D-01  3.856919536972D-01  3.760905605405D-01  3.658890164015D-01
  3.550413152396D-01  3.434986066001D-01  3.312057068365D-01  3.181034933360D-01
  3.041252667745D-01  2.891990825980D-01  2.732435538838D-01  2.561704570792D-01
  2.378799761736D-01
