In49 POTENTIAL                      exc: Vosko,Wilk,Nusair      
  2.20033126  6.33750000  2.17664358
  49.00000
   2.40560   0.9811931867   0.9240466115
353
 0.25000000D-01 0.36265835D-03
 9 1
    0  -1.96656160000D+03
    0  -2.87428550000D+02
    0  -5.37136240000D+01
    0  -7.39818510000D+00
    1  -2.68528840000D+02
    1  -4.59639090000D+01
    1  -4.86454470000D+00
    2  -3.15522220000D+01
    2  -7.38539920000D-01
  4.726906034827D+02  4.727162941423D+02  4.727425734446D+02  4.727694480747D+02
  4.727969265356D+02  4.728250225763D+02  4.728537456553D+02  4.728831096571D+02
  4.729131242939D+02  4.729438036185D+02  4.729751575330D+02  4.730072002289D+02
  4.730399417527D+02  4.730733964003D+02  4.731075743180D+02  4.731424898650D+02
  4.731781532381D+02  4.732145788111D+02  4.732517767762D+02  4.732897614652D+02
  4.733285430031D+02  4.733681356146D+02  4.734085492868D+02  4.734497980626D+02
  4.734918917110D+02  4.735348440090D+02  4.735786644166D+02  4.736233663493D+02
  4.736689588563D+02  4.737154548839D+02  4.737628629558D+02  4.738111954285D+02
  4.738604601719D+02  4.739106688173D+02  4.739618284378D+02  4.740139497882D+02
  4.740670389854D+02  4.741211057399D+02  4.741761550348D+02  4.742321953499D+02
  4.742892303464D+02  4.743472670579D+02  4.744063075894D+02  4.744663573177D+02
  4.745274165603D+02  4.745894887766D+02  4.746525722329D+02  4.747166681943D+02
  4.747817725857D+02  4.748478841748D+02  4.749149962269D+02  4.749831046799D+02
  4.750521997924D+02  4.751222743093D+02  4.751933151036D+02  4.752653113318D+02
  4.753382460687D+02  4.754121044526D+02  4.754868653122D+02  4.755625093019D+02
  4.756390105195D+02  4.757163446311D+02  4.757944804803D+02  4.758733882014D+02
  4.759530308195D+02  4.760333723528D+02  4.761143694024D+02  4.761959792432D+02
  4.762781514038D+02  4.763608357459D+02  4.764439740337D+02  4.765275080016D+02
  4.766113709135D+02  4.766954956187D+02  4.767798061009D+02  4.768642255230D+02
  4.769486677657D+02  4.770330454616D+02  4.771172615240D+02  4.772012171707D+02
  4.772848034437D+02  4.773679092238D+02  4.774504127419D+02  4.775321895851D+02
  4.776131042017D+02  4.776930178998D+02  4.777717803474D+02  4.778492375655D+02
  4.779252234253D+02  4.779995676380D+02  4.780720872511D+02  4.781425946385D+02
  4.782108889980D+02  4.782767643445D+02  4.783400010133D+02  4.784003736596D+02
  4.784576427709D+02  4.785115626779D+02  4.785618730805D+02  4.786083070747D+02
  4.786505826978D+02  4.786884109766D+02  4.787214874977D+02  4.787495004835D+02
  4.787721223943D+02  4.787890180384D+02  4.787998362136D+02  4.788042178600D+02
  4.788017877474D+02  4.787921626791D+02  4.787749432350D+02  4.787497220345D+02
  4.787160755442D+02  4.786735724094D+02  4.786217653358D+02  4.785601994999D+02
  4.784884045136D+02  4.784059029235D+02  4.783122022689D+02  4.782068036787D+02
  4.780891940331D+02  4.779588546677D+02  4.778152536469D+02  4.776578545844D+02
  4.774861090369D+02  4.772994654475D+02  4.770973616665D+02  4.768792340238D+02
  4.766445099812D+02  4.763926173372D+02  4.761229770124D+02  4.758350123874D+02
  4.755281422201D+02  4.752017901128D+02  4.748553775558D+02  4.744883335165D+02
  4.741000875981D+02  4.736900797367D+02  4.732577534599D+02  4.728025656719D+02
  4.723239799878D+02  4.718214765807D+02  4.712945455611D+02  4.707426968504D+02
  4.701654535667D+02  4.695623618814D+02  4.689329843634D+02  4.682769097662D+02
  4.675937462738D+02  4.668831311569D+02  4.661447238537D+02  4.653782154262D+02
  4.645833214017D+02  4.637597909503D+02  4.629073994079D+02  4.620259570912D+02
  4.611153014161D+02  4.601753052664D+02  4.592058686221D+02  4.582069263970D+02
  4.571784394988D+02  4.561204020613D+02  4.550328318684D+02  4.539157769239D+02
  4.527693052031D+02  4.515935105306D+02  4.503885016443D+02  4.491544074133D+02
  4.478913652643D+02  4.465995258176D+02  4.452790408039D+02  4.439300672890D+02
  4.425527553048D+02  4.411472519427D+02  4.397136890413D+02  4.382521875567D+02
  4.367628457822D+02  4.352457445357D+02  4.337009365110D+02  4.321284529325D+02
  4.305282947187D+02  4.289004412912D+02  4.272448442101D+02  4.255614387245D+02
  4.238501403424D+02  4.221108593984D+02  4.203435005830D+02  4.185479802359D+02
  4.167242281670D+02  4.148722065937D+02  4.129919127421D+02  4.110833975096D+02
  4.091467665880D+02  4.071821963680D+02  4.051899310401D+02  4.031702933337D+02
  4.011236755422D+02  3.990505436119D+02  3.969514213557D+02  3.948268880260D+02
  3.926775567665D+02  3.905040675882D+02  3.883070627144D+02  3.860871781503D+02
  3.838450193965D+02  3.815811551055D+02  3.792960964253D+02  3.769902955603D+02
  3.746641309640D+02  3.723179123325D+02  3.699518724584D+02  3.675661787796D+02
  3.651609313919D+02  3.627361801250D+02  3.602919272660D+02  3.578281484032D+02
  3.553447978961D+02  3.528418314091D+02  3.503192120132D+02  3.477769323227D+02
  3.452150192234D+02  3.426335537292D+02  3.400326725989D+02  3.374125843659D+02
  3.347735665135D+02  3.321159765571D+02  3.294402439200D+02  3.267468755006D+02
  3.240364419844D+02  3.213095779787D+02  3.185669632212D+02  3.158093181642D+02
  3.130373813905D+02  3.102519024666D+02  3.074536179172D+02  3.046432441440D+02
  3.018214552571D+02  2.989888797808D+02  2.961460842872D+02  2.932935778537D+02
  2.904318051404D+02  2.875611614751D+02  2.846819969630D+02  2.817946419506D+02
  2.788994196035D+02  2.759966765958D+02  2.730867964906D+02  2.701702260325D+02
  2.672474788171D+02  2.643191472775D+02  2.613858890203D+02  2.584484206769D+02
  2.555074878254D+02  2.525638464963D+02  2.496182265524D+02  2.466713132695D+02
  2.437237172237D+02  2.407759677445D+02  2.378284983866D+02  2.348816577686D+02
  2.319357123863D+02  2.289908731933D+02  2.260473114098D+02  2.231051946499D+02
  2.201647084977D+02  2.172260946638D+02  2.142896710732D+02  2.113558653830D+02
  2.084252277969D+02  2.054984551604D+02  2.025763927325D+02  1.996600461271D+02
  1.967505702485D+02  1.938492682593D+02  1.909575677453D+02  1.880770074943D+02
  1.852092024919D+02  1.823558208041D+02  1.795185403614D+02  1.766990196183D+02
  1.738988504950D+02  1.711195279858D+02  1.683624053503D+02  1.656286698430D+02
  1.629193085599D+02  1.602350999990D+02  1.575766014052D+02  1.549441674887D+02
  1.523379696673D+02  1.497580490047D+02  1.472043676817D+02  1.446768859861D+02
  1.421756225872D+02  1.397007191649D+02  1.372524651895D+02  1.348313080810D+02
  1.324378149969D+02  1.300726254631D+02  1.277363739194D+02  1.254296286302D+02
  1.231528258126D+02  1.209062390076D+02  1.186899531966D+02  1.165038747548D+02
  1.143477403662D+02  1.122211527298D+02  1.101236055450D+02  1.080545266242D+02
  1.060133034349D+02  1.039993218399D+02  1.020119841335D+02  1.000507384812D+02
  9.811508696281D+01  9.620460506398D+01  9.431894025824D+01  9.245782292157D+01
  9.062105736198D+01  8.880852630869D+01  8.702017666659D+01  8.525601985702D+01
  8.351611449378D+01  8.180056463277D+01  8.010950124847D+01  7.844308006623D+01
  7.680146329406D+01  7.518481826699D+01  7.359330044188D+01  7.202705364800D+01
  7.048619494172D+01  6.897081688127D+01  6.748097450476D+01  6.601668976316D+01
  6.457794065396D+01  6.316466776906D+01  6.177676549071D+01  6.041409052887D+01
  5.907645503325D+01  5.776363694950D+01  5.647537483268D+01  5.521137972228D+01
  5.397133121487D+01  5.275489020786D+01  5.156169532173D+01  5.039137533157D+01
  4.924354454598D+01  4.811781346286D+01  4.701378178673D+01  4.593104636148D+01
  4.486919144732D+01  4.382779434960D+01  4.280641325692D+01  4.180459243644D+01
  4.082184896989D+01
N_07 POTENTIAL                      exc: Vosko,Wilk,Nusair      
  1.68057905  6.33750000  1.68945972
   7.00000
   1.96292   0.9811931867   0.9240466115
353
 0.25000000D-01 0.29592158D-03
 2 1
    0  -2.69998930000D+01
    0  -4.29582100000D-01
  2.622127578804D+01  2.622164794727D+01  2.622202910524D+01  2.622244507101D+01
  2.622287634240D+01  2.622332082192D+01  2.622377719490D+01  2.622424597413D+01
  2.622472659920D+01  2.622521988219D+01  2.622572540853D+01  2.622624407329D+01
  2.622677551568D+01  2.622732066946D+01  2.622787920433D+01  2.622845207978D+01
  2.622903898840D+01  2.622964091088D+01  2.623025755997D+01  2.623088993595D+01
  2.623153777082D+01  2.623220208400D+01  2.623288262668D+01  2.623358043752D+01
  2.623429528717D+01  2.623502823399D+01  2.623577906859D+01  2.623654886959D+01
  2.623733744820D+01  2.623814590398D+01  2.623897406947D+01  2.623982306595D+01
  2.624069274805D+01  2.624158425955D+01  2.624249747803D+01  2.624343357062D+01
  2.624439243870D+01  2.624537527364D+01  2.624638200168D+01  2.624741384369D+01
  2.624847113261D+01  2.624955471833D+01  2.625066457932D+01  2.625180198537D+01
  2.625296694236D+01  2.625416074798D+01  2.625538343650D+01  2.625663633447D+01
  2.625791950551D+01  2.625923430604D+01  2.626058082999D+01  2.626196046459D+01
  2.626337333509D+01  2.626482086049D+01  2.626630319831D+01  2.626782180028D+01
  2.626937685713D+01  2.627096985428D+01  2.627260101657D+01  2.627427186398D+01
  2.627598265640D+01  2.627773494926D+01  2.627952903829D+01  2.628136651522D+01
  2.628324771244D+01  2.628517425871D+01  2.628714652383D+01  2.628916617430D+01
  2.629123361797D+01  2.629335055969D+01  2.629551744595D+01  2.629773602045D+01
  2.630000676875D+01  2.630233147384D+01  2.630471066066D+01  2.630714615173D+01
  2.630963851159D+01  2.631218960235D+01  2.631480002816D+01  2.631747169067D+01
  2.632020523343D+01  2.632300259731D+01  2.632586446487D+01  2.632879281568D+01
  2.633178837059D+01  2.633485314707D+01  2.633798790332D+01  2.634119469355D+01
  2.634447431203D+01  2.634782884822D+01  2.635125913080D+01  2.635476728261D+01
  2.635835416461D+01  2.636202193072D+01  2.636577147161D+01  2.636960496945D+01
  2.637352334154D+01  2.637752879490D+01  2.638162226978D+01  2.638580599403D+01
  2.639008092650D+01  2.639444931120D+01  2.639891212046D+01  2.640347160897D+01
  2.640812875670D+01  2.641288582266D+01  2.641774378764D+01  2.642270490772D+01
  2.642777015672D+01  2.643294177946D+01  2.643822073392D+01  2.644360924419D+01
  2.644910824229D+01  2.645471992083D+01  2.646044517450D+01  2.646628615229D+01
  2.647224369866D+01  2.647831990535D+01  2.648451555210D+01  2.649083265811D+01
  2.649727192220D+01  2.650383527388D+01  2.651052331297D+01  2.651733786016D+01
  2.652427939613D+01  2.653134961150D+01  2.653854884541D+01  2.654587863483D+01
  2.655333915254D+01  2.656093175577D+01  2.656865642352D+01  2.657651430446D+01
  2.658450515355D+01  2.659262987920D+01  2.660088797906D+01  2.660928008639D+01
  2.661780540505D+01  2.662646425494D+01  2.663525550612D+01  2.664417912337D+01
  2.665323359931D+01  2.666241849800D+01  2.667173188708D+01  2.668117288028D+01
  2.669073906855D+01  2.670042906150D+01  2.671023991734D+01  2.672016968327D+01
  2.673021482423D+01  2.674037276206D+01  2.675063930313D+01  2.676101117622D+01
  2.677148345890D+01  2.678205211420D+01  2.679271141569D+01  2.680345648286D+01
  2.681428070491D+01  2.682517827485D+01  2.683614161200D+01  2.684716389477D+01
  2.685823648187D+01  2.686935144385D+01  2.688049898304D+01  2.689166996380D+01
  2.690285333133D+01  2.691403864074D+01  2.692521347466D+01  2.693636597128D+01
  2.694748224096D+01  2.695854889329D+01  2.696955045278D+01  2.698047188521D+01
  2.699129601260D+01  2.700200603891D+01  2.701258296465D+01  2.702300811217D+01
  2.703326054012D+01  2.704331956873D+01  2.705316219437D+01  2.706276561525D+01
  2.707210464652D+01  2.708115424670D+01  2.708988693384D+01  2.709827531325D+01
  2.710628949521D+01  2.711389962459D+01  2.712107330073D+01  2.712777810958D+01
  2.713397904650D+01  2.713964105172D+01  2.714472643674D+01  2.714919742393D+01
  2.715301357755D+01  2.715613434836D+01  2.715851651013D+01  2.716011671032D+01
  2.716088891322D+01  2.716078695771D+01  2.715976200811D+01  2.715776512026D+01
  2.715474470128D+01  2.715064908517D+01  2.714542400271D+01  2.713901516787D+01
  2.713136575920D+01  2.712241901826D+01  2.711211574379D+01  2.710039690357D+01
  2.708720114256D+01  2.707246740941D+01  2.705613247989D+01  2.703813359921D+01
  2.701840602180D+01  2.699688567051D+01  2.697350669377D+01  2.694820414250D+01
  2.692091154534D+01  2.689156360397D+01  2.686009378687D+01  2.682643704331D+01
  2.679052741574D+01  2.675230077240D+01  2.671169243803D+01  2.666863994441D+01
  2.662308067859D+01  2.657495465029D+01  2.652420215609D+01  2.647076656185D+01
  2.641459198080D+01  2.635562606840D+01  2.629381771137D+01  2.622911983164D+01
  2.616148708247D+01  2.609087865739D+01  2.601725598859D+01  2.594058555562D+01
  2.586083658062D+01  2.577798383047D+01  2.569200530222D+01  2.560288501176D+01
  2.551061066182D+01  2.541517640913D+01  2.531658050659D+01  2.521482804008D+01
  2.510992853560D+01  2.500189865616D+01  2.489075976400D+01  2.477654056750D+01
  2.465927462828D+01  2.453900294764D+01  2.441577140781D+01  2.428963328827D+01
  2.416064663049D+01  2.402887667290D+01  2.389439313053D+01  2.375727253931D+01
  2.361759544098D+01  2.347544862869D+01  2.333092222967D+01  2.318411184548D+01
  2.303511552682D+01  2.288403580412D+01  2.273097655158D+01  2.257604490674D+01
  2.241934802438D+01  2.226099488788D+01  2.210109295832D+01  2.193974988609D+01
  2.177707006713D+01  2.161315627108D+01  2.144810612612D+01  2.128201369121D+01
  2.111496590469D+01  2.094704414480D+01  2.077832069722D+01  2.060886037218D+01
  2.043871707477D+01  2.026793558078D+01  2.009654833278D+01  1.992457752089D+01
  1.975203227554D+01  1.957891124884D+01  1.940520042201D+01  1.923087642161D+01
  1.905590518067D+01  1.888024621600D+01  1.870385233106D+01  1.852667497050D+01
  1.834866496905D+01  1.816977883207D+01  1.798998018255D+01  1.780924639381D+01
  1.762756992820D+01  1.744496430966D+01  1.726146420345D+01  1.707712954888D+01
  1.689204331188D+01  1.670631297273D+01  1.652006554323D+01  1.633344648481D+01
  1.614661256625D+01  1.595972922770D+01  1.577296260585D+01  1.558647681305D+01
  1.540042656384D+01  1.521495561478D+01  1.503019094446D+01  1.484624296352D+01
  1.466320151848D+01  1.448113784682D+01  1.430010215138D+01  1.412012689341D+01
  1.394122544686D+01  1.376339621341D+01  1.358662185789D+01  1.341087379215D+01
  1.323611159930D+01  1.306228756021D+01  1.288934600526D+01  1.271722768144D+01
  1.254586888138D+01  1.237520554406D+01  1.220517208947D+01  1.203570520940D+01
  1.186674238583D+01  1.169822536641D+01  1.153009837336D+01  1.136231127933D+01
  1.119481752879D+01  1.102757704000D+01  1.086055386734D+01  1.069371885909D+01
  1.052704709027D+01  1.036052030514D+01  1.019412414817D+01  1.002785041654D+01
  9.861694111808D+00  9.695655521678D+00  9.529737107750D+00  9.363945427496D+00
  9.198287864321D+00  9.032774390695D+00  8.867414136224D+00  8.702216982353D+00
  8.537189954120D+00  8.372338628012D+00  8.207663327775D+00  8.043160323622D+00
  7.878817814045D+00  7.714616971688D+00  7.550527494797D+00  7.386508763907D+00
  7.222505008740D+00
Vac0 POTENTIAL                      exc: Vosko,Wilk,Nusair      
  2.20033126  6.33750000  2.17664358
   0.00000
   2.40560   0.9811931867   0.9240466115
353
 0.25000000D-01 0.36265835D-03
 0 1
  8.824991068412D-01  8.824699438365D-01  8.824392808595D-01  8.824303672390D-01
  8.824253731514D-01  8.824231348620D-01  8.824213189320D-01  8.824210896876D-01
  8.824207832399D-01  8.824218264087D-01  8.824226806192D-01  8.824248420592D-01
  8.824268157690D-01  8.824301288696D-01  8.824333108601D-01  8.824379102811D-01
  8.824424769282D-01  8.824485797778D-01  8.824547902230D-01  8.824627007100D-01
  8.824709086267D-01  8.824810356449D-01  8.824917123642D-01  8.825045983424D-01
  8.825183677284D-01  8.825347301923D-01  8.825524177675D-01  8.825732071250D-01
  8.825959079577D-01  8.826223871508D-01  8.826515592525D-01  8.826854132418D-01
  8.827230059732D-01  8.827664924615D-01  8.828151234886D-01  8.828712807448D-01
  8.829344777989D-01  8.830072866112D-01  8.830818343040D-01  8.831150005054D-01
  8.830854351819D-01  8.830581634322D-01  8.830315698808D-01  8.830070582139D-01
  8.829830325649D-01  8.829609139451D-01  8.829391218937D-01  8.829190911630D-01
  8.828992535843D-01  8.828810549336D-01  8.828629369437D-01  8.828463543072D-01
  8.828297568161D-01  8.828146064434D-01  8.827993595791D-01  8.827854841911D-01
  8.827714421186D-01  8.827587062966D-01  8.827457431003D-01  8.827340296130D-01
  8.827220360049D-01  8.827112428397D-01  8.827001234849D-01  8.826901614478D-01
  8.826798328065D-01  8.826706235649D-01  8.826610121075D-01  8.826524865742D-01
  8.826435273236D-01  8.826356243248D-01  8.826272596359D-01  8.826199248013D-01
  8.826121033455D-01  8.826052881791D-01  8.825979640973D-01  8.825916251957D-01
  8.825847573762D-01  8.825788557683D-01  8.825724072387D-01  8.825669078231D-01
  8.825608452341D-01  8.825557162999D-01  8.825500094784D-01  8.825452222952D-01
  8.825398438643D-01  8.825353723266D-01  8.825302973762D-01  8.825261176985D-01
  8.825213234998D-01  8.825174139495D-01  8.825128797078D-01  8.825092203732D-01
  8.825049270100D-01  8.825014995967D-01  8.824974295577D-01  8.824942172105D-01
  8.824903542997D-01  8.824873414443D-01  8.824836706735D-01  8.824808428754D-01
  8.824773503324D-01  8.824746941721D-01  8.824713669021D-01  8.824688698621D-01
  8.824656957605D-01  8.824633461260D-01  8.824603138419D-01  8.824581006049D-01
  8.824551994548D-01  8.824531122330D-01  8.824503321180D-01  8.824483610782D-01
  8.824456924104D-01  8.824438281942D-01  8.824412618280D-01  8.824394954859D-01
  8.824370226533D-01  8.824353455820D-01  8.824329578294D-01  8.824313617113D-01
  8.824290508416D-01  8.824275275866D-01  8.824252856026D-01  8.824238272920D-01
  8.824216463396D-01  8.824202451704D-01  8.824181174850D-01  8.824167657158D-01
  8.824146835656D-01  8.824133734614D-01  8.824113290934D-01  8.824100528695D-01
  8.824080384526D-01  8.824067882168D-01  8.824047957842D-01  8.824035634794D-01
  8.824015848677D-01  8.824003622089D-01  8.823983889958D-01  8.823971674067D-01
  8.823951908440D-01  8.823939613876D-01  8.823919723316D-01  8.823907256385D-01
  8.823887144744D-01  8.823874406639D-01  8.823853972250D-01  8.823840858228D-01
  8.823819993042D-01  8.823806391514D-01  8.823784980157D-01  8.823770771706D-01
  8.823748690457D-01  8.823733746785D-01  8.823710862475D-01  8.823695045236D-01
  8.823671214027D-01  8.823654373565D-01  8.823629439637D-01  8.823611413602D-01
  8.823585207695D-01  8.823565819522D-01  8.823538157350D-01  8.823517214598D-01
  8.823487895109D-01  8.823465187627D-01  8.823433991073D-01  8.823409288994D-01
  8.823375974830D-01  8.823349026351D-01  8.823313330908D-01  8.823283859855D-01
  8.823245493779D-01  8.823213196916D-01  8.823171842350D-01  8.823136386419D-01
  8.823091693890D-01  8.823052712343D-01  8.823004297329D-01  8.822961386724D-01
  8.822908825867D-01  8.822861541889D-01  8.822804368819D-01  8.822752221888D-01
  8.822689922606D-01  8.822632373030D-01  8.822564380813D-01  8.822500833436D-01
  8.822426523212D-01  8.822356321496D-01  8.822275003634D-01  8.822197423135D-01
  8.822108336575D-01  8.822022577725D-01  8.821924882401D-01  8.821830062540D-01
  8.821722830999D-01  8.821617975571D-01  8.821500183721D-01  8.821384216544D-01
  8.821254733428D-01  8.821126465945D-01  8.820984042438D-01  8.820842161838D-01
  8.820685418163D-01  8.820528474254D-01  8.820355886182D-01  8.820182276888D-01
  8.819992160485D-01  8.819800115808D-01  8.819590610588D-01  8.819378174895D-01
  8.819147225187D-01  8.818912237624D-01  8.818657571985D-01  8.818397644839D-01
  8.818116753302D-01  8.817829248069D-01  8.817519356992D-01  8.817201357944D-01
  8.816859402208D-01  8.816507687159D-01  8.816130279439D-01  8.815741287440D-01
  8.815324684237D-01  8.814894479858D-01  8.814434543951D-01  8.813958777804D-01
  8.813450936732D-01  8.812924801823D-01  8.812364002001D-01  8.811782185477D-01
  8.811162841457D-01  8.810519471259D-01  8.809835409635D-01  8.809123995516D-01
  8.808368392903D-01  8.807581761208D-01  8.806747075664D-01  8.805877297219D-01
  8.804955192411D-01  8.803993502773D-01  8.802974764116D-01  8.801911475385D-01
  8.800785917295D-01  8.799610320575D-01  8.798366683888D-01  8.797066941403D-01
  8.795692779914D-01  8.794255805666D-01  8.792737360600D-01  8.791148688344D-01
  8.789470749486D-01  8.787714386650D-01  8.785860138680D-01  8.783918404710D-01
  8.781869257143D-01  8.779722604595D-01  8.777458003549D-01  8.775084820044D-01
  8.772582039853D-01  8.769958428792D-01  8.767192341256D-01  8.764291878988D-01
  8.761234697795D-01  8.758028164607D-01  8.754649162170D-01  8.751104244201D-01
  8.747369437835D-01  8.743450396653D-01  8.739322200630D-01  8.734989506798D-01
  8.730426346398D-01  8.725636272913D-01  8.720592156095D-01  8.715296327048D-01
  8.709720368778D-01  8.703865257963D-01  8.697701151602D-01  8.691227525074D-01
  8.684412954404D-01  8.677255250148D-01  8.669721234719D-01  8.661806871559D-01
  8.653477036895D-01  8.644725643569D-01  8.635515406474D-01  8.625837960303D-01
  8.615653617811D-01  8.604951480602D-01  8.593689189181D-01  8.581853025748D-01
  8.569397654811D-01  8.556306216738D-01  8.542530057454D-01  8.528048811232D-01
  8.512810117689D-01  8.496789691951D-01  8.479931026773D-01  8.462205447781D-01
  8.443551798020D-01  8.423936475430D-01  8.403293096481D-01  8.381582512320D-01
  8.358732447330D-01  8.334697489473D-01  8.309398698545D-01  8.282783565060D-01
  8.254765581634D-01  8.225284163248D-01  8.194244173450D-01  8.161575796931D-01
  8.127174010020D-01  8.090958394040D-01  8.052812536777D-01  8.012643771944D-01
  7.970322494726D-01  7.925741808695D-01  7.878756733980D-01  7.829243737918D-01
  7.777039808604D-01  7.722001839093D-01  7.663945531758D-01  7.602704597625D-01
  7.538069447588D-01  7.469846158002D-01  7.397794892873D-01  7.321688573432D-01
  7.241250960242D-01  7.156214947415D-01  7.066260214179D-01  6.971071042695D-01
  6.870273424031D-01  6.763492270997D-01  6.650287832443D-01  6.530212137986D-01
  6.402744535908D-01  6.267347164008D-01  6.123399379293D-01  5.970251998033D-01
  5.807160330170D-01  5.633336873351D-01  5.447882603978D-01  5.249837750132D-01
  5.038110933043D-01  4.811527581992D-01  4.568756534955D-01  4.308355567644D-01
  4.028694993293D-01  3.728002139438D-01  3.404274612637D-01  3.055330343199D-01
  2.678713012045D-01
Vac0 POTENTIAL                      exc: Vosko,Wilk,Nusair      
  1.68057905  6.33750000  1.68945972
   0.00000
   1.96292   0.9811931867   0.9240466115
353
 0.25000000D-01 0.29592158D-03
 0 1
  6.706251491166D-01  6.705819700204D-01  6.705372616079D-01  6.705237101903D-01
  6.705161952946D-01  6.705117090333D-01  6.705081821161D-01  6.705059668730D-01
  6.705039476287D-01  6.705028452254D-01  6.705017152690D-01  6.705013692315D-01
  6.705009155106D-01  6.705011989018D-01  6.705013504385D-01  6.705022313293D-01
  6.705029854084D-01  6.705044844712D-01  6.705058816414D-01  6.705080574072D-01
  6.705101733754D-01  6.705131186315D-01  6.705160638035D-01  6.705199076245D-01
  6.705238312486D-01  6.705287450324D-01  6.705338430907D-01  6.705400503225D-01
  6.705465772555D-01  6.705543673854D-01  6.705626523869D-01  6.705723998824D-01
  6.705828690770D-01  6.705950591165D-01  6.706082653484D-01  6.706235284035D-01
  6.706401909253D-01  6.706593261054D-01  6.706785283523D-01  6.706858371617D-01
  6.706762905514D-01  6.706676663914D-01  6.706590677943D-01  6.706513242503D-01
  6.706435450719D-01  6.706365652532D-01  6.706294989964D-01  6.706231856688D-01
  6.706167433792D-01  6.706110150018D-01  6.706051217917D-01  6.705999094628D-01
  6.705945018322D-01  6.705897469278D-01  6.705847706728D-01  6.705804229996D-01
  6.705758315672D-01  6.705718478902D-01  6.705676010691D-01  6.705639439404D-01
  6.705600068157D-01  6.705566436372D-01  6.705529857373D-01  6.705498879922D-01
  6.705464825988D-01  6.705436252319D-01  6.705404488202D-01  6.705378097168D-01
  6.705348414784D-01  6.705324010457D-01  6.705296225137D-01  6.705273633221D-01
  6.705247580351D-01  6.705226645274D-01  6.705202177644D-01  6.705182759982D-01
  6.705159745466D-01  6.705141719905D-01  6.705120039538D-01  6.705103293019D-01
  6.705082839286D-01  6.705067269511D-01  6.705047944977D-01  6.705033459055D-01
  6.705015175106D-01  6.705001688431D-01  6.704984364218D-01  6.704971799475D-01
  6.704955361003D-01  6.704943647308D-01  6.704928026602D-01  6.704917098752D-01
  6.704902233191D-01  6.704892030980D-01  6.704877862645D-01  6.704868330283D-01
  6.704854805408D-01  6.704845891015D-01  6.704832959479D-01  6.704824614609D-01
  6.704812229516D-01  6.704804408712D-01  6.704792525969D-01  6.704785186401D-01
  6.704773764356D-01  6.704766865467D-01  6.704755864568D-01  6.704749367737D-01
  6.704738750221D-01  6.704732618477D-01  6.704722348082D-01  6.704716545796D-01
  6.704706587473D-01  6.704701080113D-01  6.704691399768D-01  6.704686153615D-01
  6.704676717852D-01  6.704671699760D-01  6.704662475622D-01  6.704657652772D-01
  6.704648607507D-01  6.704643947141D-01  6.704635047938D-01  6.704630517135D-01
  6.704621730883D-01  6.704617296284D-01  6.704608589316D-01  6.704604216875D-01
  6.704595554696D-01  6.704591209405D-01  6.704582556429D-01  6.704578202042D-01
  6.704569521288D-01  6.704565120020D-01  6.704556372817D-01  6.704551885027D-01
  6.704543030684D-01  6.704538414547D-01  6.704529410010D-01  6.704524621144D-01
  6.704515420612D-01  6.704510411700D-01  6.704500966231D-01  6.704495686596D-01
  6.704485943661D-01  6.704480338805D-01  6.704470241817D-01  6.704464252929D-01
  6.704453740718D-01  6.704447304129D-01  6.704436310377D-01  6.704429356966D-01
  6.704417809583D-01  6.704410264124D-01  6.704398084571D-01  6.704389865019D-01
  6.704376967553D-01  6.704367984265D-01  6.704354275123D-01  6.704344429986D-01
  6.704329806473D-01  6.704318991964D-01  6.704303341463D-01  6.704291439597D-01
  6.704274638468D-01  6.704261519650D-01  6.704243432025D-01  6.704228953774D-01
  6.704209430217D-01  6.704193435775D-01  6.704172311813D-01  6.704154628594D-01
  6.704131723097D-01  6.704112160978D-01  6.704087274365D-01  6.704065623810D-01
  6.704038536071D-01  6.704014566048D-01  6.703985034557D-01  6.703958490247D-01
  6.703926247357D-01  6.703896847616D-01  6.703861597987D-01  6.703829032547D-01
  6.703790450209D-01  6.703754376585D-01  6.703712101686D-01  6.703672141758D-01
  6.703625776968D-01  6.703581513209D-01  6.703530619757D-01  6.703481591056D-01
  6.703425684343D-01  6.703371381400D-01  6.703309926150D-01  6.703249786380D-01
  6.703182191291D-01  6.703115593194D-01  6.703041205016D-01  6.702967461957D-01
  6.702885558953D-01  6.702803912287D-01  6.702713697003D-01  6.702623308473D-01
  6.702523899752D-01  6.702423843091D-01  6.702314267238D-01  6.702203518887D-01
  6.702082699913D-01  6.701960128756D-01  6.701826877585D-01  6.701691233607D-01
  6.701544236152D-01  6.701394137900D-01  6.701231941878D-01  6.701065862599D-01
  6.700886862957D-01  6.700703115274D-01  6.700505538079D-01  6.700302257049D-01
  6.700084141669D-01  6.699859266054D-01  6.699618445470D-01  6.699369697027D-01
  6.699103776052D-01  6.698828636637D-01  6.698534967842D-01  6.698230654087D-01
  6.697906311174D-01  6.697569746494D-01  6.697211494851D-01  6.696839278476D-01
  6.696443542621D-01  6.696031915355D-01  6.695594742914D-01  6.695139549257D-01
  6.694656571137D-01  6.694153217390D-01  6.693619603706D-01  6.693063011622D-01
  6.692473422954D-01  6.691857978462D-01  6.691206511912D-01  6.690526008377D-01
  6.689806137884D-01  6.689053713318D-01  6.688258223604D-01  6.687426291170D-01
  6.686547204623D-01  6.685627375712D-01  6.684655871444D-01  6.683638870497D-01
  6.682565194716D-01  6.681440764912D-01  6.680254131666D-01  6.679010930454D-01
  6.677699411677D-01  6.676324895038D-01  6.674875298718D-01  6.673355592916D-01
  6.671753328071D-01  6.670073087479D-01  6.668302014456D-01  6.666444263915D-01
  6.664486528363D-01  6.662432488318D-01  6.660268336992D-01  6.657997229433D-01
  6.655604805741D-01  6.653093638776D-01  6.650448755744D-01  6.647672084301D-01
  6.644747972319D-01  6.641677632196D-01  6.638444658589D-01  6.635049470709D-01
  6.631474827775D-01  6.627720269058D-01  6.623767626774D-01  6.619615463596D-01
  6.615244582672D-01  6.610652462289D-01  6.605818762653D-01  6.600739757339D-01
  6.595393836423D-01  6.589775934295D-01  6.583863028668D-01  6.577648564276D-01
  6.571107947200D-01  6.564232963894D-01  6.556997270199D-01  6.549390805032D-01
  6.541385273347D-01  6.532968553729D-01  6.524110174430D-01  6.514795713965D-01
  6.504992269203D-01  6.494682847899D-01  6.483831827639D-01  6.472419339034D-01
  6.460406714079D-01  6.447770858504D-01  6.434469687824D-01  6.420476487027D-01
  6.405745332241D-01  6.390245435561D-01  6.373926549834D-01  6.356753295937D-01
  6.338670547634D-01  6.319637738027D-01  6.299594220757D-01  6.278493551590D-01
  6.256268821365D-01  6.232866907728D-01  6.208213774146D-01  6.182248685576D-01
  6.154889466478D-01  6.126066672664D-01  6.095688799473D-01  6.063676400071D-01
  6.029927232697D-01  5.994350313147D-01  5.956830987109D-01  5.917264901313D-01
  5.875522983267D-01  5.831485311363D-01  5.785005979535D-01  5.735946841218D-01
  5.684142230278D-01  5.629432546721D-01  5.571628797246D-01  5.510545981548D-01
  5.445967405469D-01  5.377677814943D-01  5.305427421231D-01  5.228964714215D-01
  5.148000121630D-01  5.062238413421D-01  4.971341893995D-01  4.874962283309D-01
  4.772703311445D-01  4.664151928332D-01  4.548840131317D-01  4.426275312359D-01
  4.295901100075D-01  4.157126591565D-01  4.009285958784D-01  3.851666200994D-01
  3.683465125433D-01  3.503818861301D-01  3.311752274841D-01  3.106211607407D-01
  2.886007607566D-01
