In49 POTENTIAL                      exc: Vosko,Wilk,Nusair      
  2.31897314  6.66250000  2.29182178
  49.00000
   2.53289   0.8007018830   0.8498776284
353
 0.25000000D-01 0.38184860D-03
 9 1
    0  -1.96656160000D+03
    0  -2.87428550000D+02
    0  -5.37136240000D+01
    0  -7.39818510000D+00
    1  -2.68528840000D+02
    1  -4.59639090000D+01
    1  -4.86454470000D+00
    2  -3.15522220000D+01
    2  -7.38539920000D-01
  4.724941001655D+02  4.725211480325D+02  4.725488123269D+02  4.725770992006D+02
  4.726060174810D+02  4.726355811997D+02  4.726658001136D+02  4.726966883629D+02
  4.727282559346D+02  4.727605171044D+02  4.727934820185D+02  4.728271650543D+02
  4.728615764651D+02  4.728967306901D+02  4.729326380382D+02  4.729693129626D+02
  4.730067657710D+02  4.730450108746D+02  4.730840585162D+02  4.731239230000D+02
  4.731646144328D+02  4.732061469370D+02  4.732485304024D+02  4.732917786854D+02
  4.733359013675D+02  4.733809119430D+02  4.734268195828D+02  4.734736373110D+02
  4.735213737728D+02  4.735700414009D+02  4.736196481858D+02  4.736702058329D+02
  4.737217215342D+02  4.737742061163D+02  4.738276658121D+02  4.738821104009D+02
  4.739375449785D+02  4.739939780891D+02  4.740514134942D+02  4.741098582956D+02
  4.741693147102D+02  4.742297881594D+02  4.742912790580D+02  4.743537909116D+02
  4.744173220760D+02  4.744818738546D+02  4.745474422528D+02  4.746140260666D+02
  4.746816186320D+02  4.747502159039D+02  4.748198081996D+02  4.748903882684D+02
  4.749619430285D+02  4.750344616262D+02  4.751079271663D+02  4.751823247604D+02
  4.752576332501D+02  4.753338332446D+02  4.754108988350D+02  4.754888056220D+02
  4.755675224206D+02  4.756470192769D+02  4.757272591635D+02  4.758082059848D+02
  4.758898162630D+02  4.759720471312D+02  4.760548480098D+02  4.761381685882D+02
  4.762219504902D+02  4.763061352442D+02  4.763906559388D+02  4.764754451808D+02
  4.765604267406D+02  4.766455234988D+02  4.767306490817D+02  4.768157157968D+02
  4.769006262586D+02  4.769852813138D+02  4.770695716580D+02  4.771533857514D+02
  4.772366014277D+02  4.773190938011D+02  4.774007268685D+02  4.774813614095D+02
  4.775608465834D+02  4.776390278241D+02  4.777157384339D+02  4.777908074752D+02
  4.778640513642D+02  4.779352817615D+02  4.780042971681D+02  4.780708908196D+02
  4.781348422870D+02  4.781959253777D+02  4.782538997463D+02  4.783085188062D+02
  4.783595213544D+02  4.784066394993D+02  4.784495903053D+02  4.784880837417D+02
  4.785218143525D+02  4.785504692338D+02  4.785737197350D+02  4.785912294716D+02
  4.786026460654D+02  4.786076091998D+02  4.786057424074D+02  4.785966611762D+02
  4.785799647929D+02  4.785552445090D+02  4.785220754490D+02  4.784800248456D+02
  4.784286440223D+02  4.783674767076D+02  4.782960511020D+02  4.782138882804D+02
  4.781204943534D+02  4.780153689686D+02  4.778979975750D+02  4.777678600323D+02
  4.776244229880D+02  4.774671486034D+02  4.772954870512D+02  4.771088853651D+02
  4.769067800653D+02  4.766886061372D+02  4.764537897888D+02  4.762017575625D+02
  4.759319292256D+02  4.756437270159D+02  4.753365686641D+02  4.750098767692D+02
  4.746630719469D+02  4.742955823267D+02  4.739068368166D+02  4.734962747073D+02
  4.730633390362D+02  4.726074862800D+02  4.721281797939D+02  4.716248995646D+02
  4.710971356951D+02  4.705443981828D+02  4.699662104091D+02  4.693621189003D+02
  4.687316867733D+02  4.680745034260D+02  4.673901778829D+02  4.666783483519D+02
  4.659386754040D+02  4.651708513266D+02  4.643745930620D+02  4.635496512793D+02
  4.626958029907D+02  4.618128602590D+02  4.609006624057D+02  4.599590842685D+02
  4.589880279166D+02  4.579874303737D+02  4.569572547613D+02  4.558974974134D+02
  4.548081783810D+02  4.536893478811D+02  4.525410761256D+02  4.513634590776D+02
  4.501566075907D+02  4.489206525034D+02  4.476557331427D+02  4.463620018364D+02
  4.450396119094D+02  4.436887217889D+02  4.423094827194D+02  4.409020427444D+02
  4.394665344862D+02  4.380030794160D+02  4.365117761784D+02  4.349927056943D+02
  4.334459206340D+02  4.318714520057D+02  4.302693004615D+02  4.286394450603D+02
  4.269818370654D+02  4.252964114664D+02  4.235830837254D+02  4.218417643259D+02
  4.200723584788D+02  4.182747833895D+02  4.164489702376D+02  4.145948830577D+02
  4.127125214581D+02  4.108019391727D+02  4.088632452411D+02  4.068966197361D+02
  4.049023108544D+02  4.028806454172D+02  4.008320198352D+02  3.987569039264D+02
  3.966558250570D+02  3.945293654543D+02  3.923781406208D+02  3.902027921066D+02
  3.880039628902D+02  3.857822888293D+02  3.835383744996D+02  3.812727868201D+02
  3.789860346015D+02  3.766785671431D+02  3.743507596801D+02  3.720029184465D+02
  3.696352727991D+02  3.672479868328D+02  3.648411576476D+02  3.624148324606D+02
  3.599690115445D+02  3.575036690609D+02  3.550187586929D+02  3.525142361133D+02
  3.499900651929D+02  3.474462400171D+02  3.448827896660D+02  3.422997979015D+02
  3.396974047897D+02  3.370758225186D+02  3.344353325445D+02  3.317762964333D+02
  3.290991476855D+02  3.264043970513D+02  3.236926187888D+02  3.209644505544D+02
  3.182205745790D+02  3.154617130419D+02  3.126886055023D+02  3.099020016058D+02
  3.071026371533D+02  3.042912269668D+02  3.014684429209D+02  2.986349107084D+02
  2.957911937903D+02  2.929377980193D+02  2.900751651184D+02  2.872036879815D+02
  2.843237151789D+02  2.814355765655D+02  2.785395961065D+02  2.756361224887D+02
  2.727255424692D+02  2.698083067820D+02  2.668849334867D+02  2.639560193464D+02
  2.610222257330D+02  2.580842719013D+02  2.551429046549D+02  2.521988795694D+02
  2.492529244851D+02  2.463057211902D+02  2.433578757649D+02  2.404099124002D+02
  2.374622594822D+02  2.345152608417D+02  2.315691791261D+02  2.286242226573D+02
  2.256805616142D+02  2.227383642239D+02  2.197978184891D+02  2.168591701945D+02
  2.139227429536D+02  2.109889714073D+02  2.080584138573D+02  2.051317759351D+02
  2.022099121144D+02  1.992938371771D+02  1.963847148684D+02  1.934838563942D+02
  1.905926963337D+02  1.877127789981D+02  1.848457232462D+02  1.819931990378D+02
  1.791568841477D+02  1.763384346276D+02  1.735394378284D+02  1.707613819880D+02
  1.680056117076D+02  1.652733038957D+02  1.625654341701D+02  1.598827689300D+02
  1.572258535637D+02  1.545950319586D+02  1.519904667926D+02  1.494121932595D+02
  1.468601712935D+02  1.443343626770D+02  1.418347910338D+02  1.393616053252D+02
  1.369151031693D+02  1.344957391228D+02  1.321040849759D+02  1.297407812412D+02
  1.274064594950D+02  1.251016815960D+02  1.228268748289D+02  1.205823023252D+02
  1.183680384108D+02  1.161839794026D+02  1.140298532998D+02  1.119052557928D+02
  1.098096755122D+02  1.077425370262D+02  1.057032263385D+02  1.036911293125D+02
  1.017056495522D+02  9.974623748067D+01  9.781239823366D+01  9.590371082844D+01
  9.401982665638D+01  9.216048014808D+01  9.032547979349D+01  8.851471246327D+01
  8.672812923441D+01  8.496574564012D+01  8.322762448873D+01  8.151387408776D+01
  7.982462992146D+01  7.816005250787D+01  7.652030937401D+01  7.490557375880D+01
  7.331600787602D+01  7.175176323874D+01  7.021296578631D+01  6.869971822450D+01
  6.721208725181D+01  6.575010801444D+01  6.431377342096D+01  6.290304061510D+01
  6.151782222041D+01  6.015799463088D+01  5.882339096025D+01  5.751381090706D+01
  5.622901514618D+01  5.496873647116D+01  5.373267527000D+01  5.252051148808D+01
  5.133190059342D+01  5.016648559869D+01  4.902389258921D+01  4.790374175828D+01
  4.680564143401D+01  4.572919718871D+01  4.467400370900D+01  4.363965172454D+01
  4.262571792694D+01  4.163177045901D+01  4.065735737066D+01  3.970201219010D+01
  3.876524184981D+01
N_07 POTENTIAL                      exc: Vosko,Wilk,Nusair      
  1.76095821  6.66250000  1.77099661
   7.00000
   2.05765   0.8007018830   0.8498776284
353
 0.25000000D-01 0.31020338D-03
 2 1
    0  -2.69998930000D+01
    0  -4.29582100000D-01
  2.602658843168D+01  2.602697981826D+01  2.602738073887D+01  2.602781723489D+01
  2.602826967346D+01  2.602873581258D+01  2.602921445319D+01  2.602970599970D+01
  2.603021001793D+01  2.603072721603D+01  2.603125730802D+01  2.603180108661D+01
  2.603235832073D+01  2.603292984273D+01  2.603351545290D+01  2.603411601010D+01
  2.603473133827D+01  2.603536231822D+01  2.603600879480D+01  2.603667166912D+01
  2.603735080605D+01  2.603804712657D+01  2.603876051549D+01  2.603949191381D+01
  2.604024122656D+01  2.604100941520D+01  2.604179640552D+01  2.604260318004D+01
  2.604342968594D+01  2.604427692753D+01  2.604514487413D+01  2.604603455258D+01
  2.604694595516D+01  2.604788013207D+01  2.604883709938D+01  2.604981793154D+01
  2.605082266928D+01  2.605185241217D+01  2.605290722671D+01  2.605398824162D+01
  2.605509593577D+01  2.605623106566D+01  2.605739375189D+01  2.605858517520D+01
  2.605980548455D+01  2.606105588953D+01  2.606233656840D+01  2.606364876056D+01
  2.606499267458D+01  2.606636958064D+01  2.606777971857D+01  2.606922439031D+01
  2.607070386793D+01  2.607221948607D+01  2.607377154997D+01  2.607536142792D+01
  2.607698945925D+01  2.607865704681D+01  2.608036456493D+01  2.608211345188D+01
  2.608390411784D+01  2.608573803731D+01  2.608761565714D+01  2.608953848886D+01
  2.609150701669D+01  2.609352278988D+01  2.609558633071D+01  2.609769922677D+01
  2.609986203896D+01  2.610207639374D+01  2.610434289107D+01  2.610666319670D+01
  2.610903794999D+01  2.611146885623D+01  2.611395659439D+01  2.611650290938D+01
  2.611910851982D+01  2.612177521017D+01  2.612450373850D+01  2.612729592854D+01
  2.613015257740D+01  2.613307554757D+01  2.613606567455D+01  2.613912485878D+01
  2.614225397318D+01  2.614545495504D+01  2.614872871342D+01  2.615207722101D+01
  2.615550142136D+01  2.615900332068D+01  2.616258389496D+01  2.616624518161D+01
  2.616998818653D+01  2.617381497554D+01  2.617772658136D+01  2.618172509488D+01
  2.618581157198D+01  2.618998812464D+01  2.619425582759D+01  2.619861680923D+01
  2.620307215808D+01  2.620762401354D+01  2.621227347210D+01  2.621702267784D+01
  2.622187272845D+01  2.622682576549D+01  2.623188288011D+01  2.623704620308D+01
  2.624231681018D+01  2.624769681197D+01  2.625318725885D+01  2.625879023046D+01
  2.626450674046D+01  2.627033882555D+01  2.627628744984D+01  2.628235459350D+01
  2.628854115671D+01  2.629484904786D+01  2.630127908710D+01  2.630783309402D+01
  2.631451179070D+01  2.632131688893D+01  2.632824899267D+01  2.633530968474D+01
  2.634249942871D+01  2.634981965498D+01  2.635727066202D+01  2.636485370182D+01
  2.637256888046D+01  2.638041724284D+01  2.638839867254D+01  2.639651397578D+01
  2.640476278052D+01  2.641314561958D+01  2.642166182894D+01  2.643031162998D+01
  2.643909402688D+01  2.644800888796D+01  2.645705484213D+01  2.646623135925D+01
  2.647553664557D+01  2.648496972306D+01  2.649452832384D+01  2.650421096837D+01
  2.651401485877D+01  2.652393795591D+01  2.653397687158D+01  2.654412894435D+01
  2.655439013056D+01  2.656475707898D+01  2.657522502053D+01  2.658578984170D+01
  2.659644597296D+01  2.660718846097D+01  2.661801085564D+01  2.662890728104D+01
  2.663987032123D+01  2.665089308980D+01  2.666196711441D+01  2.667308440514D+01
  2.668423533768D+01  2.669541072046D+01  2.670659967667D+01  2.671779171013D+01
  2.672897458628D+01  2.674013639690D+01  2.675126344006D+01  2.676234228390D+01
  2.677335764569D+01  2.678429445486D+01  2.679513573126D+01  2.680586464762D+01
  2.681646240739D+01  2.682691030681D+01  2.683718761256D+01  2.684727362376D+01
  2.685714554981D+01  2.686678057269D+01  2.687615372533D+01  2.688523995468D+01
  2.689401200106D+01  2.690244246253D+01  2.691050167572D+01  2.691815978209D+01
  2.692538461094D+01  2.693214374808D+01  2.693840242175D+01  2.694412557458D+01
  2.694927575308D+01  2.695381518372D+01  2.695770366693D+01  2.696090065815D+01
  2.696336316736D+01  2.696504784612D+01  2.696590889360D+01  2.696590015073D+01
  2.696497301388D+01  2.696307853728D+01  2.696016535554D+01  2.695618179553D+01
  2.695107380902D+01  2.694478709532D+01  2.693726504530D+01  2.692845087609D+01
  2.691828558777D+01  2.690671011144D+01  2.689366327991D+01  2.687908399035D+01
  2.686290919019D+01  2.684507605560D+01  2.682551999372D+01  2.680417683799D+01
  2.678098086772D+01  2.675586702117D+01  2.672876893320D+01  2.669962116675D+01
  2.666835726906D+01  2.663491202185D+01  2.659921951631D+01  2.656121542183D+01
  2.652083507948D+01  2.647801578878D+01  2.643269491881D+01  2.638481221196D+01
  2.633430791117D+01  2.628112507891D+01  2.622520773849D+01  2.616650320574D+01
  2.610496024147D+01  2.604053139256D+01  2.597317115186D+01  2.590283830443D+01
  2.582949409025D+01  2.575310455058D+01  2.567363868774D+01  2.559107080560D+01
  2.550537865991D+01  2.541654578574D+01  2.532455963102D+01  2.522941386289D+01
  2.513110647604D+01  2.502964206926D+01  2.492502991929D+01  2.481728621813D+01
  2.470643210254D+01  2.459249584202D+01  2.447551081371D+01  2.435551763059D+01
  2.423256205121D+01  2.410669703820D+01  2.397798059215D+01  2.384647772930D+01
  2.371225823080D+01  2.357539853020D+01  2.343597936839D+01  2.329408758271D+01
  2.314981365989D+01  2.300325341993D+01  2.285450546127D+01  2.270367273489D+01
  2.255085987838D+01  2.239617467857D+01  2.223972529476D+01  2.208162161214D+01
  2.192197235885D+01  2.176088635784D+01  2.159846954885D+01  2.143482615390D+01
  2.127005562418D+01  2.110425374515D+01  2.093750954159D+01  2.076990636415D+01
  2.060151880497D+01  2.043241383086D+01  2.026264778985D+01  2.009226768918D+01
  1.992130841164D+01  1.974979428054D+01  1.957773665312D+01  1.940513596558D+01
  1.923197992090D+01  1.905824625044D+01  1.888390174171D+01  1.870890595502D+01
  1.853321129851D+01  1.835676784342D+01  1.817952448621D+01  1.800143475345D+01
  1.782245874923D+01  1.764256942031D+01  1.746175451744D+01  1.728002232579D+01
  1.709740248091D+01  1.691394994431D+01  1.672974353329D+01  1.654488723741D+01
  1.635950594078D+01  1.617374404447D+01  1.598775886701D+01  1.580171753303D+01
  1.561578936647D+01  1.543014254378D+01  1.524493697645D+01  1.506032205764D+01
  1.487643107507D+01  1.469338074261D+01  1.451126748014D+01  1.433016875137D+01
  1.415014098347D+01  1.397122231262D+01  1.379343164804D+01  1.361677229550D+01
  1.344123164862D+01  1.326678521711D+01  1.309339653354D+01  1.292102124271D+01
  1.274960694778D+01  1.257909714685D+01  1.240943085902D+01  1.224054629439D+01
  1.207238018374D+01  1.190487113538D+01  1.173795864487D+01  1.157158613274D+01
  1.140569964144D+01  1.124025057064D+01  1.107519408490D+01  1.091049157470D+01
  1.074610880597D+01  1.058201813978D+01  1.041819645728D+01  1.025462717144D+01
  1.009129796018D+01  9.928202601481D+00  9.765338544057D+00  9.602708592771D+00
  9.440318341014D+00  9.278177727004D+00  9.116298344678D+00  8.954694883317D+00
  8.793382324664D+00  8.632377268468D+00  8.471695013150D+00  8.311350759168D+00
  8.151356560041D+00  7.991722385601D+00  7.832452922654D+00  7.673548473895D+00
  7.515001584463D+00  7.356797804197D+00  7.198911967429D+00  7.041308990611D+00
  6.883939822395D+00
Vac0 POTENTIAL                      exc: Vosko,Wilk,Nusair      
  2.31897314  6.66250000  2.29182178
   0.00000
   2.53289   0.8007018830   0.8498776284
353
 0.25000000D-01 0.38184860D-03
 0 1
  7.879439057112D-01  7.879191318552D-01  7.878929128705D-01  7.878854172345D-01
  7.878811319877D-01  7.878793943638D-01  7.878778814494D-01  7.878779195092D-01
  7.878777583663D-01  7.878789490902D-01  7.878798489874D-01  7.878820686337D-01
  7.878840027962D-01  7.878872886092D-01  7.878903419441D-01  7.878948183459D-01
  7.878991510059D-01  7.879050129816D-01  7.879108558274D-01  7.879183724861D-01
  7.879260364618D-01  7.879355652782D-01  7.879454602410D-01  7.879574704947D-01
  7.879701335123D-01  7.879852399262D-01  7.880013749464D-01  7.880203842693D-01
  7.880409166867D-01  7.880648914842D-01  7.880910427366D-01  7.881213886672D-01
  7.881547782839D-01  7.881933634935D-01  7.882361489437D-01  7.882854678915D-01
  7.883405346510D-01  7.884038330444D-01  7.884683367174D-01  7.884957321718D-01
  7.884678244778D-01  7.884421770740D-01  7.884170698314D-01  7.883940233701D-01
  7.883713359597D-01  7.883505445420D-01  7.883299619090D-01  7.883111379514D-01
  7.882923970479D-01  7.882752994797D-01  7.882581789555D-01  7.882426041659D-01
  7.882269164084D-01  7.882126912376D-01  7.881982761705D-01  7.881852524057D-01
  7.881719726020D-01  7.881600226438D-01  7.881477594523D-01  7.881367728273D-01
  7.881254232690D-01  7.881153038530D-01  7.881047780966D-01  7.880954418458D-01
  7.880856611737D-01  7.880770342800D-01  7.880679294130D-01  7.880599467815D-01
  7.880514564966D-01  7.880440604896D-01  7.880361304730D-01  7.880292698660D-01
  7.880218517620D-01  7.880154808650D-01  7.880085314671D-01  7.880026093909D-01
  7.879960899700D-01  7.879905800014D-01  7.879844557302D-01  7.879793248050D-01
  7.879735642684D-01  7.879687825180D-01  7.879633572975D-01  7.879588976618D-01
  7.879537819742D-01  7.879496198698D-01  7.879447902568D-01  7.879409032857D-01
  7.879363383480D-01  7.879327060489D-01  7.879283862091D-01  7.879249898377D-01
  7.879208971374D-01  7.879177194772D-01  7.879138373974D-01  7.879108625883D-01
  7.879071758918D-01  7.879043892822D-01  7.879008838716D-01  7.878982718884D-01
  7.878949346835D-01  7.878924847106D-01  7.878893035360D-01  7.878870038126D-01
  7.878839672962D-01  7.878818068195D-01  7.878789043047D-01  7.878768727425D-01
  7.878740942040D-01  7.878721818184D-01  7.878695177871D-01  7.878677153604D-01
  7.878651568527D-01  7.878634556213D-01  7.878609940769D-01  7.878593856673D-01
  7.878570128865D-01  7.878554892577D-01  7.878531973442D-01  7.878517507312D-01
  7.878495320379D-01  7.878481548979D-01  7.878460019727D-01  7.878446869329D-01
  7.878425924689D-01  7.878413322747D-01  7.878392890582D-01  7.878380765234D-01
  7.878360773827D-01  7.878349053381D-01  7.878329430937D-01  7.878318043362D-01
  7.878298717477D-01  7.878287589872D-01  7.878268487015D-01  7.878257545070D-01
  7.878238590015D-01  7.878227757451D-01  7.878208872713D-01  7.878198070685D-01
  7.878179175910D-01  7.878168322390D-01  7.878149333707D-01  7.878138342819D-01
  7.878119172163D-01  7.878107953469D-01  7.878088507846D-01  7.878076965592D-01
  7.878057146283D-01  7.878045178575D-01  7.878024880287D-01  7.878012378203D-01
  7.877991488144D-01  7.877978334765D-01  7.877956731630D-01  7.877942800994D-01
  7.877920353874D-01  7.877905509822D-01  7.877882076996D-01  7.877866171922D-01
  7.877841599551D-01  7.877824473018D-01  7.877798593695D-01  7.877780070936D-01
  7.877752702112D-01  7.877732592361D-01  7.877703534604D-01  7.877681629280D-01
  7.877650664360D-01  7.877626735060D-01  7.877593623846D-01  7.877567420134D-01
  7.877531900277D-01  7.877503147253D-01  7.877464930629D-01  7.877433326242D-01
  7.877392096136D-01  7.877357308228D-01  7.877312716225D-01  7.877274379268D-01
  7.877226041825D-01  7.877183753316D-01  7.877131247979D-01  7.877084564467D-01
  7.877027425692D-01  7.876975858388D-01  7.876913572930D-01  7.876856582862D-01
  7.876788584682D-01  7.876725577340D-01  7.876651241980D-01  7.876581561405D-01
  7.876500199776D-01  7.876423122033D-01  7.876333973550D-01  7.876248699512D-01
  7.876150924512D-01  7.876056571888D-01  7.875949243255D-01  7.875844837787D-01
  7.875726931691D-01  7.875611397425D-01  7.875481783098D-01  7.875353931627D-01
  7.875211360059D-01  7.875069878648D-01  7.874912970096D-01  7.874756408547D-01
  7.874583638732D-01  7.874410394876D-01  7.874220079731D-01  7.874028383389D-01
  7.873818662194D-01  7.873606557452D-01  7.873375374207D-01  7.873140699829D-01
  7.872885782652D-01  7.872626150424D-01  7.872344988788D-01  7.872057759586D-01
  7.871747579160D-01  7.871429836495D-01  7.871087571327D-01  7.870736092104D-01
  7.870358353875D-01  7.869969576063D-01  7.869552620104D-01  7.869122607005D-01
  7.868662294719D-01  7.868186695461D-01  7.867678452791D-01  7.867152458656D-01
  7.866591230157D-01  7.866009526293D-01  7.865389724366D-01  7.864746436400D-01
  7.864061885152D-01  7.863350520162D-01  7.862594393332D-01  7.861807774573D-01
  7.860972526897D-01  7.860102721620D-01  7.859180012922D-01  7.858218252553D-01
  7.857198863799D-01  7.856135455651D-01  7.855009196104D-01  7.853833425727D-01
  7.852589030240D-01  7.851289053407D-01  7.849914068810D-01  7.848476792010D-01
  7.846957451417D-01  7.845368399636D-01  7.843689483349D-01  7.841932653754D-01
  7.840077335346D-01  7.838135035350D-01  7.836084711288D-01  7.833937379294D-01
  7.831671480330D-01  7.829297487262D-01  7.826793269577D-01  7.824168699086D-01
  7.821401012976D-01  7.818499417975D-01  7.815440451566D-01  7.812232584446D-01
  7.808851579682D-01  7.805305093275D-01  7.801568031025D-01  7.797647146989D-01
  7.793516397789D-01  7.789181538712D-01  7.784615475171D-01  7.779822856170D-01
  7.774775422585D-01  7.769476597670D-01  7.763896831778D-01  7.758038189554D-01
  7.751869690655D-01  7.745391893216D-01  7.738572230067D-01  7.731409587993D-01
  7.723869638873D-01  7.715949414173D-01  7.707612630336D-01  7.698854257850D-01
  7.689635840107D-01  7.679950056273D-01  7.669756032682D-01  7.659043898583D-01
  7.647770088978D-01  7.635921892125D-01  7.623452742491D-01  7.610346758677D-01
  7.596554024868D-01  7.582055117543D-01  7.566796373461D-01  7.550754403116D-01
  7.533871342857D-01  7.516119352558D-01  7.497435848892D-01  7.477787984054D-01
  7.457107856453D-01  7.435356966535D-01  7.412461400214D-01  7.388376256768D-01
  7.363020799139D-01  7.336342847542D-01  7.308253889186D-01  7.278693429526D-01
  7.247564051983D-01  7.214795716549D-01  7.180280757553D-01  7.143938116506D-01
  7.105648262713D-01  7.065317343644D-01  7.022812009055D-01  6.978023457546D-01
  6.930802139562D-01  6.881021672890D-01  6.828513393140D-01  6.773130103348D-01
  6.714680431857D-01  6.652992371430D-01  6.587847393294D-01  6.519043718612D-01
  6.446330123072D-01  6.369468867343D-01  6.288169108047D-01  6.202149392917D-01
  6.111070570082D-01  6.014597726686D-01  5.912332457734D-01  5.803874092423D-01
  5.688751144715D-01  5.566481627929D-01  5.436503460167D-01  5.298233613466D-01
  5.150997187205D-01  4.994085073023D-01  4.826681338889D-01  4.647919017866D-01
  4.456805369688D-01  4.252275318762D-01  4.033114131096D-01  3.798007914621D-01
  3.545463147094D-01  3.273855394177D-01  2.981339889056D-01  2.665903105171D-01
  2.325266097355D-01
Vac0 POTENTIAL                      exc: Vosko,Wilk,Nusair      
  1.76095821  6.66250000  1.77099661
   0.00000
   2.05765   0.8007018830   0.8498776284
353
 0.25000000D-01 0.31020338D-03
 0 1
  5.909184496828D-01  5.908803644898D-01  5.908409193452D-01  5.908289707465D-01
  5.908223342794D-01  5.908183786516D-01  5.908152565389D-01  5.908133006375D-01
  5.908115046868D-01  5.908105261063D-01  5.908095097295D-01  5.908091926725D-01
  5.908087662119D-01  5.908089966564D-01  5.908090950363D-01  5.908098419302D-01
  5.908104592879D-01  5.908117366955D-01  5.908129039511D-01  5.908147578002D-01
  5.908165349612D-01  5.908190391502D-01  5.908215142898D-01  5.908247717543D-01
  5.908280637463D-01  5.908322107092D-01  5.908364749088D-01  5.908416880345D-01
  5.908471249650D-01  5.908536316296D-01  5.908604990578D-01  5.908685914885D-01
  5.908772208048D-01  5.908872750557D-01  5.908980933097D-01  5.909105947269D-01
  5.909241537588D-01  5.909397136446D-01  5.909552548915D-01  5.909607592693D-01
  5.909522700007D-01  5.909446086070D-01  5.909369619403D-01  5.909300832460D-01
  5.909231648856D-01  5.909169649964D-01  5.909106802889D-01  5.909050727866D-01
  5.908993426728D-01  5.908942550828D-01  5.908890130001D-01  5.908843840858D-01
  5.908795735950D-01  5.908753512499D-01  5.908709241772D-01  5.908670637892D-01
  5.908629787552D-01  5.908594418951D-01  5.908556631625D-01  5.908524165491D-01
  5.908489130837D-01  5.908459277426D-01  5.908426724594D-01  5.908399230438D-01
  5.908368921973D-01  5.908343564383D-01  5.908315291185D-01  5.908291873601D-01
  5.908265450743D-01  5.908243799014D-01  5.908219062334D-01  5.908199021551D-01
  5.908175824742D-01  5.908157256618D-01  5.908135468841D-01  5.908118249468D-01
  5.908097753279D-01  5.908081771272D-01  5.908062460933D-01  5.908047615797D-01
  5.908029395758D-01  5.908015596570D-01  5.907998380221D-01  5.907985544421D-01
  5.907969253002D-01  5.907957305382D-01  5.907941867026D-01  5.907930738884D-01
  5.907916087817D-01  5.907905716139D-01  5.907891791973D-01  5.907882118795D-01
  5.907868865851D-01  5.907859837675D-01  5.907847204477D-01  5.907838771719D-01
  5.907826710477D-01  5.907818827021D-01  5.907807293195D-01  5.907799915978D-01
  5.907788867886D-01  5.907781956514D-01  5.907771354959D-01  5.907764871365D-01
  5.907754679332D-01  5.907748587471D-01  5.907738769807D-01  5.907733035353D-01
  5.907723558502D-01  5.907718148594D-01  5.907708980322D-01  5.907703863301D-01
  5.907694972468D-01  5.907690117636D-01  5.907681473933D-01  5.907676851338D-01
  5.907668425090D-01  5.907664005270D-01  5.907655767191D-01  5.907651520978D-01
  5.907643441959D-01  5.907639340247D-01  5.907631391136D-01  5.907627404669D-01
  5.907619556043D-01  5.907615655179D-01  5.907607877120D-01  5.907604031607D-01
  5.907596293470D-01  5.907592472200D-01  5.907584742358D-01  5.907580913127D-01
  5.907573158726D-01  5.907569287962D-01  5.907561474642D-01  5.907557527126D-01
  5.907549618733D-01  5.907545557301D-01  5.907537515582D-01  5.907533300805D-01
  5.907525085072D-01  5.907520674910D-01  5.907512241677D-01  5.907507591108D-01
  5.907498893710D-01  5.907493954315D-01  5.907484942478D-01  5.907479662013D-01
  5.907470281391D-01  5.907464603289D-01  5.907454794969D-01  5.907448657823D-01
  5.907438357761D-01  5.907431694743D-01  5.907420833163D-01  5.907413571387D-01
  5.907402072120D-01  5.907394131947D-01  5.907381911695D-01  5.907373205966D-01
  5.907360173500D-01  5.907350606696D-01  5.907336661970D-01  5.907326129276D-01
  5.907311162455D-01  5.907299548745D-01  5.907283439127D-01  5.907270617829D-01
  5.907253232664D-01  5.907239064520D-01  5.907220257698D-01  5.907204589391D-01
  5.907184200007D-01  5.907166862642D-01  5.907144713397D-01  5.907125520834D-01
  5.907101416281D-01  5.907080163286D-01  5.907053887894D-01  5.907030348097D-01
  5.907001664101D-01  5.906975587752D-01  5.906944232791D-01  5.906915344265D-01
  5.906881028767D-01  5.906849023822D-01  5.906811428114D-01  5.906775970854D-01
  5.906734741975D-01  5.906695461492D-01  5.906650209667D-01  5.906606696341D-01
  5.906556991082D-01  5.906508792484D-01  5.906454158289D-01  5.906400774657D-01
  5.906340686253D-01  5.906281565490D-01  5.906215442574D-01  5.906149974721D-01
  5.906077176155D-01  5.906004687285D-01  5.905924504668D-01  5.905844250137D-01
  5.905755900714D-01  5.905667057697D-01  5.905569676514D-01  5.905471335759D-01
  5.905363966991D-01  5.905255123706D-01  5.905136711075D-01  5.905016254851D-01
  5.904885631032D-01  5.904752334703D-01  5.904608209615D-01  5.904460716949D-01
  5.904301664808D-01  5.904138476893D-01  5.903962921902D-01  5.903782382104D-01
  5.903588582630D-01  5.903388859949D-01  5.903174891034D-01  5.902953961718D-01
  5.902717695733D-01  5.902473322937D-01  5.902212408203D-01  5.901942119506D-01
  5.901653956646D-01  5.901355019182D-01  5.901036734971D-01  5.900706127932D-01
  5.900354546382D-01  5.899988930608D-01  5.899600540986D-01  5.899196225331D-01
  5.898767146781D-01  5.898320050909D-01  5.897845993330D-01  5.897351606558D-01
  5.896827827313D-01  5.896281163084D-01  5.895702419111D-01  5.895097964617D-01
  5.894458459434D-01  5.893790119872D-01  5.893083444937D-01  5.892344481812D-01
  5.891563551618D-01  5.890746514458D-01  5.889883494680D-01  5.888980145434D-01
  5.888026373380D-01  5.887027602707D-01  5.885973499227D-01  5.884869233790D-01
  5.883704205700D-01  5.882483305464D-01  5.881195637447D-01  5.879845781885D-01
  5.878422516695D-01  5.876930078667D-01  5.875356884334D-01  5.873706790255D-01
  5.871967812835D-01  5.870143387591D-01  5.868221087817D-01  5.866203882707D-01
  5.864078854724D-01  5.861848456466D-01  5.859499226583D-01  5.857033045227D-01
  5.854435848365D-01  5.851708881640D-01  5.848837412883D-01  5.845821984203D-01
  5.842647122485D-01  5.839312589491D-01  5.835802090097D-01  5.832114520163D-01
  5.828232672236D-01  5.824154480910D-01  5.819861725671D-01  5.815351273436D-01
  5.810603778174D-01  5.805614920259D-01  5.800364102453D-01  5.794845685645D-01
  5.789037680728D-01  5.782932980222D-01  5.776508045491D-01  5.769754133695D-01
  5.762645979686D-01  5.755173017628D-01  5.747308056820D-01  5.739038497199D-01
  5.730334998210D-01  5.721182687258D-01  5.711549820581D-01  5.701418983559D-01
  5.690755742338D-01  5.679539834691D-01  5.667733810896D-01  5.655314213584D-01
  5.642240206072D-01  5.628484739289D-01  5.614003165410D-01  5.598764389533D-01
  5.582719465971D-01  5.565832731848D-01  5.548050382812D-01  5.529331585057D-01
  5.509617026475D-01  5.488860002765D-01  5.466994939092D-01  5.443968444893D-01
  5.419707799881D-01  5.394151970805D-01  5.367220054091D-01  5.338842246051D-01
  5.308928232471D-01  5.277398101523D-01  5.244150668038D-01  5.209094315493D-01
  5.172115239376D-01  5.133108200885D-01  5.091944669517D-01  5.048503466234D-01
  5.002638779846D-01  4.954210671083D-01  4.903052930070D-01  4.849003404491D-01
  4.791871655962D-01  4.731469064645D-01  4.667576229892D-01  4.599972789440D-01
  4.528404493331D-01  4.452612657095D-01  4.372300816387D-01  4.287163708872D-01
  4.196853388598D-01  4.101007598770D-01  3.999215187392D-01  3.891043690693D-01
  3.776003842695D-01  3.653576128700D-01  3.523174140515D-01  3.384169757317D-01
  3.235854967665D-01  3.077466531132D-01  2.908141629665D-01  2.726945956280D-01
  2.532823280272D-01
