In49 POTENTIAL                      exc: Vosko,Wilk,Nusair      
  2.37798540  6.82500000  2.34921590
  49.00000
   2.59633   0.7247660131   0.8163259377
353
 0.25000000D-01 0.39141124D-03
 9 1
    0  -1.96656160000D+03
    0  -2.87428550000D+02
    0  -5.37136240000D+01
    0  -7.39818510000D+00
    1  -2.68528840000D+02
    1  -4.59639090000D+01
    1  -4.86454470000D+00
    2  -3.15522220000D+01
    2  -7.38539920000D-01
  4.724081915930D+02  4.724359156759D+02  4.724642699188D+02  4.724932601579D+02
  4.725228953970D+02  4.725531897639D+02  4.725841531840D+02  4.726157998797D+02
  4.726481399936D+02  4.726811878661D+02  4.727149537823D+02  4.727494521642D+02
  4.727846933839D+02  4.728206919025D+02  4.728574581239D+02  4.728950064969D+02
  4.729333473964D+02  4.729724951988D+02  4.730124601826D+02  4.730532565826D+02
  4.730948945043D+02  4.731373879616D+02  4.731807468014D+02  4.732249847265D+02
  4.732701112284D+02  4.733161395972D+02  4.733630788602D+02  4.734109417804D+02
  4.734597367991D+02  4.735094760237D+02  4.735601671732D+02  4.736118215563D+02
  4.736644460174D+02  4.737180509063D+02  4.737726420242D+02  4.738282285842D+02
  4.738848151563D+02  4.739424096195D+02  4.740010151054D+02  4.740606379408D+02
  4.741212795972D+02  4.741829445996D+02  4.742456324901D+02  4.743093457443D+02
  4.743740817049D+02  4.744398404981D+02  4.745066169622D+02  4.745744085546D+02
  4.746432072752D+02  4.747130075637D+02  4.747837982168D+02  4.748555702755D+02
  4.749283089359D+02  4.750020014262D+02  4.750766289098D+02  4.751521743521D+02
  4.752286144156D+02  4.753059273155D+02  4.753840847072D+02  4.754630595298D+02
  4.755428178849D+02  4.756233268691D+02  4.757045464427D+02  4.757864372511D+02
  4.758689524837D+02  4.759520456832D+02  4.760356625946D+02  4.761197489624D+02
  4.762042423700D+02  4.762890800246D+02  4.763741905864D+02  4.764595019419D+02
  4.765449330227D+02  4.766304015682D+02  4.767158159339D+02  4.768010828434D+02
  4.768860991875D+02  4.769707597662D+02  4.770549490795D+02  4.771385490595D+02
  4.772214308547D+02  4.773034625537D+02  4.773845009638D+02  4.774643993283D+02
  4.775429991009D+02  4.776201376593D+02  4.776956400767D+02  4.777693268342D+02
  4.778410055930D+02  4.779104789078D+02  4.779775360028D+02  4.780419604899D+02
  4.781035221519D+02  4.781619846696D+02  4.782170974171D+02  4.782686032017D+02
  4.783162300758D+02  4.783596990963D+02  4.783987161581D+02  4.784329797783D+02
  4.784621729584D+02  4.784859709996D+02  4.785040334007D+02  4.785160117119D+02
  4.785215414760D+02  4.785202501290D+02  4.785117489921D+02  4.784956412284D+02
  4.784715138948D+02  4.784389459631D+02  4.783975004418D+02  4.783467324707D+02
  4.782861815228D+02  4.782153795821D+02  4.781338434349D+02  4.780410829414D+02
  4.779365934257D+02  4.778198640509D+02  4.776903703174D+02  4.775475825505D+02
  4.773909585153D+02  4.772199520249D+02  4.770340056798D+02  4.768325596031D+02
  4.766150443097D+02  4.763808895733D+02  4.761295174292D+02  4.758603511745D+02
  4.755728085045D+02  4.752663106451D+02  4.749402756196D+02  4.745941275073D+02
  4.742272898320D+02  4.738391949369D+02  4.734292774812D+02  4.729969839142D+02
  4.725417660605D+02  4.720630906697D+02  4.715604330630D+02  4.710332867277D+02
  4.704811569899D+02  4.699035706144D+02  4.693000694603D+02  4.686702200372D+02
  4.680136070913D+02  4.673298430611D+02  4.666185615313D+02  4.658794265220D+02
  4.651121257400D+02  4.643163796272D+02  4.634919343309D+02  4.626385704298D+02
  4.617560955406D+02  4.608443526363D+02  4.599032122024D+02  4.589325800626D+02
  4.579323890007D+02  4.569026060142D+02  4.558432233276D+02  4.547542650067D+02
  4.536357773058D+02  4.524878346062D+02  4.513105290687D+02  4.501039758817D+02
  4.488683022514D+02  4.476036520108D+02  4.463101740266D+02  4.449880262986D+02
  4.436373639560D+02  4.422583430730D+02  4.408511085367D+02  4.394157979245D+02
  4.379525296559D+02  4.364614074088D+02  4.349425090999D+02  4.333958924444D+02
  4.318215854169D+02  4.302195936394D+02  4.285898930130D+02  4.269324395950D+02
  4.252471649887D+02  4.235339891697D+02  4.217928189073D+02  4.200235635570D+02
  4.182261362102D+02  4.164004717750D+02  4.145465297555D+02  4.126643130913D+02
  4.107538706302D+02  4.088153144503D+02  4.068488195293D+02  4.048546369944D+02
  4.028330885779D+02  4.007845737481D+02  3.987095574799D+02  3.966085705526D+02
  3.944821907991D+02  3.923310376527D+02  3.901557488271D+02  3.879569717991D+02
  3.857353391355D+02  3.834914604047D+02  3.812258996536D+02  3.789391710089D+02
  3.766317211123D+02  3.743039306153D+02  3.719561030806D+02  3.695884731584D+02
  3.672012020512D+02  3.647943918462D+02  3.623680864939D+02  3.599222908293D+02
  3.574569752888D+02  3.549720976446D+02  3.524676093730D+02  3.499434779797D+02
  3.473996929315D+02  3.448362865660D+02  3.422533377045D+02  3.396509894125D+02
  3.370294487515D+02  3.343890000682D+02  3.317299997725D+02  3.290528843078D+02
  3.263581594006D+02  3.236464024611D+02  3.209182464026D+02  3.181743769518D+02
  3.154155119399D+02  3.126423948544D+02  3.098557714459D+02  3.070563818966D+02
  3.042449375639D+02  3.014221150862D+02  2.985885370003D+02  2.957447717391D+02
  2.928913220843D+02  2.900286346747D+02  2.871570991273D+02  2.842770685768D+02
  2.813888691230D+02  2.784928287274D+02  2.755892917173D+02  2.726786482715D+02
  2.697613442899D+02  2.668379009453D+02  2.639089100742D+02  2.609750363085D+02
  2.580369943529D+02  2.550955348355D+02  2.521514094671D+02  2.492053506343D+02
  2.462580369321D+02  2.433100795323D+02  2.403619997946D+02  2.374142313420D+02
  2.344671150938D+02  2.315209186430D+02  2.285758469278D+02  2.256320744608D+02
  2.226897653810D+02  2.197491112763D+02  2.168103530969D+02  2.138738173382D+02
  2.109399331818D+02  2.080092612944D+02  2.050825014624D+02  2.021605102852D+02
  1.992442966170D+02  1.963350264087D+02  1.934340051799D+02  1.905426701131D+02
  1.876625603787D+02  1.847952981173D+02  1.819425489425D+02  1.791059948001D+02
  1.762872883518D+02  1.734880221121D+02  1.707096819194D+02  1.679536184808D+02
  1.652210071443D+02  1.625128303043D+02  1.598298532268D+02  1.571726281800D+02
  1.545414976204D+02  1.519366303508D+02  1.493580589098D+02  1.468057477246D+02
  1.442796540401D+02  1.417798040947D+02  1.393063407543D+02  1.368595633219D+02
  1.344399201608D+02  1.320479855104D+02  1.296843951476D+02  1.273497849377D+02
  1.250447138622D+02  1.227696150590D+02  1.205247498534D+02  1.183101989340D+02
  1.161258567958D+02  1.139714573643D+02  1.118465937783D+02  1.097507596988D+02
  1.076833761862D+02  1.056438333398D+02  1.036315126599D+02  1.016458211078D+02
  9.968620414429D+01  9.775216981258D+01  9.584329187046D+01  9.395922447001D+01
  9.209969678086D+01  9.026452018971D+01  8.845357657284D+01  8.666682029173D+01
  8.490426238770D+01  8.316596956196D+01  8.145204633996D+01  7.976263290259D+01
  7.809788688151D+01  7.645798148211D+01  7.484308812489D+01  7.325337585132D+01
  7.168899558806D+01  7.015008141089D+01  6.863673682457D+01  6.714903811534D+01
  6.568702273873D+01  6.425069473840D+01  6.284001512996D+01  6.145490920698D+01
  6.009525869584D+01  5.876091069394D+01  5.745167132219D+01  5.616731600583D+01
  5.490758431314D+01  5.367219122806D+01  5.246082275986D+01  5.127314769725D+01
  5.010881335892D+01  4.896745707021D+01  4.784870119027D+01  4.675216340451D+01
  4.567745018101D+01  4.462416521428D+01  4.359190094666D+01  4.258024516419D+01
  4.158877095747D+01  4.061704224893D+01  3.966460266596D+01  3.873098130404D+01
  3.781568123839D+01
N_07 POTENTIAL                      exc: Vosko,Wilk,Nusair      
  1.80145647  6.82500000  1.81203139
   7.00000
   2.10533   0.7247660131   0.8163259377
353
 0.25000000D-01 0.31739093D-03
 2 1
    0  -2.69998930000D+01
    0  -4.29582100000D-01
  2.594276434604D+01  2.594316540039D+01  2.594357625203D+01  2.594402308465D+01
  2.594448617794D+01  2.594496322597D+01  2.594545307673D+01  2.594595609041D+01
  2.594647188566D+01  2.594700112879D+01  2.594754358795D+01  2.594810001480D+01
  2.594867023299D+01  2.594925503435D+01  2.594985427428D+01  2.595046877154D+01
  2.595109840559D+01  2.595174401748D+01  2.595240550797D+01  2.595308373878D+01
  2.595377863104D+01  2.595449106674D+01  2.595522098730D+01  2.595596929511D+01
  2.595673595222D+01  2.595752188185D+01  2.595832706720D+01  2.595915245294D+01
  2.595999804407D+01  2.596086480745D+01  2.596175277064D+01  2.596266292344D+01
  2.596359531677D+01  2.596455096423D+01  2.596552994097D+01  2.596653328525D+01
  2.596756109731D+01  2.596861444098D+01  2.596969344270D+01  2.597079919538D+01
  2.597193224084D+01  2.597309329873D+01  2.597428255048D+01  2.597550114249D+01
  2.597674928499D+01  2.597802815368D+01  2.597933798858D+01  2.598067999564D+01
  2.598205444564D+01  2.598346257578D+01  2.598490468856D+01  2.598638205338D+01
  2.598789500541D+01  2.598944484721D+01  2.599103194757D+01  2.599265764312D+01
  2.599432233718D+01  2.599602740133D+01  2.599777327432D+01  2.599956136354D+01
  2.600139214397D+01  2.600326705964D+01  2.600518662252D+01  2.600715231401D+01
  2.600916468380D+01  2.601122525131D+01  2.601333460458D+01  2.601549430163D+01
  2.601770496936D+01  2.601996820486D+01  2.602228467428D+01  2.602465601416D+01
  2.602708293018D+01  2.602956709847D+01  2.603210926437D+01  2.603471114366D+01
  2.603737352125D+01  2.604009815239D+01  2.604288586129D+01  2.604573844229D+01
  2.604865675838D+01  2.605164264232D+01  2.605469699510D+01  2.605782168697D+01
  2.606101765583D+01  2.606428680814D+01  2.606763011725D+01  2.607104952421D+01
  2.607454603598D+01  2.607812162614D+01  2.608177733299D+01  2.608551516010D+01
  2.608933617432D+01  2.609324240619D+01  2.609723494777D+01  2.610131585291D+01
  2.610548623495D+01  2.610974816678D+01  2.611410277835D+01  2.611855215658D+01
  2.612309744263D+01  2.612774073163D+01  2.613248316970D+01  2.613732685346D+01
  2.614227292680D+01  2.614732348012D+01  2.615247964687D+01  2.615774350244D+01
  2.616311616045D+01  2.616859967132D+01  2.617419511819D+01  2.617990451520D+01
  2.618572890304D+01  2.619167024682D+01  2.619772953123D+01  2.620390865802D+01
  2.621020854075D+01  2.621663100175D+01  2.622317686644D+01  2.622984785984D+01
  2.623664470028D+01  2.624356899547D+01  2.625062133562D+01  2.625780318890D+01
  2.626511499402D+01  2.627255805503D+01  2.628013263323D+01  2.628783984134D+01
  2.629567973470D+01  2.630365320470D+01  2.631176006921D+01  2.632000096526D+01
  2.632837543870D+01  2.633688383596D+01  2.634552539289D+01  2.635430012567D+01
  2.636320691869D+01  2.637224541450D+01  2.638141410076D+01  2.639071219916D+01
  2.640013775137D+01  2.640968950687D+01  2.641936500784D+01  2.642916247591D+01
  2.643907889582D+01  2.644911190112D+01  2.645925785664D+01  2.646951374291D+01
  2.647987523746D+01  2.649033859800D+01  2.650089874248D+01  2.651155113095D+01
  2.652228984437D+01  2.653310946521D+01  2.654400315487D+01  2.655496453308D+01
  2.656598575399D+01  2.657705938425D+01  2.658817647783D+01  2.659932845290D+01
  2.661050516533D+01  2.662169678438D+01  2.663289186503D+01  2.664407922253D+01
  2.665524600363D+01  2.666637956009D+01  2.667746551898D+01  2.668848965524D+01
  2.669943596120D+01  2.671028851842D+01  2.672102956666D+01  2.673164137514D+01
  2.674210431117D+01  2.675239871128D+01  2.676250294972D+01  2.677239530971D+01
  2.678205205233D+01  2.679144928820D+01  2.680056104712D+01  2.680936115082D+01
  2.681782128373D+01  2.682591286728D+01  2.683360513255D+01  2.684086699663D+01
  2.684766513775D+01  2.685396587451D+01  2.685973324419D+01  2.686493088562D+01
  2.686952012152D+01  2.687346184586D+01  2.687671461118D+01  2.687923652134D+01
  2.688098332488D+01  2.688191031422D+01  2.688197042604D+01  2.688111614816D+01
  2.687929762811D+01  2.687646458880D+01  2.687256444652D+01  2.686754423669D+01
  2.686134874258D+01  2.685392243237D+01  2.684520759993D+01  2.683514631450D+01
  2.682367857475D+01  2.681074427250D+01  2.679628136125D+01  2.678022783514D+01
  2.676251991325D+01  2.674309403482D+01  2.672188506047D+01  2.669882828469D+01
  2.667385765479D+01  2.664690780147D+01  2.661791227620D+01  2.658680560033D+01
  2.655352152120D+01  2.651799508007D+01  2.648016088679D+01  2.643995520628D+01
  2.639731425129D+01  2.635217628660D+01  2.630447993882D+01  2.625416631684D+01
  2.620117733699D+01  2.614545785763D+01  2.608695401726D+01  2.602561538034D+01
  2.596139328499D+01  2.589424299651D+01  2.582412206043D+01  2.575099245906D+01
  2.567481896491D+01  2.559557129464D+01  2.551322245686D+01  2.542775089694D+01
  2.533913883214D+01  2.524737437992D+01  2.515244987242D+01  2.505436395986D+01
  2.495311989567D+01  2.484872760583D+01  2.474120193510D+01  2.463056467251D+01
  2.451684274860D+01  2.440007020684D+01  2.428028634145D+01  2.415753760403D+01
  2.403187567223D+01  2.390335928079D+01  2.377205220984D+01  2.363802503168D+01
  2.350135300911D+01  2.336211774829D+01  2.322040499887D+01  2.307630620500D+01
  2.292991620046D+01  2.278133465186D+01  2.263066364396D+01  2.247800901170D+01
  2.232347781376D+01  2.216717955336D+01  2.200922354204D+01  2.184972001358D+01
  2.168877738521D+01  2.152650327523D+01  2.136300167619D+01  2.119837389545D+01
  2.103271566552D+01  2.086611803965D+01  2.069866447991D+01  2.053043175882D+01
  2.036148708857D+01  2.019188910700D+01  2.002168514401D+01  1.985091240840D+01
  1.967959553110D+01  1.950774811793D+01  1.933537076090D+01  1.916245317318D+01
  1.898897290540D+01  1.881489831117D+01  1.864018821239D+01  1.846479591211D+01
  1.828866996653D+01  1.811175930371D+01  1.793401501678D+01  1.775539631302D+01
  1.757587282535D+01  1.739543064359D+01  1.721407416359D+01  1.703183104227D+01
  1.684875234773D+01  1.666491526166D+01  1.648042057402D+01  1.629539254834D+01
  1.610997366104D+01  1.592432205925D+01  1.573860446643D+01  1.555299253190D+01
  1.536765541022D+01  1.518275652911D+01  1.499844721552D+01  1.481486497283D+01
  1.463212889309D+01  1.445033982069D+01  1.426957760187D+01  1.408990292602D+01
  1.391135602203D+01  1.373395968157D+01  1.355771886655D+01  1.338262438784D+01
  1.320865293984D+01  1.303577101180D+01  1.286393499581D+01  1.269309504594D+01
  1.252319503841D+01  1.235417621331D+01  1.218597686884D+01  1.201853570604D+01
  1.185179120823D+01  1.168568466370D+01  1.152015922359D+01  1.135516260933D+01
  1.119064586568D+01  1.102656577674D+01  1.086288334300D+01  1.069956593793D+01
  1.053658554299D+01  1.037392067975D+01  1.021155443785D+01  1.004947621722D+01
  9.887679582567D+00  9.726163847396D+00  9.564931784900D+00  9.403991081197D+00
  9.243351926910D+00  9.083028360536D+00  8.923035757879D+00  8.763392078337D+00
  8.604115260367D+00  8.445224373805D+00  8.286736919313D+00  8.128669879304D+00
  7.971036908820D+00  7.813849267644D+00  7.657112881935D+00  7.500829132947D+00
  7.344991764158D+00  7.189587544258D+00  7.034592864876D+00  6.879974414119D+00
  6.725685470896D+00
Vac0 POTENTIAL                      exc: Vosko,Wilk,Nusair      
  2.37798540  6.82500000  2.34921590
   0.00000
   2.59633   0.7247660131   0.8163259377
353
 0.25000000D-01 0.39141124D-03
 0 1
  7.465637814322D-01  7.465408794301D-01  7.465165571492D-01  7.465096653176D-01
  7.465056800511D-01  7.465041497472D-01  7.465027590905D-01  7.465029004563D-01
  7.465027896952D-01  7.465040278819D-01  7.465049305123D-01  7.465071539130D-01
  7.465090484847D-01  7.465122952325D-01  7.465152640653D-01  7.465196530016D-01
  7.465238480566D-01  7.465295634341D-01  7.465352020507D-01  7.465424963742D-01
  7.465498694582D-01  7.465590762928D-01  7.465685653179D-01  7.465801203521D-01
  7.465922227536D-01  7.466066940084D-01  7.466220587506D-01  7.466401882883D-01
  7.466596646869D-01  7.466824255959D-01  7.467071298340D-01  7.467358039384D-01
  7.467672098345D-01  7.468034937748D-01  7.468435568180D-01  7.468897071179D-01
  7.469410326166D-01  7.469999750895D-01  7.470598913904D-01  7.470846968553D-01
  7.470575994398D-01  7.470327412529D-01  7.470083607736D-01  7.469860259562D-01
  7.469639931295D-01  7.469438460855D-01  7.469238552426D-01  7.469056169573D-01
  7.468874128870D-01  7.468708494721D-01  7.468542174275D-01  7.468391313447D-01
  7.468238893037D-01  7.468101125555D-01  7.467961052148D-01  7.467834940131D-01
  7.467705880465D-01  7.467590185944D-01  7.467470988966D-01  7.467364640191D-01
  7.467254306773D-01  7.467156371189D-01  7.467054029869D-01  7.466963692175D-01
  7.466868579279D-01  7.466785123427D-01  7.466696566865D-01  7.466619361340D-01
  7.466536767166D-01  7.466465252840D-01  7.466388094187D-01  7.466321774113D-01
  7.466249581860D-01  7.466188012829D-01  7.466120367863D-01  7.466063153209D-01
  7.465999679838D-01  7.465946463422D-01  7.465886823808D-01  7.465837284919D-01
  7.465781174334D-01  7.465735023256D-01  7.465682166044D-01  7.465639140298D-01
  7.465589286383D-01  7.465549147526D-01  7.465502069391D-01  7.465464600198D-01
  7.465420090308D-01  7.465385092344D-01  7.465342960836D-01  7.465310252341D-01
  7.465270325075D-01  7.465239739088D-01  7.465201855899D-01  7.465173238655D-01
  7.465137251802D-01  7.465110461263D-01  7.465076234100D-01  7.465051138692D-01
  7.465018544435D-01  7.464995021889D-01  7.464963942529D-01  7.464941878896D-01
  7.464912204277D-01  7.464891492935D-01  7.464863119812D-01  7.464843660703D-01
  7.464816491989D-01  7.464798190820D-01  7.464772134838D-01  7.464754902384D-01
  7.464729872196D-01  7.464713623643D-01  7.464689536430D-01  7.464674190796D-01
  7.464650967257D-01  7.464636446798D-01  7.464614010613D-01  7.464600240293D-01
  7.464578517575D-01  7.464565424541D-01  7.464544343346D-01  7.464531856429D-01
  7.464511346243D-01  7.464499395461D-01  7.464479386714D-01  7.464467902788D-01
  7.464448326372D-01  7.464437240237D-01  7.464418026999D-01  7.464407269310D-01
  7.464388349584D-01  7.464377850201D-01  7.464359153258D-01  7.464348840754D-01
  7.464330294312D-01  7.464320095399D-01  7.464301625043D-01  7.464291464030D-01
  7.464272992641D-01  7.464262790834D-01  7.464244237976D-01  7.464233913036D-01
  7.464215194298D-01  7.464204659565D-01  7.464185685862D-01  7.464174849632D-01
  7.464155526445D-01  7.464144291184D-01  7.464124517749D-01  7.464112779242D-01
  7.464092447662D-01  7.464080094091D-01  7.464059088378D-01  7.464045999317D-01
  7.464024194337D-01  7.464010239663D-01  7.463987499995D-01  7.463972538678D-01
  7.463948717359D-01  7.463932596155D-01  7.463907533304D-01  7.463890085317D-01
  7.463863606625D-01  7.463844649722D-01  7.463816564795D-01  7.463795899865D-01
  7.463766000401D-01  7.463743409445D-01  7.463711467223D-01  7.463686711246D-01
  7.463652475914D-01  7.463625292603D-01  7.463588489247D-01  7.463558590412D-01
  7.463518916862D-01  7.463485985614D-01  7.463443109485D-01  7.463406797125D-01
  7.463360352544D-01  7.463320275126D-01  7.463269859125D-01  7.463225593665D-01
  7.463170762200D-01  7.463121842490D-01  7.463062106037D-01  7.463008018028D-01
  7.462942836731D-01  7.462883013420D-01  7.462811791727D-01  7.462745607528D-01
  7.462667688263D-01  7.462594452778D-01  7.462509110600D-01  7.462428061739D-01
  7.462334495910D-01  7.462244792290D-01  7.462142118686D-01  7.462042831238D-01
  7.461930073525D-01  7.461820176211D-01  7.461696256089D-01  7.461574615655D-01
  7.461438342082D-01  7.461303706725D-01  7.461153764007D-01  7.461004750854D-01
  7.460839685484D-01  7.460674766760D-01  7.460492972871D-01  7.460310460600D-01
  7.460110163890D-01  7.459908193002D-01  7.459687432963D-01  7.459463942609D-01
  7.459220552891D-01  7.458973265797D-01  7.458704852503D-01  7.458431252151D-01
  7.458135169839D-01  7.457832475242D-01  7.457505800409D-01  7.457170938224D-01
  7.456810439988D-01  7.456440013695D-01  7.456042121387D-01  7.455632377216D-01
  7.455193144553D-01  7.454739933816D-01  7.454254999297D-01  7.453753736741D-01
  7.453218279859D-01  7.452663897627D-01  7.452072590457D-01  7.451459487184D-01
  7.450806440856D-01  7.450128425381D-01  7.449407130895D-01  7.448657360027D-01
  7.447860622804D-01  7.447031532494D-01  7.446151400001D-01  7.445234629235D-01
  7.444262310942D-01  7.443248617560D-01  7.442174396412D-01  7.441053563999D-01
  7.439866698489D-01  7.438627433383D-01  7.437316049228D-01  7.435945866579D-01
  7.434496836864D-01  7.432981934565D-01  7.431380747134D-01  7.429705866316D-01
  7.427936477011D-01  7.426084747644D-01  7.424129417865D-01  7.422082187854D-01
  7.419921304730D-01  7.417657950686D-01  7.415269827955D-01  7.412767545646D-01
  7.410128203116D-01  7.407361775350D-01  7.404444694568D-01  7.401386233992D-01
  7.398162087478D-01  7.394780751492D-01  7.391217102549D-01  7.387478777184D-01
  7.383539746949D-01  7.379406696155D-01  7.375052594134D-01  7.370483070490D-01
  7.365669984312D-01  7.360617796626D-01  7.355297136204D-01  7.349711168870D-01
  7.343829159485D-01  7.337652837720D-01  7.331149955741D-01  7.324320649992D-01
  7.317130994025D-01  7.309579355775D-01  7.301629944884D-01  7.293279164853D-01
  7.284489154118D-01  7.275254132333D-01  7.265533934328D-01  7.255320349645D-01
  7.244570648322D-01  7.233273912645D-01  7.221384553490D-01  7.208888633024D-01
  7.195737370076D-01  7.181913452235D-01  7.167364528396D-01  7.152069508324D-01
  7.135972040095D-01  7.119046794750D-01  7.101232925791D-01  7.082500335945D-01
  7.062783115181D-01  7.042045785845D-01  7.020216714765D-01  6.997254332016D-01
  6.973080511547D-01  6.947646757565D-01  6.920867546631D-01  6.892686474041D-01
  6.863009548452D-01  6.831771288531D-01  6.798867958768D-01  6.764223603993D-01
  6.727723211949D-01  6.689278669826D-01  6.648761835229D-01  6.606070394484D-01
  6.561060818561D-01  6.513614097262D-01  6.463568550178D-01  6.410785403573D-01
  6.355081418109D-01  6.296294265857D-01  6.234214925746D-01  6.168652805975D-01
  6.099367844185D-01  6.026135304797D-01  5.948677502825D-01  5.866728185183D-01
  5.779963773587D-01  5.688067212348D-01  5.590658595434D-01  5.487358328963D-01
  5.377716968462D-01  5.261277500368D-01  5.137504165925D-01  5.005843610725D-01
  4.865652409982D-01  4.716256767500D-01  4.556878382895D-01  4.386692302881D-01
  4.204750687886D-01  4.010038327012D-01  3.801393813882D-01  3.577562114506D-01
  3.337112544631D-01  3.078489266030D-01  2.799920888995D-01  2.499472717707D-01
  2.174949349265D-01
Vac0 POTENTIAL                      exc: Vosko,Wilk,Nusair      
  1.80145647  6.82500000  1.81203139
   0.00000
   2.10533   0.7247660131   0.8163259377
353
 0.25000000D-01 0.31739093D-03
 0 1
  5.566126133302D-01  5.565768179491D-01  5.565397397221D-01  5.565285112522D-01
  5.565222698235D-01  5.565185516857D-01  5.565156113777D-01  5.565137706189D-01
  5.565120744832D-01  5.565111497664D-01  5.565101834641D-01  5.565098773291D-01
  5.565094618120D-01  5.565096661061D-01  5.565097390787D-01  5.565104232215D-01
  5.565109775754D-01  5.565121529222D-01  5.565132154999D-01  5.565149226163D-01
  5.565165468052D-01  5.565188516392D-01  5.565211161118D-01  5.565241106059D-01
  5.565271214821D-01  5.565309271600D-01  5.565348228684D-01  5.565395969377D-01
  5.565445556685D-01  5.565504998630D-01  5.565567499456D-01  5.565641227136D-01
  5.565719567582D-01  5.565810895788D-01  5.565908833892D-01  5.566022026666D-01
  5.566144402606D-01  5.566284813743D-01  5.566424721475D-01  5.566472333381D-01
  5.566392256444D-01  5.566320020396D-01  5.566247889661D-01  5.566183034977D-01
  5.566117772651D-01  5.566059319498D-01  5.566000032964D-01  5.565947166447D-01
  5.565893110069D-01  5.565845146687D-01  5.565795692778D-01  5.565752054993D-01
  5.565706671305D-01  5.565666867751D-01  5.565625099933D-01  5.565588709885D-01
  5.565550167753D-01  5.565516828798D-01  5.565481175287D-01  5.565450573563D-01
  5.565417515989D-01  5.565389378229D-01  5.565358661188D-01  5.565332748378D-01
  5.565304147923D-01  5.565280250016D-01  5.565253568950D-01  5.565231500578D-01
  5.565206564501D-01  5.565186161432D-01  5.565162815500D-01  5.565143931652D-01
  5.565122037905D-01  5.565104542839D-01  5.565083977872D-01  5.565067754731D-01
  5.565048407789D-01  5.565033351530D-01  5.565015122866D-01  5.565001138714D-01
  5.564983938223D-01  5.564970940412D-01  5.564954686408D-01  5.564942597072D-01
  5.564927215259D-01  5.564915963471D-01  5.564901386084D-01  5.564890907023D-01
  5.564877072015D-01  5.564867306246D-01  5.564854156649D-01  5.564845049506D-01
  5.564832532801D-01  5.564824033810D-01  5.564812101433D-01  5.564804163813D-01
  5.564792770689D-01  5.564785350944D-01  5.564774455034D-01  5.564767512535D-01
  5.564757074516D-01  5.564750571141D-01  5.564740554030D-01  5.564734453856D-01
  5.564724822721D-01  5.564719091731D-01  5.564709813391D-01  5.564704419190D-01
  5.564695461967D-01  5.564690373526D-01  5.564681707000D-01  5.564676894433D-01
  5.564668489184D-01  5.564663923508D-01  5.564655750926D-01  5.564651403844D-01
  5.564643435894D-01  5.564639279579D-01  5.564631488600D-01  5.564627495491D-01
  5.564619853973D-01  5.564615996571D-01  5.564608476967D-01  5.564604727615D-01
  5.564597302105D-01  5.564593632783D-01  5.564586273087D-01  5.564582655186D-01
  5.564575332320D-01  5.564571736424D-01  5.564564420476D-01  5.564560816120D-01
  5.564553476008D-01  5.564549831426D-01  5.564542434642D-01  5.564538716510D-01
  5.564531228837D-01  5.564527401982D-01  5.564519787211D-01  5.564515814314D-01
  5.564508033930D-01  5.564503875188D-01  5.564495888024D-01  5.564491500806D-01
  5.564483262674D-01  5.564478601138D-01  5.564470064428D-01  5.564465079094D-01
  5.564456192341D-01  5.564450829636D-01  5.564441537039D-01  5.564435738800D-01
  5.564425979698D-01  5.564419682621D-01  5.564409390917D-01  5.564402525962D-01
  5.564391629498D-01  5.564384121217D-01  5.564372541081D-01  5.564364306903D-01
  5.564351956663D-01  5.564342906088D-01  5.564329690959D-01  5.564319724682D-01
  5.564305540597D-01  5.564294549538D-01  5.564279282133D-01  5.564267146365D-01
  5.564250669857D-01  5.564237257427D-01  5.564219433373D-01  5.564204599008D-01
  5.564185274940D-01  5.564168858601D-01  5.564147866518D-01  5.564129691825D-01
  5.564106846526D-01  5.564086719001D-01  5.564061816250D-01  5.564039521390D-01
  5.564012335882D-01  5.563987637020D-01  5.563957920141D-01  5.563930556095D-01
  5.563898033443D-01  5.563867715908D-01  5.563832084557D-01  5.563798495232D-01
  5.563759420709D-01  5.563722208113D-01  5.563679321057D-01  5.563638097026D-01
  5.563590989495D-01  5.563545325294D-01  5.563493546691D-01  5.563442968731D-01
  5.563386021289D-01  5.563330006385D-01  5.563267340193D-01  5.563205310330D-01
  5.563136317824D-01  5.563067634366D-01  5.562991644244D-01  5.562915601543D-01
  5.562831872041D-01  5.562747690363D-01  5.562655401822D-01  5.562562219532D-01
  5.562460466185D-01  5.562357331111D-01  5.562245111997D-01  5.562130971884D-01
  5.562007180817D-01  5.561880872771D-01  5.561744287235D-01  5.561604526058D-01
  5.561453794948D-01  5.561299160241D-01  5.561132790301D-01  5.560961712204D-01
  5.560778053034D-01  5.560588796467D-01  5.560386023952D-01  5.560176671185D-01
  5.559952769167D-01  5.559721200552D-01  5.559473940571D-01  5.559217813240D-01
  5.558944732130D-01  5.558661456431D-01  5.558359831548D-01  5.558046544999D-01
  5.557713366822D-01  5.557366905295D-01  5.556998847130D-01  5.556615712992D-01
  5.556209097461D-01  5.555785424327D-01  5.555336186298D-01  5.554867700047D-01
  5.554371345636D-01  5.553853321284D-01  5.553304882485D-01  5.552732096467D-01
  5.552126080963D-01  5.551492758335D-01  5.550823093957D-01  5.550122849966D-01
  5.549382823219D-01  5.548608598629D-01  5.547790786651D-01  5.546934776156D-01
  5.546030971389D-01  5.545084544342D-01  5.544085671122D-01  5.543039283758D-01
  5.541935305931D-01  5.540778404143D-01  5.539558222730D-01  5.538279134338D-01
  5.536930474137D-01  5.535516289518D-01  5.534025573419D-01  5.532462013163D-01
  5.530814222796D-01  5.529085490959D-01  5.527264012134D-01  5.525352633441D-01
  5.523339084661D-01  5.521225723837D-01  5.518999765936D-01  5.516663027111D-01
  5.514202151846D-01  5.511618355721D-01  5.508897650858D-01  5.506040587018D-01
  5.503032475144D-01  5.499873126585D-01  5.496547074506D-01  5.493053311019D-01
  5.489375506196D-01  5.485511742837D-01  5.481444732798D-01  5.477171549101D-01
  5.472673839232D-01  5.467947554250D-01  5.462973158665D-01  5.457745356156D-01
  5.452243295584D-01  5.446460292849D-01  5.440374032525D-01  5.433976285335D-01
  5.427243104791D-01  5.420164539672D-01  5.412714824970D-01  5.404882088632D-01
  5.396638535993D-01  5.387970149924D-01  5.378846867761D-01  5.369252273852D-01
  5.359153767823D-01  5.348532248291D-01  5.337352271086D-01  5.325591722672D-01
  5.313211966647D-01  5.300187505094D-01  5.286476111352D-01  5.272048477137D-01
  5.256858329114D-01  5.240872059150D-01  5.224038821672D-01  5.206320143793D-01
  5.187659999735D-01  5.168014396784D-01  5.147321422173D-01  5.125530799820D-01
  5.102573903916D-01  5.078393280126D-01  5.052912618662D-01  5.026066231989D-01
  4.997768978272D-01  4.967945685508D-01  4.936501013818D-01  4.903348813181D-01
  4.868381909894D-01  4.831501381532D-01  4.792586248823D-01  4.751522646830D-01
  4.708173398186D-01  4.662407053439D-01  4.614067314657D-01  4.563001909985D-01
  4.509031827505D-01  4.451979978664D-01  4.391640190304D-01  4.327805597895D-01
  4.260237327837D-01  4.188692543288D-01  4.112892727897D-01  4.032551282958D-01
  3.947341295978D-01  3.856922556004D-01  3.760908653532D-01  3.658893238903D-01
  3.550416251565D-01  3.434989186825D-01  3.312060208115D-01  3.181038089215D-01
  3.041255836846D-01  2.891994005457D-01  2.732438725876D-01  2.561707762673D-01
  2.378802955926D-01
