In49 POTENTIAL                      exc: Vosko,Wilk,Nusair      
  2.14187055  6.17500000  2.11957662
  49.00000
   2.34253   1.0890126673   0.9652355423
353
 0.25000000D-01 0.35315022D-03
 9 1
    0  -1.96656160000D+03
    0  -2.87428550000D+02
    0  -5.37136240000D+01
    0  -7.39818510000D+00
    1  -2.68528840000D+02
    1  -4.59639090000D+01
    1  -4.86454470000D+00
    2  -3.15522220000D+01
    2  -7.38539920000D-01
  4.728031858838D+02  4.728282039998D+02  4.728537968810D+02  4.728799714272D+02
  4.729067359953D+02  4.729341041486D+02  4.729620852184D+02  4.729906929165D+02
  4.730199368385D+02  4.730498308796D+02  4.730803848392D+02  4.731116127678D+02
  4.731435246261D+02  4.731761345887D+02  4.732094527362D+02  4.732434933292D+02
  4.732782665224D+02  4.733137866171D+02  4.733500637914D+02  4.733871123345D+02
  4.734249423893D+02  4.734635681726D+02  4.735029997259D+02  4.735432511239D+02
  4.735843322319D+02  4.736262569034D+02  4.736690347425D+02  4.737126792922D+02
  4.737571997995D+02  4.738026093956D+02  4.738489168631D+02  4.738961348076D+02
  4.739442714265D+02  4.739933386726D+02  4.740433440228D+02  4.740942986347D+02
  4.741462091144D+02  4.741990856655D+02  4.742529338554D+02  4.743077627573D+02
  4.743635767230D+02  4.744203834906D+02  4.744781859724D+02  4.745369903735D+02
  4.745967979480D+02  4.746576131195D+02  4.747194352338D+02  4.747822666700D+02
  4.748461045893D+02  4.749109490380D+02  4.749767946899D+02  4.750436389418D+02
  4.751114736492D+02  4.751802932131D+02  4.752500863090D+02  4.753208439644D+02
  4.753925512809D+02  4.754651955014D+02  4.755387577250D+02  4.756132209641D+02
  4.756885618509D+02  4.757647586841D+02  4.758417831264D+02  4.759196082411D+02
  4.759982001798D+02  4.760775262080D+02  4.761575463837D+02  4.762382215709D+02
  4.763195051088D+02  4.764013508137D+02  4.764837046378D+02  4.765665126599D+02
  4.766497127336D+02  4.767332424660D+02  4.768170308564D+02  4.769010062631D+02
  4.769850880315D+02  4.770691944506D+02  4.771532343705D+02  4.772371151483D+02
  4.773207342566D+02  4.774039872194D+02  4.774867592114D+02  4.775689329854D+02
  4.776503804644D+02  4.777309706603D+02  4.778105612606D+02  4.778890065411D+02
  4.779661489474D+02  4.780418270040D+02  4.781158668938D+02  4.781880903648D+02
  4.782583063104D+02  4.783263186774D+02  4.783919180492D+02  4.784548895590D+02
  4.785150044800D+02  4.785720281469D+02  4.786257115577D+02  4.786757993085D+02
  4.787220212111D+02  4.787641002468D+02  4.788017442056D+02  4.788346536639D+02
  4.788625136523D+02  4.788850016640D+02  4.789017793574D+02  4.789125006028D+02
  4.789168032272D+02  4.789143171077D+02  4.789046559666D+02  4.788874255194D+02
  4.788622153294D+02  4.788286070196D+02  4.787861661962D+02  4.787344507334D+02
  4.786730027754D+02  4.786013571040D+02  4.785190332296D+02  4.784255438505D+02
  4.783203870424D+02  4.782030548203D+02  4.780730254348D+02  4.779297720455D+02
  4.777727551334D+02  4.776014312939D+02  4.774152457721D+02  4.772136413823D+02
  4.769960511722D+02  4.767619074734D+02  4.765106346980D+02  4.762416585218D+02
  4.759543988139D+02  4.756482789520D+02  4.753227188808D+02  4.749771445537D+02
  4.746109811138D+02  4.742236624502D+02  4.738146244878D+02  4.733833148440D+02
  4.729291862064D+02  4.724517060666D+02  4.719503501606D+02  4.714246122476D+02
  4.708739975793D+02  4.702980326853D+02  4.696962588274D+02  4.690682417447D+02
  4.684135650399D+02  4.677318398282D+02  4.670226979947D+02  4.662858016803D+02
  4.655208363415D+02  4.647275199995D+02  4.639055960238D+02  4.630548420655D+02
  4.621750624814D+02  4.612660968656D+02  4.603278120299D+02  4.593601100484D+02
  4.583629197102D+02  4.573362039981D+02  4.562799509385D+02  4.551941804470D+02
  4.540789345177D+02  4.529342833975D+02  4.517603150857D+02  4.505571408205D+02
  4.493248839180D+02  4.480636846210D+02  4.467736883526D+02  4.454550500518D+02
  4.441079220112D+02  4.427324579191D+02  4.413288005577D+02  4.398970858907D+02
  4.384374310260D+02  4.369499388197D+02  4.354346866393D+02  4.338917320811D+02
  4.323211031794D+02  4.307228059163D+02  4.290968165642D+02  4.274430916481D+02
  4.257615630138D+02  4.240521507118D+02  4.223147610790D+02  4.205493025846D+02
  4.187556866505D+02  4.169338458156D+02  4.150837362380D+02  4.132053566906D+02
  4.112987508500D+02  4.093640248837D+02  4.074013470550D+02  4.054109613597D+02
  4.033931820289D+02  4.013484011396D+02  3.992770764968D+02  3.971797324373D+02
  3.950569411752D+02  3.929093177960D+02  3.907374969364D+02  3.885421245845D+02
  3.863238332556D+02  3.840832340612D+02  3.818208938757D+02  3.795373309507D+02
  3.772329969171D+02  3.749082781982D+02  3.725634844152D+02  3.701988564507D+02
  3.678145614182D+02  3.654107069092D+02  3.629873415261D+02  3.605444738881D+02
  3.580820769863D+02  3.556001099948D+02  3.530985243758D+02  3.505772863838D+02
  3.480363828327D+02  3.454758422825D+02  3.428957385797D+02  3.402962089795D+02
  3.376774539014D+02  3.350397506454D+02  3.323834482276D+02  3.297089758172D+02
  3.270168320677D+02  3.243075879898D+02  3.215818708398D+02  3.188403618649D+02
  3.160837756042D+02  3.133128537889D+02  3.105283418449D+02  3.077309812684D+02
  3.049214860957D+02  3.021005370262D+02  2.992687615594D+02  2.964267338003D+02
  2.935749622366D+02  2.907138988985D+02  2.878439377124D+02  2.849654346956D+02
  2.820787167626D+02  2.791841105397D+02  2.762819566275D+02  2.733726395099D+02
  2.704565977403D+02  2.675343444454D+02  2.646064634420D+02  2.616736125286D+02
  2.587365014410D+02  2.557958785542D+02  2.528524961889D+02  2.499070903890D+02
  2.469603459016D+02  2.440128820979D+02  2.410652295482D+02  2.381178313593D+02
  2.351710370829D+02  2.322251214476D+02  2.292802941432D+02  2.263367317407D+02
  2.233945972447D+02  2.204540780100D+02  2.175154075458D+02  2.145789021465D+02
  2.116449782324D+02  2.087141818515D+02  2.057871967122D+02  2.028648627232D+02
  1.999481719237D+02  1.970382742120D+02  1.941364602982D+02  1.912441546340D+02
  1.883628861267D+02  1.854942698276D+02  1.826399676576D+02  1.798016617722D+02
  1.769810089310D+02  1.741796098648D+02  1.713989624140D+02  1.686404329342D+02
  1.659052153111D+02  1.631943127415D+02  1.605085122666D+02  1.578483877237D+02
  1.552143011352D+02  1.526064373492D+02  1.500248396279D+02  1.474694768035D+02
  1.449403035933D+02  1.424373376272D+02  1.399607087193D+02  1.375107016653D+02
  1.350877518765D+02  1.326924252806D+02  1.303253557032D+02  1.279871841977D+02
  1.256784811726D+02  1.233996959911D+02  1.211511087354D+02  1.189328195296D+02
  1.167447410725D+02  1.145866232235D+02  1.124580718542D+02  1.103585900466D+02
  1.082876048010D+02  1.062445091247D+02  1.042286845897D+02  1.022395360447D+02
  1.002765049288D+02  9.833909399520D+01  9.642687064558D+01  9.453948213812D+01
  9.267665027671D+01  9.083817899051D+01  8.902394252030D+01  8.723388764439D+01
  8.546801764409D+01  8.372639138061D+01  8.200910510860D+01  8.031629029604D+01
  7.864809497495D+01  7.700468177421D+01  7.538621005381D+01  7.379283517491D+01
  7.222469223005D+01  7.068189716596D+01  6.916453254944D+01  6.767265083014D+01
  6.620626230526D+01  6.476534058865D+01  6.334981277223D+01  6.195956705463D+01
  6.059444502548D+01  5.925425135645D+01  5.793874807560D+01  5.664766611557D+01
  5.538070124114D+01  5.413752690800D+01  5.291779101058D+01  5.172112888526D+01
  5.054715940047D+01  4.939549643151D+01  4.826574264706D+01  4.715749810406D+01
  4.607035094802D+01  4.500388325065D+01  4.395765868758D+01  4.293122758511D+01
  4.192411307417D+01
N_07 POTENTIAL                      exc: Vosko,Wilk,Nusair      
  1.63952924  6.17500000  1.64793099
   7.00000
   1.91467   1.0890126673   0.9652355423
353
 0.25000000D-01 0.28864751D-03
 2 1
    0  -2.69998930000D+01
    0  -4.29582100000D-01
  2.633454003968D+01  2.633490237227D+01  2.633527342614D+01  2.633567893349D+01
  2.633609942527D+01  2.633653288071D+01  2.633697791770D+01  2.633743511090D+01
  2.633790382807D+01  2.633838494132D+01  2.633887796318D+01  2.633938384807D+01
  2.633990216177D+01  2.634043389694D+01  2.634097864942D+01  2.634153743721D+01
  2.634210987867D+01  2.634269701260D+01  2.634329847718D+01  2.634391533039D+01
  2.634454722931D+01  2.634519525066D+01  2.634585907032D+01  2.634653978389D+01
  2.634723708629D+01  2.634795209242D+01  2.634868451676D+01  2.634943549406D+01
  2.635020475899D+01  2.635099346682D+01  2.635180137311D+01  2.635262965441D+01
  2.635347808795D+01  2.635434787236D+01  2.635523880733D+01  2.635615211441D+01
  2.635708761665D+01  2.635804655934D+01  2.635902878993D+01  2.636003558347D+01
  2.636106719167D+01  2.636212451858D+01  2.636320746287D+01  2.636431734685D+01
  2.636545409612D+01  2.636661906040D+01  2.636781219317D+01  2.636903487252D+01
  2.637028708081D+01  2.637157022546D+01  2.637288431867D+01  2.637423079817D+01
  2.637560970698D+01  2.637702251413D+01  2.637846929440D+01  2.637995154908D+01
  2.638146938567D+01  2.638302433866D+01  2.638461654922D+01  2.638624758594D+01
  2.638791762457D+01  2.638962826872D+01  2.639137972956D+01  2.639317364656D+01
  2.639501026717D+01  2.639689126749D+01  2.639881693201D+01  2.640078897423D+01
  2.640280771635D+01  2.640487490992D+01  2.640699091548D+01  2.640915752321D+01
  2.641137513248D+01  2.641364557254D+01  2.641596928202D+01  2.641834812956D+01
  2.642078259329D+01  2.642327458142D+01  2.642582461170D+01  2.642843463193D+01
  2.643110519937D+01  2.643383830120D+01  2.643663453391D+01  2.643949592368D+01
  2.644242310565D+01  2.644541814432D+01  2.644848171270D+01  2.645161591262D+01
  2.645482145385D+01  2.645810047424D+01  2.646145371881D+01  2.646488335981D+01
  2.646839017563D+01  2.647197637079D+01  2.647564275475D+01  2.647939156173D+01
  2.648322362942D+01  2.648714121865D+01  2.649114519199D+01  2.649523783317D+01
  2.649942002560D+01  2.650369407161D+01  2.650806087073D+01  2.651252273881D+01
  2.651708058602D+01  2.652173673584D+01  2.652649210277D+01  2.653134901110D+01
  2.653630837241D+01  2.654137250400D+01  2.654654230620D+01  2.655182008047D+01
  2.655720670638D+01  2.656270445948D+01  2.656831418785D+01  2.657403812969D+01
  2.657987708950D+01  2.658583325524D+01  2.659190737416D+01  2.659810156955D+01
  2.660441651609D+01  2.661085425619D+01  2.661741537487D+01  2.662410181553D+01
  2.663091405442D+01  2.663785391582D+01  2.664492174593D+01  2.665211922753D+01
  2.665944655320D+01  2.666690523940D+01  2.667449529904D+01  2.668221805479D+01
  2.669007331109D+01  2.669806216664D+01  2.670618418564D+01  2.671444020956D+01
  2.672282952752D+01  2.673135268726D+01  2.674000866464D+01  2.674879767368D+01
  2.675771833519D+01  2.676677048588D+01  2.677595234593D+01  2.678526332715D+01
  2.679470119955D+01  2.680426489836D+01  2.681395168958D+01  2.682375997587D+01
  2.683368646097D+01  2.684372895440D+01  2.685388353472D+01  2.686414735308D+01
  2.687451579513D+01  2.688498528343D+01  2.689555043811D+01  2.690620687791D+01
  2.691694837966D+01  2.692776967800D+01  2.693866362351D+01  2.694962398121D+01
  2.696064258737D+01  2.697171214670D+01  2.698282338791D+01  2.699396785965D+01
  2.700513508479D+01  2.701631535519D+01  2.702749688483D+01  2.703866860338D+01
  2.704981730833D+01  2.706093045748D+01  2.707199332013D+01  2.708299176871D+01
  2.709390942916D+01  2.710473047190D+01  2.711543676157D+01  2.712601064757D+01
  2.713643211349D+01  2.714668156742D+01  2.715673699137D+01  2.716657673178D+01
  2.717617664924D+01  2.718551290955D+01  2.719455913425D+01  2.720328919272D+01
  2.721167435394D+01  2.721968608020D+01  2.722729318071D+01  2.723446460752D+01
  2.724116661164D+01  2.724736554186D+01  2.725302500415D+01  2.725810866416D+01
  2.726257741076D+01  2.726639216305D+01  2.726951103898D+01  2.727189216786D+01
  2.727349086505D+01  2.727426245103D+01  2.727415943320D+01  2.727313433268D+01
  2.727113687441D+01  2.726811682285D+01  2.726402118156D+01  2.725879703909D+01
  2.725238877935D+01  2.724474093890D+01  2.723579542946D+01  2.722549440789D+01
  2.721377751210D+01  2.720058474505D+01  2.718585372529D+01  2.716952258616D+01
  2.715152724219D+01  2.713180430464D+01  2.711028836474D+01  2.708691492660D+01
  2.706161770809D+01  2.703433159188D+01  2.700498994467D+01  2.697352758673D+01
  2.693987812976D+01  2.690397696509D+01  2.686575862006D+01  2.682515976454D+01
  2.678211658525D+01  2.673656780970D+01  2.668845209736D+01  2.663771107954D+01
  2.658428676552D+01  2.652812459631D+01  2.646917086316D+01  2.640737577219D+01
  2.634269087203D+01  2.627507212546D+01  2.620447734186D+01  2.613086925129D+01
  2.605421293653D+01  2.597447890390D+01  2.589164050880D+01  2.580567701663D+01
  2.571657101480D+01  2.562431145610D+01  2.552889104926D+01  2.543030927635D+01
  2.532856975294D+01  2.522368321042D+01  2.511566481617D+01  2.500453711092D+01
  2.489032727891D+01  2.477307002995D+01  2.465280480916D+01  2.452957861317D+01
  2.440344312952D+01  2.427445747647D+01  2.414268526092D+01  2.400819723308D+01
  2.387106825372D+01  2.373137985411D+01  2.358921710453D+01  2.344467107196D+01
  2.329783558335D+01  2.314880957546D+01  2.299769374858D+01  2.284459280574D+01
  2.268961199561D+01  2.253285924183D+01  2.237444157812D+01  2.221446717323D+01
  2.205304166689D+01  2.189027010279D+01  2.172625318199D+01  2.156108912579D+01
  2.139486987480D+01  2.122768291755D+01  2.105960748020D+01  2.089071637697D+01
  2.072107225991D+01  2.055072957612D+01  2.037973098097D+01  2.020810952631D+01
  2.003588538432D+01  1.986306843850D+01  1.968965551403D+01  1.951563358875D+01
  1.934097776230D+01  1.916565532261D+01  1.898962467420D+01  1.881284043980D+01
  1.863525345323D+01  1.845681688733D+01  1.827748714549D+01  1.809723065346D+01
  1.791602506342D+01  1.773386589605D+01  1.755076704534D+01  1.736676613100D+01
  1.718192314581D+01  1.699632348155D+01  1.681007395152D+01  1.662330312071D+01
  1.643615481287D+01  1.624878634406D+01  1.606136053879D+01  1.587404318759D+01
  1.568699502173D+01  1.550036979998D+01  1.531430745505D+01  1.512893373048D+01
  1.494435508205D+01  1.476066011635D+01  1.457791621101D+01  1.439617249757D+01
  1.421545779512D+01  1.403578465210D+01  1.385714808461D+01  1.367953018663D+01
  1.350289922773D+01  1.332721444627D+01  1.315242518621D+01  1.297847561660D+01
  1.280530370885D+01  1.263284573451D+01  1.246103497761D+01  1.228980593984D+01
  1.211909274447D+01  1.194883302680D+01  1.177896602357D+01  1.160943615448D+01
  1.144019081155D+01  1.127118365196D+01  1.110237211153D+01  1.093372043518D+01
  1.076519694172D+01  1.059677681889D+01  1.042843916534D+01  1.026016957420D+01
  1.009195697367D+01  9.923796017191D+00  9.755683737009D+00  9.587621750837D+00
  9.419612733573D+00  9.251662440439D+00  9.083775991628D+00  8.915959701619D+00
  8.748217162029D+00  8.580550858829D+00  8.412958035020D+00  8.245432076078D+00
  8.077958138575D+00  7.910514377179D+00  7.743067095331D+00  7.575572135756D+00
  7.407969616322D+00
Vac0 POTENTIAL                      exc: Vosko,Wilk,Nusair      
  2.14187055  6.17500000  2.11957662
   0.00000
   2.34253   1.0890126673   0.9652355423
353
 0.25000000D-01 0.35315022D-03
 0 1
  9.366322877552D-01  9.366005289815D-01  9.365672385394D-01  9.365574843797D-01
  9.365520672991D-01  9.365495257508D-01  9.365475216850D-01  9.365471221321D-01
  9.365467155911D-01  9.365476537198D-01  9.365484608142D-01  9.365505636928D-01
  9.365525338667D-01  9.365558315558D-01  9.365590547162D-01  9.365636867237D-01
  9.365683474618D-01  9.365745424805D-01  9.365809150668D-01  9.365889962633D-01
  9.365974576802D-01  9.366078622381D-01  9.366189178528D-01  9.366322289811D-01
  9.366465512979D-01  9.366635443814D-01  9.366820276873D-01  9.367037347584D-01
  9.367275709269D-01  9.367553696473D-01  9.367861526469D-01  9.368218890971D-01
  9.368617591727D-01  9.369079172246D-01  9.369597600676D-01  9.370196956587D-01
  9.370874152260D-01  9.371655407548D-01  9.372457178001D-01  9.372821734760D-01
  9.372517392453D-01  9.372236116874D-01  9.371962392449D-01  9.371709553845D-01
  9.371462286508D-01  9.371234103488D-01  9.371009849008D-01  9.370803177661D-01
  9.370599060303D-01  9.370411265084D-01  9.370224864902D-01  9.370053719783D-01
  9.369882985566D-01  9.369726597340D-01  9.369569778923D-01  9.369426527144D-01
  9.369282121967D-01  9.369150611423D-01  9.369017322174D-01  9.368896344967D-01
  9.368773045597D-01  9.368661550686D-01  9.368547258942D-01  9.368444327306D-01
  9.368338182433D-01  9.368243006966D-01  9.368144251345D-01  9.368056120201D-01
  9.367964084310D-01  9.367882367161D-01  9.367796457020D-01  9.367720593627D-01
  9.367640280355D-01  9.367569771001D-01  9.367494582036D-01  9.367428979473D-01
  9.367358491168D-01  9.367297393789D-01  9.367231225158D-01  9.367174271243D-01
  9.367112078591D-01  9.367058941354D-01  9.367000413719D-01  9.366950797034D-01
  9.366895652275D-01  9.366849287095D-01  9.366797268439D-01  9.366753909596D-01
  9.366704782771D-01  9.366664206237D-01  9.366617756872D-01  9.366579757366D-01
  9.366535788765D-01  9.366500177667D-01  9.366458508823D-01  9.366425112327D-01
  9.366385576215D-01  9.366354233693D-01  9.366316675724D-01  9.366287238273D-01
  9.366251514920D-01  9.366223844083D-01  9.366189821665D-01  9.366163788261D-01
  9.366131341838D-01  9.366106824923D-01  9.366075837297D-01  9.366052723205D-01
  9.366023084024D-01  9.366001265500D-01  9.365972870411D-01  9.365952245815D-01
  9.365924995709D-01  9.365905468276D-01  9.365879268555D-01  9.365860745691D-01
  9.365835505608D-01  9.365817898249D-01  9.365793530260D-01  9.365776752236D-01
  9.365753171397D-01  9.365737138835D-01  9.365714262201D-01  9.365698892941D-01
  9.365676638989D-01  9.365661852007D-01  9.365640140068D-01  9.365625854904D-01
  9.365604604586D-01  9.365590740771D-01  9.365569871379D-01  9.365556347852D-01
  9.365535777809D-01  9.365522512314D-01  9.365502158542D-01  9.365489067025D-01
  9.365468844319D-01  9.365455840265D-01  9.365435660641D-01  9.365422654413D-01
  9.365402426399D-01  9.365389324513D-01  9.365368952421D-01  9.365355656784D-01
  9.365335039915D-01  9.365321447011D-01  9.365300478810D-01  9.365286478820D-01
  9.365265045964D-01  9.365250521814D-01  9.365228503224D-01  9.365213329558D-01
  9.365190595324D-01  9.365174637389D-01  9.365151047605D-01  9.365134160025D-01
  9.365109563514D-01  9.365091588961D-01  9.365065821881D-01  9.365046589618D-01
  9.365019473937D-01  9.364998798217D-01  9.364970140036D-01  9.364947818349D-01
  9.364917406067D-01  9.364893217216D-01  9.364860819506D-01  9.364834521480D-01
  9.364799885065D-01  9.364771212710D-01  9.364734059918D-01  9.364702722367D-01
  9.364662748428D-01  9.364628426268D-01  9.364585296346D-01  9.364547638495D-01
  9.364500984401D-01  9.364459604666D-01  9.364409021250D-01  9.364363494523D-01
  9.364308535677D-01  9.364258393747D-01  9.364198567998D-01  9.364143294919D-01
  9.364078060570D-01  9.364017087550D-01  9.363945847305D-01  9.363878547063D-01
  9.363800642101D-01  9.363726322635D-01  9.363641026054D-01  9.363558923756D-01
  9.363465433340D-01  9.363374705392D-01  9.363272135619D-01  9.363171851588D-01
  9.363059224797D-01  9.362948357356D-01  9.362824593990D-01  9.362702008660D-01
  9.362565916488D-01  9.362430360305D-01  9.362280622502D-01  9.362130711496D-01
  9.361965873486D-01  9.361800078839D-01  9.361618533743D-01  9.361435166497D-01
  9.361235139055D-01  9.361032333211D-01  9.360811862016D-01  9.360587555850D-01
  9.360344473707D-01  9.360096389133D-01  9.359828301357D-01  9.359553921098D-01
  9.359258181523D-01  9.358954723898D-01  9.358628408362D-01  9.358292799404D-01
  9.357932676439D-01  9.357561519085D-01  9.357164017520D-01  9.356753557544D-01
  9.356314730691D-01  9.355860819056D-01  9.355376305127D-01  9.354874356357D-01
  9.354339334694D-01  9.353784280864D-01  9.353193423562D-01  9.352579663421D-01
  9.351927081836D-01  9.351248424572D-01  9.350527610182D-01  9.349777213231D-01
  9.348980972253D-01  9.348151272548D-01  9.347271653635D-01  9.346354291575D-01
  9.345382505869D-01  9.344368241251D-01  9.343294573971D-01  9.342173193009D-01
  9.340986905675D-01  9.339747118176D-01  9.338436340464D-01  9.337065666087D-01
  9.335617276207D-01  9.334101918652D-01  9.332501411016D-01  9.330826118835D-01
  9.329057457655D-01  9.327205370245D-01  9.325250827528D-01  9.323203304716D-01
  9.321043280984D-01  9.318779714410D-01  9.316392540257D-01  9.313890144584D-01
  9.311251860983D-01  9.308485442722D-01  9.305569557760D-01  9.302511259258D-01
  9.299288478685D-01  9.295907494518D-01  9.292345423221D-01  9.288607685929D-01
  9.284670497068D-01  9.280538328786D-01  9.276186396950D-01  9.271618123067D-01
  9.266807617350D-01  9.261757137844D-01  9.256439570219D-01  9.250855883762D-01
  9.244977607516D-01  9.238804282765D-01  9.232305935071D-01  9.225480522826D-01
  9.218296404679D-01  9.210749783658D-01  9.202807169413D-01  9.194462817329D-01
  9.185681184917D-01  9.176454365244D-01  9.166744536691D-01  9.156541389922D-01
  9.145804570082D-01  9.134521096377D-01  9.122647795626D-01  9.110168713345D-01
  9.097037537359D-01  9.083234999046D-01  9.068711285452D-01  9.053443429081D-01
  9.037377706616D-01  9.020487015268D-01  9.002713255789D-01  8.984024692941D-01
  8.964358319936D-01  8.943677199991D-01  8.921912808655D-01  8.899022352647D-01
  8.874931085656D-01  8.849589599683D-01  8.822916108777D-01  8.794853706857D-01
  8.765312612407D-01  8.734227385171D-01  8.701499122985D-01  8.667052627701D-01
  8.630778543018D-01  8.592590457384D-01  8.552366968720D-01  8.510008708745D-01
  8.465380316734D-01  8.418367365515D-01  8.368818221615D-01  8.316600847868D-01
  8.261544521249D-01  8.203496480276D-01  8.142263464178D-01  8.077668164703D-01
  8.009490540546D-01  7.937524022307D-01  7.861516543790D-01  7.781226435073D-01
  7.696363096659D-01  7.606642498143D-01  7.511727401444D-01  7.411282360486D-01
  7.304913374846D-01  7.192222258138D-01  7.072745572371D-01  6.946008198356D-01
  6.811461362888D-01  6.668535202718D-01  6.516575651025D-01  6.354895737465D-01
  6.182711048194D-01  5.999189450509D-01  5.803384785561D-01  5.594284654321D-01
  5.370741954591D-01  5.131520315511D-01  4.875223131534D-01  4.600336153467D-01
  4.305153621777D-01  3.987820258709D-01  3.646246223791D-01  3.278156328395D-01
  2.880996779595D-01
Vac0 POTENTIAL                      exc: Vosko,Wilk,Nusair      
  1.63952924  6.17500000  1.64793099
   0.00000
   1.91467   1.0890126673   0.9652355423
353
 0.25000000D-01 0.28864751D-03
 0 1
  7.168278688203D-01  7.167818208766D-01  7.167341514711D-01  7.167196956669D-01
  7.167116865010D-01  7.167068978781D-01  7.167031417662D-01  7.167007753363D-01
  7.166986275578D-01  7.166974486260D-01  7.166962502383D-01  7.166958792963D-01
  7.166954039214D-01  7.166957066219D-01  7.166958797722D-01  7.166968235867D-01
  7.166976442413D-01  7.166992534141D-01  7.167007674612D-01  7.167031076134D-01
  7.167053995909D-01  7.167085741970D-01  7.167117672215D-01  7.167159202874D-01
  7.167201810303D-01  7.167255042129D-01  7.167310521339D-01  7.167377960556D-01
  7.167449169559D-01  7.167534072987D-01  7.167624722130D-01  7.167731317439D-01
  7.167846225814D-01  7.167980009553D-01  7.168125451035D-01  7.168293590117D-01
  7.168477754400D-01  7.168689361104D-01  7.168902198608D-01  7.168985843255D-01
  7.168884864196D-01  7.168793587872D-01  7.168702639293D-01  7.168620680349D-01
  7.168538401670D-01  7.168464523297D-01  7.168389787696D-01  7.168322961120D-01
  7.168254827382D-01  7.168194189838D-01  7.168131865616D-01  7.168076688092D-01
  7.168019501490D-01  7.167969163728D-01  7.167916541245D-01  7.167870512153D-01
  7.167821961236D-01  7.167779783335D-01  7.167734878530D-01  7.167696155623D-01
  7.167654527496D-01  7.167618914666D-01  7.167580240795D-01  7.167547436327D-01
  7.167511434047D-01  7.167481172806D-01  7.167447593173D-01  7.167419641203D-01
  7.167388264073D-01  7.167362414039D-01  7.167333043997D-01  7.167309111500D-01
  7.167281574380D-01  7.167259394779D-01  7.167233534815D-01  7.167212960604D-01
  7.167188637994D-01  7.167169536572D-01  7.167146625417D-01  7.167128877156D-01
  7.167107263699D-01  7.167090760339D-01  7.167070341476D-01  7.167054984720D-01
  7.167035666674D-01  7.167021366997D-01  7.167003064211D-01  7.166989739784D-01
  7.166972373951D-01  7.166959949759D-01  7.166943448938D-01  7.166931855964D-01
  7.166916153878D-01  7.166905328399D-01  7.166890363735D-01  7.166880246706D-01
  7.166865962548D-01  7.166856499043D-01  7.166842842336D-01  7.166833981060D-01
  7.166820902144D-01  7.166812594965D-01  7.166800047154D-01  7.166792248719D-01
  7.166780187895D-01  7.166772855248D-01  7.166761239515D-01  7.166754331745D-01
  7.166743121103D-01  7.166736599029D-01  7.166725755050D-01  7.166719580921D-01
  7.166709066458D-01  7.166703203666D-01  7.166692982574D-01  7.166687395371D-01
  7.166677432236D-01  7.166672085471D-01  7.166662345337D-01  7.166657204191D-01
  7.166647652307D-01  7.166642682025D-01  7.166633283569D-01  7.166628449201D-01
  7.166619169027D-01  7.166614435154D-01  7.166605237510D-01  7.166600567975D-01
  7.166591416219D-01  7.166586773832D-01  7.166577630149D-01  7.166572976392D-01
  7.166563801484D-01  7.166559096192D-01  7.166549848946D-01  7.166545049977D-01
  7.166535687128D-01  7.166530749998D-01  7.166521225750D-01  7.166516103255D-01
  7.166506368892D-01  7.166501010689D-01  7.166491014135D-01  7.166485366299D-01
  7.166475051655D-01  7.166469056191D-01  7.166458363228D-01  7.166451957537D-01
  7.166440821143D-01  7.166433937447D-01  7.166422287021D-01  7.166414851728D-01
  7.166402610517D-01  7.166394543531D-01  7.166381627905D-01  7.166372841864D-01
  7.166359160516D-01  7.166349559953D-01  7.166335013030D-01  7.166324493459D-01
  7.166308971589D-01  7.166297418490D-01  7.166280801726D-01  7.166268089434D-01
  7.166250246085D-01  7.166236236561D-01  7.166217021903D-01  7.166201563380D-01
  7.166180818232D-01  7.166163743727D-01  7.166141292890D-01  7.166122418553D-01
  7.166098069075D-01  7.166077192375D-01  7.166050731644D-01  7.166027629363D-01
  7.165998823001D-01  7.165973249019D-01  7.165941838552D-01  7.165913521402D-01
  7.165879221695D-01  7.165847861861D-01  7.165810358275D-01  7.165775625213D-01
  7.165734570472D-01  7.165696099310D-01  7.165651110038D-01  7.165608497937D-01
  7.165559150830D-01  7.165511952965D-01  7.165457780562D-01  7.165405505672D-01
  7.165345991687D-01  7.165288097168D-01  7.165222671321D-01  7.165158557796D-01
  7.165086590116D-01  7.165015595439D-01  7.164936389950D-01  7.164857782578D-01
  7.164770570339D-01  7.164683542006D-01  7.164587473402D-01  7.164491131021D-01
  7.164385267258D-01  7.164278623974D-01  7.164161927666D-01  7.164043892966D-01
  7.163915217737D-01  7.163784586512D-01  7.163642665503D-01  7.163498105965D-01
  7.163341539124D-01  7.163181579449D-01  7.163008819488D-01  7.162831833043D-01
  7.162641169906D-01  7.162445358925D-01  7.162234902625D-01  7.162018280158D-01
  7.161785941796D-01  7.161546311755D-01  7.161289782538D-01  7.161024717629D-01
  7.160741445669D-01  7.160448262998D-01  7.160135427658D-01  7.159811161758D-01
  7.159465645285D-01  7.159107018280D-01  7.158725374434D-01  7.158328763053D-01
  7.157907182416D-01  7.157468581506D-01  7.157002853107D-01  7.156517835278D-01
  7.156003304156D-01  7.155466975143D-01  7.154898495392D-01  7.154305444673D-01
  7.153677327503D-01  7.153021573665D-01  7.152327529933D-01  7.151602460215D-01
  7.150835536831D-01  7.150033840227D-01  7.149186349771D-01  7.148299942986D-01
  7.147363385805D-01  7.146383331284D-01  7.145348309250D-01  7.144264724431D-01
  7.143120845440D-01  7.141922802255D-01  7.140658574467D-01  7.139333988034D-01
  7.137936702713D-01  7.136472208012D-01  7.134927809712D-01  7.133308624924D-01
  7.131601567605D-01  7.129811342621D-01  7.127924430134D-01  7.125945078567D-01
  7.123859287736D-01  7.121670800582D-01  7.119365084912D-01  7.116945323757D-01
  7.114396395558D-01  7.111720862992D-01  7.108902951423D-01  7.105944536017D-01
  7.102829118250D-01  7.099557811114D-01  7.096113313452D-01  7.092495893020D-01
  7.088687358389D-01  7.084687039606D-01  7.080475757366D-01  7.076051800969D-01
  7.071394894429D-01  7.066502171389D-01  7.061352137775D-01  7.055940643283D-01
  7.050244840137D-01  7.044259150695D-01  7.037959221809D-01  7.031337888025D-01
  7.024369120959D-01  7.017043987498D-01  7.009334593497D-01  7.001230036286D-01
  6.992700341900D-01  6.983732411060D-01  6.974293949013D-01  6.964369404023D-01
  6.953923888718D-01  6.942939109955D-01  6.931377280377D-01  6.919217038288D-01
  6.906417347886D-01  6.892953407518D-01  6.878780536738D-01  6.863870070992D-01
  6.848173233284D-01  6.831657012915D-01  6.814268019070D-01  6.795968340736D-01
  6.776699378933D-01  6.756417684284D-01  6.735058763888D-01  6.712572892203D-01
  6.688888887633D-01  6.663949891360D-01  6.637677107541D-01  6.610005543434D-01
  6.580847705621D-01  6.550129293106D-01  6.517752840103D-01  6.483633351674D-01
  6.447661881216D-01  6.409741095519D-01  6.369748772000D-01  6.327573276612D-01
  6.283076961952D-01  6.236131536997D-01  6.186581342167D-01  6.134278584181D-01
  6.079046457622D-01  6.020714210866D-01  5.959080075327D-01  5.893946118894D-01
  5.825080933198D-01  5.752254218730D-01  5.675199166431D-01  5.593646702762D-01
  5.507287483763D-01  5.415805707741D-01  5.318840616483D-01  5.216019756605D-01
  5.106919852327D-01  4.991099362369D-01  4.868058549788D-01  4.737271138254D-01
  4.598143355573D-01  4.450044431263D-01  4.292264365187D-01  4.124042892160D-01
  3.944525582417D-01  3.752792755275D-01  3.547807178050D-01  3.328449163386D-01
  3.093456274282D-01
