In49 POTENTIAL                      exc: Vosko,Wilk,Nusair      
  2.31897314  6.66250000  2.29182178
  49.00000
   2.53289   0.8007020523   0.8498776180
353
 0.25000000D-01 0.38184860D-03
 9 1
    0  -1.96656160000D+03
    0  -2.87428550000D+02
    0  -5.37136240000D+01
    0  -7.39818510000D+00
    1  -2.68528840000D+02
    1  -4.59639090000D+01
    1  -4.86454470000D+00
    2  -3.15522220000D+01
    2  -7.38539920000D-01
  4.724941001676D+02  4.725211480346D+02  4.725488123290D+02  4.725770992027D+02
  4.726060174831D+02  4.726355812018D+02  4.726658001157D+02  4.726966883650D+02
  4.727282559367D+02  4.727605171066D+02  4.727934820206D+02  4.728271650564D+02
  4.728615764672D+02  4.728967306922D+02  4.729326380403D+02  4.729693129647D+02
  4.730067657731D+02  4.730450108767D+02  4.730840585183D+02  4.731239230021D+02
  4.731646144349D+02  4.732061469391D+02  4.732485304045D+02  4.732917786875D+02
  4.733359013696D+02  4.733809119451D+02  4.734268195849D+02  4.734736373131D+02
  4.735213737749D+02  4.735700414030D+02  4.736196481879D+02  4.736702058350D+02
  4.737217215363D+02  4.737742061184D+02  4.738276658142D+02  4.738821104030D+02
  4.739375449806D+02  4.739939780912D+02  4.740514134963D+02  4.741098582977D+02
  4.741693147123D+02  4.742297881615D+02  4.742912790601D+02  4.743537909137D+02
  4.744173220781D+02  4.744818738567D+02  4.745474422549D+02  4.746140260687D+02
  4.746816186341D+02  4.747502159060D+02  4.748198082017D+02  4.748903882705D+02
  4.749619430306D+02  4.750344616283D+02  4.751079271684D+02  4.751823247625D+02
  4.752576332522D+02  4.753338332467D+02  4.754108988371D+02  4.754888056241D+02
  4.755675224227D+02  4.756470192790D+02  4.757272591656D+02  4.758082059869D+02
  4.758898162651D+02  4.759720471333D+02  4.760548480119D+02  4.761381685903D+02
  4.762219504923D+02  4.763061352463D+02  4.763906559409D+02  4.764754451829D+02
  4.765604267427D+02  4.766455235009D+02  4.767306490838D+02  4.768157157989D+02
  4.769006262607D+02  4.769852813159D+02  4.770695716601D+02  4.771533857535D+02
  4.772366014298D+02  4.773190938032D+02  4.774007268706D+02  4.774813614116D+02
  4.775608465855D+02  4.776390278262D+02  4.777157384360D+02  4.777908074774D+02
  4.778640513663D+02  4.779352817636D+02  4.780042971702D+02  4.780708908217D+02
  4.781348422891D+02  4.781959253799D+02  4.782538997485D+02  4.783085188084D+02
  4.783595213565D+02  4.784066395015D+02  4.784495903074D+02  4.784880837439D+02
  4.785218143546D+02  4.785504692359D+02  4.785737197371D+02  4.785912294738D+02
  4.786026460676D+02  4.786076092020D+02  4.786057424096D+02  4.785966611783D+02
  4.785799647951D+02  4.785552445112D+02  4.785220754512D+02  4.784800248478D+02
  4.784286440245D+02  4.783674767099D+02  4.782960511042D+02  4.782138882826D+02
  4.781204943557D+02  4.780153689709D+02  4.778979975773D+02  4.777678600345D+02
  4.776244229903D+02  4.774671486057D+02  4.772954870534D+02  4.771088853674D+02
  4.769067800676D+02  4.766886061396D+02  4.764537897912D+02  4.762017575648D+02
  4.759319292279D+02  4.756437270182D+02  4.753365686665D+02  4.750098767716D+02
  4.746630719493D+02  4.742955823291D+02  4.739068368190D+02  4.734962747097D+02
  4.730633390387D+02  4.726074862825D+02  4.721281797964D+02  4.716248995672D+02
  4.710971356977D+02  4.705443981854D+02  4.699662104117D+02  4.693621189029D+02
  4.687316867759D+02  4.680745034287D+02  4.673901778855D+02  4.666783483546D+02
  4.659386754067D+02  4.651708513294D+02  4.643745930647D+02  4.635496512821D+02
  4.626958029935D+02  4.618128602618D+02  4.609006624085D+02  4.599590842714D+02
  4.589880279195D+02  4.579874303766D+02  4.569572547642D+02  4.558974974164D+02
  4.548081783840D+02  4.536893478842D+02  4.525410761287D+02  4.513634590807D+02
  4.501566075938D+02  4.489206525066D+02  4.476557331459D+02  4.463620018396D+02
  4.450396119126D+02  4.436887217921D+02  4.423094827227D+02  4.409020427477D+02
  4.394665344895D+02  4.380030794193D+02  4.365117761818D+02  4.349927056977D+02
  4.334459206374D+02  4.318714520091D+02  4.302693004650D+02  4.286394450638D+02
  4.269818370689D+02  4.252964114698D+02  4.235830837289D+02  4.218417643294D+02
  4.200723584824D+02  4.182747833930D+02  4.164489702412D+02  4.145948830613D+02
  4.127125214617D+02  4.108019391763D+02  4.088632452447D+02  4.068966197398D+02
  4.049023108581D+02  4.028806454209D+02  4.008320198389D+02  3.987569039302D+02
  3.966558250607D+02  3.945293654580D+02  3.923781406246D+02  3.902027921104D+02
  3.880039628940D+02  3.857822888332D+02  3.835383745035D+02  3.812727868239D+02
  3.789860346054D+02  3.766785671470D+02  3.743507596840D+02  3.720029184504D+02
  3.696352728030D+02  3.672479868368D+02  3.648411576516D+02  3.624148324647D+02
  3.599690115486D+02  3.575036690650D+02  3.550187586970D+02  3.525142361173D+02
  3.499900651970D+02  3.474462400212D+02  3.448827896701D+02  3.422997979057D+02
  3.396974047939D+02  3.370758225228D+02  3.344353325487D+02  3.317762964375D+02
  3.290991476897D+02  3.264043970556D+02  3.236926187931D+02  3.209644505587D+02
  3.182205745832D+02  3.154617130462D+02  3.126886055066D+02  3.099020016101D+02
  3.071026371576D+02  3.042912269711D+02  3.014684429251D+02  2.986349107127D+02
  2.957911937946D+02  2.929377980236D+02  2.900751651227D+02  2.872036879856D+02
  2.843237151830D+02  2.814355765697D+02  2.785395961106D+02  2.756361224928D+02
  2.727255424732D+02  2.698083067861D+02  2.668849334908D+02  2.639560193504D+02
  2.610222257370D+02  2.580842719052D+02  2.551429046588D+02  2.521988795732D+02
  2.492529244889D+02  2.463057211940D+02  2.433578757686D+02  2.404099124039D+02
  2.374622594858D+02  2.345152608453D+02  2.315691791296D+02  2.286242226607D+02
  2.256805616177D+02  2.227383642273D+02  2.197978184924D+02  2.168591701978D+02
  2.139227429568D+02  2.109889714105D+02  2.080584138604D+02  2.051317759381D+02
  2.022099121175D+02  1.992938371801D+02  1.963847148714D+02  1.934838563971D+02
  1.905926963365D+02  1.877127790009D+02  1.848457232490D+02  1.819931990405D+02
  1.791568841504D+02  1.763384346302D+02  1.735394378310D+02  1.707613819905D+02
  1.680056117101D+02  1.652733038982D+02  1.625654341726D+02  1.598827689324D+02
  1.572258535660D+02  1.545950319609D+02  1.519904667948D+02  1.494121932617D+02
  1.468601712956D+02  1.443343626791D+02  1.418347910358D+02  1.393616053272D+02
  1.369151031712D+02  1.344957391246D+02  1.321040849777D+02  1.297407812429D+02
  1.274064594966D+02  1.251016815975D+02  1.228268748303D+02  1.205823023265D+02
  1.183680384119D+02  1.161839794036D+02  1.140298533007D+02  1.119052557935D+02
  1.098096755128D+02  1.077425370265D+02  1.057032263387D+02  1.036911293125D+02
  1.017056495519D+02  9.974623748014D+01  9.781239823288D+01  9.590371082738D+01
  9.401982665504D+01  9.216048014644D+01  9.032547979154D+01  8.851471246099D+01
  8.672812923180D+01  8.496574563717D+01  8.322762448544D+01  8.151387408413D+01
  7.982462991748D+01  7.816005250355D+01  7.652030936936D+01  7.490557375383D+01
  7.331600787074D+01  7.175176323317D+01  7.021296578048D+01  6.869971821841D+01
  6.721208724550D+01  6.575010800792D+01  6.431377341426D+01  6.290304060825D+01
  6.151782221343D+01  6.015799462379D+01  5.882339095306D+01  5.751381089979D+01
  5.622901513883D+01  5.496873646373D+01  5.373267526250D+01  5.252051148050D+01
  5.133190058574D+01  5.016648559090D+01  4.902389258129D+01  4.790374175022D+01
  4.680564142580D+01  4.572919718034D+01  4.467400370047D+01  4.363965171586D+01
  4.262571791812D+01  4.163177045007D+01  4.065735736163D+01  3.970201218103D+01
  3.876524184074D+01
N_07 POTENTIAL                      exc: Vosko,Wilk,Nusair      
  1.76095821  6.66250000  1.77099661
   7.00000
   2.05765   0.8007020523   0.8498776180
353
 0.25000000D-01 0.31020338D-03
 2 1
    0  -2.69998930000D+01
    0  -4.29582100000D-01
  2.602658842751D+01  2.602697981410D+01  2.602738073471D+01  2.602781723072D+01
  2.602826966930D+01  2.602873580841D+01  2.602921444902D+01  2.602970599553D+01
  2.603021001375D+01  2.603072721185D+01  2.603125730385D+01  2.603180108243D+01
  2.603235831655D+01  2.603292983856D+01  2.603351544872D+01  2.603411600592D+01
  2.603473133409D+01  2.603536231403D+01  2.603600879061D+01  2.603667166493D+01
  2.603735080186D+01  2.603804712238D+01  2.603876051130D+01  2.603949190962D+01
  2.604024122237D+01  2.604100941101D+01  2.604179640132D+01  2.604260317584D+01
  2.604342968174D+01  2.604427692333D+01  2.604514486993D+01  2.604603454837D+01
  2.604694595095D+01  2.604788012786D+01  2.604883709517D+01  2.604981792733D+01
  2.605082266507D+01  2.605185240795D+01  2.605290722249D+01  2.605398823740D+01
  2.605509593155D+01  2.605623106144D+01  2.605739374766D+01  2.605858517098D+01
  2.605980548032D+01  2.606105588530D+01  2.606233656416D+01  2.606364875632D+01
  2.606499267034D+01  2.606636957639D+01  2.606777971432D+01  2.606922438607D+01
  2.607070386368D+01  2.607221948182D+01  2.607377154572D+01  2.607536142366D+01
  2.607698945499D+01  2.607865704255D+01  2.608036456067D+01  2.608211344761D+01
  2.608390411356D+01  2.608573803304D+01  2.608761565286D+01  2.608953848458D+01
  2.609150701240D+01  2.609352278559D+01  2.609558632641D+01  2.609769922247D+01
  2.609986203465D+01  2.610207638943D+01  2.610434288676D+01  2.610666319238D+01
  2.610903794567D+01  2.611146885190D+01  2.611395659006D+01  2.611650290505D+01
  2.611910851548D+01  2.612177520583D+01  2.612450373415D+01  2.612729592419D+01
  2.613015257304D+01  2.613307554321D+01  2.613606567019D+01  2.613912485441D+01
  2.614225396880D+01  2.614545495065D+01  2.614872870904D+01  2.615207721661D+01
  2.615550141696D+01  2.615900331627D+01  2.616258389054D+01  2.616624517719D+01
  2.616998818210D+01  2.617381497111D+01  2.617772657692D+01  2.618172509044D+01
  2.618581156753D+01  2.618998812019D+01  2.619425582313D+01  2.619861680476D+01
  2.620307215361D+01  2.620762400906D+01  2.621227346761D+01  2.621702267334D+01
  2.622187272394D+01  2.622682576097D+01  2.623188287559D+01  2.623704619855D+01
  2.624231680565D+01  2.624769680743D+01  2.625318725430D+01  2.625879022590D+01
  2.626450673590D+01  2.627033882098D+01  2.627628744527D+01  2.628235458891D+01
  2.628854115211D+01  2.629484904326D+01  2.630127908249D+01  2.630783308940D+01
  2.631451178608D+01  2.632131688430D+01  2.632824898803D+01  2.633530968009D+01
  2.634249942406D+01  2.634981965032D+01  2.635727065735D+01  2.636485369714D+01
  2.637256887578D+01  2.638041723815D+01  2.638839866785D+01  2.639651397108D+01
  2.640476277581D+01  2.641314561487D+01  2.642166182422D+01  2.643031162525D+01
  2.643909402215D+01  2.644800888322D+01  2.645705483739D+01  2.646623135450D+01
  2.647553664081D+01  2.648496971830D+01  2.649452831908D+01  2.650421096360D+01
  2.651401485400D+01  2.652393795114D+01  2.653397686681D+01  2.654412893958D+01
  2.655439012579D+01  2.656475707421D+01  2.657522501576D+01  2.658578983693D+01
  2.659644596820D+01  2.660718845621D+01  2.661801085089D+01  2.662890727630D+01
  2.663987031650D+01  2.665089308507D+01  2.666196710970D+01  2.667308440044D+01
  2.668423533300D+01  2.669541071579D+01  2.670659967201D+01  2.671779170550D+01
  2.672897458167D+01  2.674013639231D+01  2.675126343549D+01  2.676234227936D+01
  2.677335764119D+01  2.678429445039D+01  2.679513572682D+01  2.680586464321D+01
  2.681646240303D+01  2.682691030249D+01  2.683718760828D+01  2.684727361954D+01
  2.685714554564D+01  2.686678056858D+01  2.687615372128D+01  2.688523995070D+01
  2.689401199715D+01  2.690244245868D+01  2.691050167195D+01  2.691815977841D+01
  2.692538460734D+01  2.693214374457D+01  2.693840241834D+01  2.694412557128D+01
  2.694927574990D+01  2.695381518065D+01  2.695770366398D+01  2.696090065533D+01
  2.696336316468D+01  2.696504784358D+01  2.696590889121D+01  2.696590014850D+01
  2.696497301182D+01  2.696307853539D+01  2.696016535384D+01  2.695618179401D+01
  2.695107380771D+01  2.694478709422D+01  2.693726504442D+01  2.692845087544D+01
  2.691828558736D+01  2.690671011128D+01  2.689366328001D+01  2.687908399072D+01
  2.686290919085D+01  2.684507605656D+01  2.682551999499D+01  2.680417683958D+01
  2.678098086965D+01  2.675586702344D+01  2.672876893583D+01  2.669962116975D+01
  2.666835727245D+01  2.663491202564D+01  2.659921952051D+01  2.656121542646D+01
  2.652083508455D+01  2.647801579431D+01  2.643269492481D+01  2.638481221845D+01
  2.633430791815D+01  2.628112508641D+01  2.622520774651D+01  2.616650321430D+01
  2.610496025059D+01  2.604053140226D+01  2.597317116214D+01  2.590283831531D+01
  2.582949410174D+01  2.575310456269D+01  2.567363870050D+01  2.559107081900D+01
  2.550537867397D+01  2.541654580048D+01  2.532455964643D+01  2.522941387900D+01
  2.513110649284D+01  2.502964208677D+01  2.492502993751D+01  2.481728623707D+01
  2.470643212221D+01  2.459249586240D+01  2.447551083482D+01  2.435551765243D+01
  2.423256207378D+01  2.410669706149D+01  2.397798061616D+01  2.384647775402D+01
  2.371225825622D+01  2.357539855632D+01  2.343597939519D+01  2.329408761018D+01
  2.314981368801D+01  2.300325344869D+01  2.285450549065D+01  2.270367276486D+01
  2.255085990891D+01  2.239617470965D+01  2.223972532635D+01  2.208162164422D+01
  2.192197239137D+01  2.176088639078D+01  2.159846958218D+01  2.143482618757D+01
  2.127005565815D+01  2.110425377939D+01  2.093750957606D+01  2.076990639880D+01
  2.060151883976D+01  2.043241386576D+01  2.026264782481D+01  2.009226772417D+01
  1.992130844662D+01  1.974979431549D+01  1.957773668799D+01  1.940513600036D+01
  1.923197995558D+01  1.905824628499D+01  1.888390177613D+01  1.870890598930D+01
  1.853321133267D+01  1.835676787748D+01  1.817952452020D+01  1.800143478739D+01
  1.782245878317D+01  1.764256945428D+01  1.746175455151D+01  1.728002236000D+01
  1.709740251532D+01  1.691394997897D+01  1.672974356825D+01  1.654488727271D+01
  1.635950597646D+01  1.617374408055D+01  1.598775890351D+01  1.580171756996D+01
  1.561578940382D+01  1.543014258155D+01  1.524493701461D+01  1.506032209617D+01
  1.487643111393D+01  1.469338078176D+01  1.451126751955D+01  1.433016879100D+01
  1.415014102327D+01  1.397122235255D+01  1.379343168806D+01  1.361677233558D+01
  1.344123168872D+01  1.326678525720D+01  1.309339657358D+01  1.292102128268D+01
  1.274960698764D+01  1.257909718659D+01  1.240943089860D+01  1.224054633379D+01
  1.207238022294D+01  1.190487117436D+01  1.173795868359D+01  1.157158617119D+01
  1.140569967958D+01  1.124025060845D+01  1.107519412234D+01  1.091049161174D+01
  1.074610884256D+01  1.058201817589D+01  1.041819649285D+01  1.025462720642D+01
  1.009129799452D+01  9.928202635119D+00  9.765338576927D+00  9.602708624804D+00
  9.440318372139D+00  9.278177757146D+00  9.116298373760D+00  8.954694911260D+00
  8.793382351388D+00  8.632377293895D+00  8.471695037201D+00  8.311350781768D+00
  8.151356581120D+00  7.991722405094D+00  7.832452940504D+00  7.673548490052D+00
  7.515001598888D+00  7.356797816864D+00  7.198911978324D+00  7.041308999734D+00
  6.883939829762D+00
Vac0 POTENTIAL                      exc: Vosko,Wilk,Nusair      
  2.31897314  6.66250000  2.29182178
   0.00000
   2.53289   0.8007020523   0.8498776180
353
 0.25000000D-01 0.38184860D-03
 0 1
  7.879439096298D-01  7.879191350453D-01  7.878929153137D-01  7.878854196822D-01
  7.878811344605D-01  7.878793968210D-01  7.878778839043D-01  7.878779219359D-01
  7.878777608117D-01  7.878789515367D-01  7.878798514292D-01  7.878820710816D-01
  7.878840052406D-01  7.878872910577D-01  7.878903443917D-01  7.878948207958D-01
  7.878991534529D-01  7.879050154333D-01  7.879108582841D-01  7.879183749425D-01
  7.879260389248D-01  7.879355677410D-01  7.879454627085D-01  7.879574729684D-01
  7.879701359900D-01  7.879852424133D-01  7.880013774423D-01  7.880203867681D-01
  7.880409191960D-01  7.880648940056D-01  7.880910452697D-01  7.881213912162D-01
  7.881547808497D-01  7.881933660796D-01  7.882361515541D-01  7.882854705335D-01
  7.883405373254D-01  7.884038357527D-01  7.884683394672D-01  7.884957349411D-01
  7.884678272396D-01  7.884421798231D-01  7.884170725724D-01  7.883940261019D-01
  7.883713386856D-01  7.883505472593D-01  7.883299646173D-01  7.883111406557D-01
  7.882923997452D-01  7.882753021714D-01  7.882581816419D-01  7.882426068466D-01
  7.882269190841D-01  7.882126939076D-01  7.881982788352D-01  7.881852550667D-01
  7.881719752582D-01  7.881600252935D-01  7.881477621017D-01  7.881367754708D-01
  7.881254259100D-01  7.881153064895D-01  7.881047807297D-01  7.880954444753D-01
  7.880856638007D-01  7.880770369036D-01  7.880679320339D-01  7.880599493994D-01
  7.880514591109D-01  7.880440631020D-01  7.880361330832D-01  7.880292724739D-01
  7.880218543667D-01  7.880154834675D-01  7.880085340675D-01  7.880026119885D-01
  7.879960925657D-01  7.879905825951D-01  7.879844583218D-01  7.879793273947D-01
  7.879735668565D-01  7.879687851043D-01  7.879633598819D-01  7.879589002447D-01
  7.879537845552D-01  7.879496224491D-01  7.879447928349D-01  7.879409058619D-01
  7.879363409231D-01  7.879327086222D-01  7.879283887813D-01  7.879249924089D-01
  7.879208997072D-01  7.879177220455D-01  7.879138399651D-01  7.879108651543D-01
  7.879071784571D-01  7.879043918463D-01  7.879008864348D-01  7.878982744501D-01
  7.878949372444D-01  7.878924872708D-01  7.878893060949D-01  7.878870063709D-01
  7.878839698534D-01  7.878818093756D-01  7.878789068602D-01  7.878768752974D-01
  7.878740967577D-01  7.878721843719D-01  7.878695203391D-01  7.878677179120D-01
  7.878651594038D-01  7.878634581716D-01  7.878609966266D-01  7.878593882162D-01
  7.878570154348D-01  7.878554918053D-01  7.878531998913D-01  7.878517532777D-01
  7.878495345837D-01  7.878481574432D-01  7.878460045176D-01  7.878446894770D-01
  7.878425950127D-01  7.878413348179D-01  7.878392916009D-01  7.878380790655D-01
  7.878360799244D-01  7.878349078795D-01  7.878329456345D-01  7.878318068764D-01
  7.878298742875D-01  7.878287615265D-01  7.878268512404D-01  7.878257570453D-01
  7.878238615395D-01  7.878227782828D-01  7.878208898085D-01  7.878198096053D-01
  7.878179201274D-01  7.878168347750D-01  7.878149359064D-01  7.878138368171D-01
  7.878119197512D-01  7.878107978814D-01  7.878088533187D-01  7.878076990929D-01
  7.878057171617D-01  7.878045203904D-01  7.878024905615D-01  7.878012403525D-01
  7.877991513463D-01  7.877978360080D-01  7.877956756942D-01  7.877942826303D-01
  7.877920379178D-01  7.877905535122D-01  7.877882102294D-01  7.877866197215D-01
  7.877841624839D-01  7.877824498303D-01  7.877798618977D-01  7.877780096212D-01
  7.877752727385D-01  7.877732617630D-01  7.877703559868D-01  7.877681654540D-01
  7.877650689615D-01  7.877626760310D-01  7.877593649092D-01  7.877567445376D-01
  7.877531925514D-01  7.877503172484D-01  7.877464955855D-01  7.877433351462D-01
  7.877392121351D-01  7.877357333436D-01  7.877312741428D-01  7.877274404464D-01
  7.877226067015D-01  7.877183778499D-01  7.877131273155D-01  7.877084589636D-01
  7.877027450853D-01  7.876975883541D-01  7.876913598075D-01  7.876856607998D-01
  7.876788609809D-01  7.876725602457D-01  7.876651267088D-01  7.876581586503D-01
  7.876500224863D-01  7.876423147109D-01  7.876333998615D-01  7.876248724564D-01
  7.876150949552D-01  7.876056596914D-01  7.875949268267D-01  7.875844862784D-01
  7.875726956673D-01  7.875611422391D-01  7.875481808047D-01  7.875353956559D-01
  7.875211384972D-01  7.875069903542D-01  7.874912994969D-01  7.874756433399D-01
  7.874583663561D-01  7.874410419682D-01  7.874220104511D-01  7.874028408143D-01
  7.873818686922D-01  7.873606582151D-01  7.873375398876D-01  7.873140724466D-01
  7.872885807256D-01  7.872626174993D-01  7.872345013320D-01  7.872057784080D-01
  7.871747603614D-01  7.871429860907D-01  7.871087595694D-01  7.870736116424D-01
  7.870358378147D-01  7.869969600282D-01  7.869552644270D-01  7.869122631113D-01
  7.868662318768D-01  7.868186719447D-01  7.867678476711D-01  7.867152482506D-01
  7.866591253935D-01  7.866009549994D-01  7.865389747987D-01  7.864746459937D-01
  7.864061908600D-01  7.863350543517D-01  7.862594416589D-01  7.861807797727D-01
  7.860972549943D-01  7.860102744553D-01  7.859180035735D-01  7.858218275241D-01
  7.857198886356D-01  7.856135478070D-01  7.855009218377D-01  7.853833447849D-01
  7.852589052201D-01  7.851289075200D-01  7.849914090428D-01  7.848476813442D-01
  7.846957472655D-01  7.845368420669D-01  7.843689504168D-01  7.841932674348D-01
  7.840077355704D-01  7.838135055460D-01  7.836084731138D-01  7.833937398871D-01
  7.831671499621D-01  7.829297506252D-01  7.826793288252D-01  7.824168717430D-01
  7.821401030973D-01  7.818499435608D-01  7.815440468818D-01  7.812232601298D-01
  7.808851596114D-01  7.805305109267D-01  7.801568046557D-01  7.797647162038D-01
  7.793516412332D-01  7.789181552724D-01  7.784615488629D-01  7.779822869047D-01
  7.774775434853D-01  7.769476609301D-01  7.763896842743D-01  7.758038199821D-01
  7.751869700194D-01  7.745391901992D-01  7.738572238047D-01  7.731409595139D-01
  7.723869645150D-01  7.715949419541D-01  7.707612634756D-01  7.698854261280D-01
  7.689635842506D-01  7.679950057595D-01  7.669756032882D-01  7.659043897615D-01
  7.647770086793D-01  7.635921888675D-01  7.623452737724D-01  7.610346752540D-01
  7.596554017310D-01  7.582055108509D-01  7.566796362897D-01  7.550754390964D-01
  7.533871329060D-01  7.516119337060D-01  7.497435831634D-01  7.477787964977D-01
  7.457107835500D-01  7.435356943646D-01  7.412461375332D-01  7.388376229835D-01
  7.363020770098D-01  7.336342816337D-01  7.308253855764D-01  7.278693393834D-01
  7.247564013972D-01  7.214795676172D-01  7.180280714765D-01  7.143938071267D-01
  7.105648214987D-01  7.065317293399D-01  7.022811956265D-01  6.978023402190D-01
  6.930802081626D-01  6.881021612365D-01  6.828513330028D-01  6.773130037656D-01
  6.714680363601D-01  6.652992300636D-01  6.587847319998D-01  6.519043642860D-01
  6.446330044920D-01  6.369468786859D-01  6.288169025310D-01  6.202149308019D-01
  6.111070483126D-01  6.014597637788D-01  5.912332367022D-01  5.803874000036D-01
  5.688751050806D-01  5.566481532663D-01  5.436503363718D-01  5.298233516018D-01
  5.150997088952D-01  4.994084974168D-01  4.826681239640D-01  4.647918918436D-01
  4.456805270293D-01  4.252275219617D-01  4.033114032415D-01  3.798007816611D-01
  3.545463049952D-01  3.273855298089D-01  2.981339794192D-01  2.665903011679D-01
  2.325266005360D-01
Vac0 POTENTIAL                      exc: Vosko,Wilk,Nusair      
  1.76095821  6.66250000  1.77099661
   0.00000
   2.05765   0.8007020523   0.8498776180
353
 0.25000000D-01 0.31020338D-03
 0 1
  5.909184374511D-01  5.908803512205D-01  5.908409050121D-01  5.908289563964D-01
  5.908223199256D-01  5.908183642779D-01  5.908152421662D-01  5.908132862670D-01
  5.908114903424D-01  5.908105117338D-01  5.908094953567D-01  5.908091783011D-01
  5.908087518445D-01  5.908089822917D-01  5.908090806702D-01  5.908098275592D-01
  5.908104449207D-01  5.908117223361D-01  5.908128895847D-01  5.908147434311D-01
  5.908165205980D-01  5.908190247860D-01  5.908214999322D-01  5.908247573974D-01
  5.908280493933D-01  5.908321963558D-01  5.908364605638D-01  5.908416736893D-01
  5.908471106231D-01  5.908536172978D-01  5.908604847295D-01  5.908685771665D-01
  5.908772064918D-01  5.908872607496D-01  5.908980790121D-01  5.909105804415D-01
  5.909241394874D-01  5.909396993855D-01  5.909552406503D-01  5.909607450327D-01
  5.909522557593D-01  5.909445943621D-01  5.909369476875D-01  5.909300689877D-01
  5.909231506226D-01  5.909169507296D-01  5.909106660200D-01  5.909050585139D-01
  5.908993283955D-01  5.908942408031D-01  5.908889987181D-01  5.908843697994D-01
  5.908795593066D-01  5.908753369577D-01  5.908709098818D-01  5.908670494902D-01
  5.908629644551D-01  5.908594275930D-01  5.908556488578D-01  5.908524022429D-01
  5.908488987738D-01  5.908459134309D-01  5.908426581451D-01  5.908399087292D-01
  5.908368778819D-01  5.908343421208D-01  5.908315147987D-01  5.908291730388D-01
  5.908265307511D-01  5.908243655768D-01  5.908218919065D-01  5.908198878273D-01
  5.908175681450D-01  5.908157113312D-01  5.908135325524D-01  5.908118106138D-01
  5.908097609944D-01  5.908081627916D-01  5.908062317572D-01  5.908047472429D-01
  5.908029252373D-01  5.908015453182D-01  5.907998236813D-01  5.907985401010D-01
  5.907969109579D-01  5.907957161955D-01  5.907941723585D-01  5.907930595436D-01
  5.907915944360D-01  5.907905572680D-01  5.907891648502D-01  5.907881975320D-01
  5.907868722369D-01  5.907859694185D-01  5.907847060977D-01  5.907838628213D-01
  5.907826566966D-01  5.907818683502D-01  5.907807149673D-01  5.907799772449D-01
  5.907788724349D-01  5.907781812974D-01  5.907771211413D-01  5.907764727814D-01
  5.907754535775D-01  5.907748443908D-01  5.907738626241D-01  5.907732891784D-01
  5.907723414927D-01  5.907718005011D-01  5.907708836737D-01  5.907703719712D-01
  5.907694828874D-01  5.907689974041D-01  5.907681330337D-01  5.907676707735D-01
  5.907668281483D-01  5.907663861657D-01  5.907655623575D-01  5.907651377359D-01
  5.907643298339D-01  5.907639196624D-01  5.907631247509D-01  5.907627261038D-01
  5.907619412409D-01  5.907615511542D-01  5.907607733479D-01  5.907603887965D-01
  5.907596149822D-01  5.907592328550D-01  5.907584598706D-01  5.907580769473D-01
  5.907573015069D-01  5.907569144302D-01  5.907561330979D-01  5.907557383460D-01
  5.907549475066D-01  5.907545413631D-01  5.907537371909D-01  5.907533157131D-01
  5.907524941394D-01  5.907520531230D-01  5.907512097995D-01  5.907507447423D-01
  5.907498750022D-01  5.907493810626D-01  5.907484798785D-01  5.907479518318D-01
  5.907470137693D-01  5.907464459590D-01  5.907454651266D-01  5.907448514118D-01
  5.907438214052D-01  5.907431551032D-01  5.907420689450D-01  5.907413427670D-01
  5.907401928402D-01  5.907393988225D-01  5.907381767970D-01  5.907373062238D-01
  5.907360029769D-01  5.907350462961D-01  5.907336518232D-01  5.907325985536D-01
  5.907311018711D-01  5.907299404997D-01  5.907283295375D-01  5.907270474075D-01
  5.907253088906D-01  5.907238920759D-01  5.907220113932D-01  5.907204445621D-01
  5.907184056232D-01  5.907166718864D-01  5.907144569613D-01  5.907125377046D-01
  5.907101272488D-01  5.907080019487D-01  5.907053744090D-01  5.907030204288D-01
  5.907001520285D-01  5.906975443930D-01  5.906944088963D-01  5.906915200431D-01
  5.906880884925D-01  5.906848879973D-01  5.906811284257D-01  5.906775826989D-01
  5.906734598102D-01  5.906695317610D-01  5.906650065775D-01  5.906606552440D-01
  5.906556847170D-01  5.906508648562D-01  5.906454014356D-01  5.906400630713D-01
  5.906340542296D-01  5.906281421520D-01  5.906215298591D-01  5.906149830724D-01
  5.906077032143D-01  5.906004543257D-01  5.905924360624D-01  5.905844106076D-01
  5.905755756635D-01  5.905666913599D-01  5.905569532397D-01  5.905471191621D-01
  5.905363822831D-01  5.905254979524D-01  5.905136566868D-01  5.905016110619D-01
  5.904885486773D-01  5.904752190416D-01  5.904608065299D-01  5.904460572602D-01
  5.904301520428D-01  5.904138332480D-01  5.903962777453D-01  5.903782237618D-01
  5.903588438104D-01  5.903388715382D-01  5.903174746423D-01  5.902953817061D-01
  5.902717551028D-01  5.902473178182D-01  5.902212263395D-01  5.901941974642D-01
  5.901653811724D-01  5.901354874198D-01  5.901036589923D-01  5.900705982815D-01
  5.900354401194D-01  5.899988785345D-01  5.899600395644D-01  5.899196079906D-01
  5.898767001269D-01  5.898319905305D-01  5.897845847631D-01  5.897351460757D-01
  5.896827681406D-01  5.896281017066D-01  5.895702272975D-01  5.895097818359D-01
  5.894458313046D-01  5.893789973348D-01  5.893083298270D-01  5.892344334996D-01
  5.891563404644D-01  5.890746367319D-01  5.889883347367D-01  5.888979997938D-01
  5.888026225692D-01  5.887027454819D-01  5.885973351126D-01  5.884869085468D-01
  5.883704057144D-01  5.882483156663D-01  5.881195488389D-01  5.879845632557D-01
  5.878422367083D-01  5.876929928758D-01  5.875356734113D-01  5.873706639706D-01
  5.871967661941D-01  5.870143236337D-01  5.868220936184D-01  5.866203730676D-01
  5.864078702277D-01  5.861848303581D-01  5.859499073238D-01  5.857032891401D-01
  5.854435694035D-01  5.851708726780D-01  5.848837257468D-01  5.845821828207D-01
  5.842646965880D-01  5.839312432247D-01  5.835801932183D-01  5.832114361549D-01
  5.828232512887D-01  5.824154320793D-01  5.819861564750D-01  5.815351111672D-01
  5.810603615529D-01  5.805614756691D-01  5.800363937921D-01  5.794845520105D-01
  5.789037514134D-01  5.782932812527D-01  5.776507876645D-01  5.769753963647D-01
  5.762645808384D-01  5.755172845016D-01  5.747307882843D-01  5.739038321799D-01
  5.730334821325D-01  5.721182508828D-01  5.711549640540D-01  5.701418801843D-01
  5.690755558878D-01  5.679539649420D-01  5.667733623743D-01  5.655314024477D-01
  5.642240014937D-01  5.628484546051D-01  5.614002969994D-01  5.598764191862D-01
  5.582719265967D-01  5.565832529433D-01  5.548050177909D-01  5.529331377588D-01
  5.509616816361D-01  5.488859789931D-01  5.466994723461D-01  5.443968226391D-01
  5.419707578437D-01  5.394151746349D-01  5.367219826558D-01  5.338842015379D-01
  5.308927998601D-01  5.277397864405D-01  5.244150427626D-01  5.209094071747D-01
  5.172114992266D-01  5.133107950389D-01  5.091944415623D-01  5.048503208941D-01
  5.002638519165D-01  4.954210407038D-01  4.903052662700D-01  4.849003133849D-01
  4.791871382120D-01  4.731468787692D-01  4.667575949937D-01  4.599972506612D-01
  4.528404207780D-01  4.452612368995D-01  4.372300525937D-01  4.287163416296D-01
  4.196853094145D-01  4.101007302718D-01  3.999214890046D-01  3.891043392385D-01
  3.776003543790D-01  3.653575829590D-01  3.523173841620D-01  3.384169459090D-01
  3.235854670585D-01  3.077466235708D-01  2.908141336431D-01  2.726945665798D-01
  2.532822993127D-01
