In49 POTENTIAL                      exc: Vosko,Wilk,Nusair      
  2.25914357  6.50000000  2.23392349
  49.00000
   2.46891   0.8856769250   0.8856506622
353
 0.25000000D-01 0.37220196D-03
 9 1
    0  -1.96656160000D+03
    0  -2.87428550000D+02
    0  -5.37136240000D+01
    0  -7.39818510000D+00
    1  -2.68528840000D+02
    1  -4.59639090000D+01
    1  -4.86454470000D+00
    2  -3.15522220000D+01
    2  -7.38539920000D-01
  4.725879640510D+02  4.726143296946D+02  4.726412978506D+02  4.726688749268D+02
  4.726970696117D+02  4.727258957809D+02  4.727553630636D+02  4.727854854577D+02
  4.728162728346D+02  4.728477393449D+02  4.728798950349D+02  4.729127541759D+02
  4.729463269407D+02  4.729806276845D+02  4.730156666583D+02  4.730514582568D+02
  4.730880127564D+02  4.731253445387D+02  4.731634638465D+02  4.732023849876D+02
  4.732421181043D+02  4.732826773608D+02  4.733240727228D+02  4.733663181319D+02
  4.734094232918D+02  4.734534018310D+02  4.734982630947D+02  4.735440202970D+02
  4.735906823159D+02  4.736382618368D+02  4.736867671489D+02  4.737362102806D+02
  4.737865987966D+02  4.738379439246D+02  4.738902523534D+02  4.739435343505D+02
  4.739977955597D+02  4.740530451109D+02  4.741092874157D+02  4.741665302694D+02
  4.742247766527D+02  4.742840327995D+02  4.743443000138D+02  4.744055827456D+02
  4.744678803778D+02  4.745311953034D+02  4.745955247069D+02  4.746608686332D+02
  4.747272217640D+02  4.747945814776D+02  4.748629396198D+02  4.749322905542D+02
  4.750026229263D+02  4.750739277051D+02  4.751461899397D+02  4.752193967908D+02
  4.752935292801D+02  4.753685703112D+02  4.754444964113D+02  4.755212857409D+02
  4.755989098274D+02  4.756773415635D+02  4.757565469316D+02  4.758364929913D+02
  4.759171395944D+02  4.759984473602D+02  4.760803693813D+02  4.761628591871D+02
  4.762458624390D+02  4.763293248830D+02  4.764131840342D+02  4.764973771174D+02
  4.765818327415D+02  4.766664788290D+02  4.767512342796D+02  4.768360168888D+02
  4.769207350015D+02  4.770052954199D+02  4.770895950481D+02  4.771735287894D+02
  4.772569811829D+02  4.773398342913D+02  4.774219593306D+02  4.775032245498D+02
  4.775834868544D+02  4.776625996807D+02  4.777404046140D+02  4.778167392596D+02
  4.778914288586D+02  4.779642941573D+02  4.780351430234D+02  4.781037783169D+02
  4.781699895100D+02  4.782335605623D+02  4.782942615486D+02  4.783518565426D+02
  4.784060952565D+02  4.784567209379D+02  4.785034620261D+02  4.785460400678D+02
  4.785841613954D+02  4.786175250672D+02  4.786458145745D+02  4.786687058128D+02
  4.786858588243D+02  4.786969258077D+02  4.787015429038D+02  4.786993382518D+02
  4.786899238261D+02  4.786729035479D+02  4.786478651819D+02  4.786143885124D+02
  4.785720373092D+02  4.785203675779D+02  4.784589196045D+02  4.783872262895D+02
  4.783048052813D+02  4.782111674040D+02  4.781058088893D+02  4.779882199072D+02
  4.778578769060D+02  4.777142512553D+02  4.775568017025D+02  4.773849831356D+02
  4.771982391641D+02  4.769960110083D+02  4.767777302100D+02  4.765428276532D+02
  4.762907264072D+02  4.760208508811D+02  4.757326198002D+02  4.754254554916D+02
  4.750987769911D+02  4.747520094546D+02  4.743845773864D+02  4.739959141664D+02
  4.735854553865D+02  4.731526484768D+02  4.726969461297D+02  4.722178160024D+02
  4.717147342015D+02  4.711871950305D+02  4.706347045007D+02  4.700567900834D+02
  4.694529942043D+02  4.688228839519D+02  4.681660445026D+02  4.674820887287D+02
  4.667706504916D+02  4.660313940846D+02  4.652640073225D+02  4.644682107449D+02
  4.636437504261D+02  4.627904068560D+02  4.619079873873D+02  4.609963347100D+02
  4.600553188491D+02  4.590848451477D+02  4.580848457326D+02  4.570552869253D+02
  4.559961601014D+02  4.549074884644D+02  4.537893172400D+02  4.526417197764D+02
  4.514647870457D+02  4.502586330561D+02  4.490233836926D+02  4.477591814926D+02
  4.464661739054D+02  4.451445175596D+02  4.437943661149D+02  4.424158742463D+02
  4.410091853701D+02  4.395744356910D+02  4.381117422118D+02  4.366212073212D+02
  4.351029076309D+02  4.335568997059D+02  4.319832103809D+02  4.303818443154D+02
  4.287527764776D+02  4.270959621830D+02  4.254113323306D+02  4.236988063845D+02
  4.219582906316D+02  4.201896941220D+02  4.183929296465D+02  4.165679319548D+02
  4.147146603563D+02  4.128331176906D+02  4.109233526172D+02  4.089854770686D+02
  4.070196657383D+02  4.050261694684D+02  4.030053095339D+02  4.009574849239D+02
  3.988831599557D+02  3.967828647390D+02  3.946571762843D+02  3.925067132292D+02
  3.903321123892D+02  3.881340204265D+02  3.859130690500D+02  3.836698671114D+02
  3.814049779484D+02  3.791189151618D+02  3.768121249054D+02  3.744849875428D+02
  3.721378063902D+02  3.697708160418D+02  3.673841776651D+02  3.649779934731D+02
  3.625523075255D+02  3.601071248853D+02  3.576424161570D+02  3.551581393558D+02
  3.526542460990D+02  3.501307040718D+02  3.475875027862D+02  3.450246746383D+02
  3.424422983567D+02  3.398405169181D+02  3.372195371433D+02  3.345796431496D+02
  3.319211909810D+02  3.292446167485D+02  3.265504257386D+02  3.238391949890D+02
  3.211115569696D+02  3.183681970691D+02  3.156098327483D+02  3.128372072644D+02
  3.100510661339D+02  3.072521494664D+02  3.044411685525D+02  3.016188001213D+02
  2.987856667879D+02  2.959423371858D+02  2.930893142330D+02  2.902270447632D+02
  2.873559184494D+02  2.844762884641D+02  2.815884807362D+02  2.786928229852D+02
  2.757896590627D+02  2.728793786116D+02  2.699624268150D+02  2.670393241612D+02
  2.641106617451D+02  2.611771036299D+02  2.582393640324D+02  2.552981933810D+02
  2.523543433430D+02  2.494085465736D+02  2.464614820623D+02  2.435137616078D+02
  2.405659072041D+02  2.376183531981D+02  2.346714410904D+02  2.317254390009D+02
  2.287805521259D+02  2.258369550830D+02  2.228948117798D+02  2.199543133843D+02
  2.170157000889D+02  2.140792974701D+02  2.111455335068D+02  2.082149675785D+02
  2.052882979937D+02  2.023663798955D+02  1.994502206046D+02  1.965409846767D+02
  1.936399762741D+02  1.907486314700D+02  1.878684884633D+02  1.850011687583D+02
  1.821483375408D+02  1.793116767155D+02  1.764928391411D+02  1.736934179206D+02
  1.709148996968D+02  1.681586363213D+02  1.654258044196D+02  1.627173878868D+02
  1.600341534724D+02  1.573766549700D+02  1.547452361396D+02  1.521400669147D+02
  1.495611805448D+02  1.470085418479D+02  1.444821079824D+02  1.419819048488D+02
  1.395080747046D+02  1.370609163197D+02  1.346408776409D+02  1.322485329280D+02
  1.298845183490D+02  1.275494706906D+02  1.252439501549D+02  1.229683914317D+02
  1.207230574311D+02  1.185080304885D+02  1.163232065506D+02  1.141683208932D+02
  1.120429677167D+02  1.099466416091D+02  1.078787642805D+02  1.058387263860D+02
  1.038259097588D+02  1.018397216546D+02  9.987960765379D+01  9.794507591393D+01
  9.603570014700D+01  9.415113444671D+01  9.229110773364D+01  9.045543107861D+01
  8.864398577332D+01  8.685672542677D+01  8.509365993620D+01  8.335485454731D+01
  8.164041177584D+01  7.995046930167D+01  7.828518150596D+01  7.664471764358D+01
  7.502924421544D+01  7.343892441561D+01  7.187390212204D+01  7.033430320220D+01
  6.882022152642D+01  6.733172237830D+01  6.586883060463D+01  6.443153613745D+01
  6.301978420702D+01  6.163348284490D+01  6.027249499354D+01  5.893664780086D+01
  5.762572641849D+01  5.633948485131D+01  5.507764115450D+01  5.383988945358D+01
  5.262589601109D+01  5.143531169428D+01  5.026776797025D+01  4.912288868231D+01
  4.800028472253D+01  4.689956390351D+01  4.582032332632D+01  4.476215677013D+01
  4.372464470668D+01  4.270735982983D+01  4.170985515279D+01  4.073166939295D+01
  3.977231429414D+01
N_07 POTENTIAL                      exc: Vosko,Wilk,Nusair      
  1.72127726  6.50000000  1.73067725
   7.00000
   2.01081   0.8856769250   0.8856506622
353
 0.25000000D-01 0.30314114D-03
 2 1
    0  -2.69998930000D+01
    0  -4.29582100000D-01
  2.611904920365D+01  2.611943109117D+01  2.611982224900D+01  2.612024859285D+01
  2.612069056321D+01  2.612114598910D+01  2.612161361621D+01  2.612209390113D+01
  2.612258634892D+01  2.612309171759D+01  2.612360965918D+01  2.612414101546D+01
  2.612468549282D+01  2.612524397219D+01  2.612581619087D+01  2.612640305592D+01
  2.612700432792D+01  2.612762093550D+01  2.612825265979D+01  2.612890044934D+01
  2.612956410494D+01  2.613024459467D+01  2.613094173885D+01  2.613165652521D+01
  2.613238879393D+01  2.613313955282D+01  2.613390866240D+01  2.613469715118D+01
  2.613550490067D+01  2.613633296074D+01  2.613718123467D+01  2.613805079442D+01
  2.613894156582D+01  2.613985464379D+01  2.614078997752D+01  2.614174868572D+01
  2.614273074183D+01  2.614373728927D+01  2.614476832677D+01  2.614582502708D+01
  2.614690779835D+01  2.614801744192D+01  2.614915400969D+01  2.615031872492D+01
  2.615151166743D+01  2.615273408884D+01  2.615398609782D+01  2.615526897536D+01
  2.615658285997D+01  2.615792906295D+01  2.615930775362D+01  2.616072027459D+01
  2.616216682695D+01  2.616364878556D+01  2.616516638425D+01  2.616672103109D+01
  2.616831299357D+01  2.616994371388D+01  2.617161349409D+01  2.617332381140D+01
  2.617507500332D+01  2.617686858294D+01  2.617870492404D+01  2.618058557635D+01
  2.618251095070D+01  2.618448263423D+01  2.618650107551D+01  2.618856789973D+01
  2.619068359381D+01  2.619284982158D+01  2.619506710882D+01  2.619733715844D+01
  2.619966053551D+01  2.620203898234D+01  2.620447310352D+01  2.620696468097D+01
  2.620951435891D+01  2.621212395886D+01  2.621479416458D+01  2.621752683703D+01
  2.622032269923D+01  2.622318365113D+01  2.622611045446D+01  2.622910504754D+01
  2.623216823000D+01  2.623530197752D+01  2.623850712653D+01  2.624178568879D+01
  2.624513853604D+01  2.624856771448D+01  2.625207412926D+01  2.625565985893D+01
  2.625932583975D+01  2.626307418004D+01  2.626690584438D+01  2.627082296777D+01
  2.627482653970D+01  2.627891871819D+01  2.628310051365D+01  2.628737410278D+01
  2.629174051221D+01  2.629620193223D+01  2.630075940026D+01  2.630541511429D+01
  2.631017011620D+01  2.631502660492D+01  2.631998561950D+01  2.632504935205D+01
  2.633021883049D+01  2.633549623121D+01  2.634088256157D+01  2.634637997218D+01
  2.635198943909D+01  2.635771307573D+01  2.636355181473D+01  2.636950771949D+01
  2.637558166561D+01  2.638177565201D+01  2.638809048193D+01  2.639452807366D+01
  2.640108914099D+01  2.640777550348D+01  2.641458776641D+01  2.642152763046D+01
  2.642859557116D+01  2.643579314800D+01  2.644312068319D+01  2.645057957022D+01
  2.645816995194D+01  2.646589302845D+01  2.647374873446D+01  2.648173804645D+01
  2.648986065932D+01  2.649811729272D+01  2.650650736690D+01  2.651503130820D+01
  2.652368822405D+01  2.653247820756D+01  2.654140001161D+01  2.655045335247D+01
  2.655963658292D+01  2.656894899489D+01  2.657838849152D+01  2.658795388875D+01
  2.659764258630D+01  2.660745286814D+01  2.661738157236D+01  2.662742639045D+01
  2.663758353598D+01  2.664785004272D+01  2.665822143208D+01  2.666869400993D+01
  2.667926253288D+01  2.668992250377D+01  2.670066783664D+01  2.671149315101D+01
  2.672239143550D+01  2.673335634082D+01  2.674437984207D+01  2.675545453049D+01
  2.676657127449D+01  2.677772151008D+01  2.678889490070D+01  2.680008162646D+01
  2.681127004274D+01  2.682244896836D+01  2.683360534307D+01  2.684472651468D+01
  2.685579789562D+01  2.686680524918D+01  2.687773234529D+01  2.688856324601D+01
  2.689927996079D+01  2.690986473146D+01  2.692029768716D+01  2.693055912912D+01
  2.694062718558D+01  2.695048009677D+01  2.696009387007D+01  2.696944456561D+01
  2.697850595222D+01  2.698725179397D+01  2.699565350746D+01  2.700368244995D+01
  2.701130757841D+01  2.701849773990D+01  2.702521933318D+01  2.703143860190D+01
  2.703711929948D+01  2.704222498605D+01  2.704671669739D+01  2.705055524639D+01
  2.705369889707D+01  2.705610567155D+01  2.705773103010D+01  2.705853018463D+01
  2.705845578592D+01  2.705746024484D+01  2.705549342778D+01  2.705250498678D+01
  2.704844206453D+01  2.704325163462D+01  2.703687821729D+01  2.702926623117D+01
  2.702035772109D+01  2.701009472254D+01  2.699841700290D+01  2.698526443988D+01
  2.697057477742D+01  2.695428601938D+01  2.693633420124D+01  2.691665580015D+01
  2.689518552356D+01  2.687185873657D+01  2.684660926833D+01  2.681937185750D+01
  2.679007997697D+01  2.675866829800D+01  2.672507053352D+01  2.668922192102D+01
  2.665105708444D+01  2.661051253541D+01  2.656752455318D+01  2.652203170339D+01
  2.647397273490D+01  2.642328911458D+01  2.636992293929D+01  2.631381948460D+01
  2.625492512928D+01  2.619318991508D+01  2.612856548042D+01  2.606100762736D+01
  2.599047426035D+01  2.591692795568D+01  2.584033390008D+01  2.576066245710D+01
  2.567788709943D+01  2.559198696556D+01  2.550294477879D+01  2.541074938663D+01
  2.531539365853D+01  2.521687699958D+01  2.511520321812D+01  2.501038300457D+01
  2.490243175934D+01  2.479137202700D+01  2.467723127432D+01  2.456004426955D+01
  2.443985080021D+01  2.431669798676D+01  2.419063793039D+01  2.406172995035D+01
  2.393003815067D+01  2.379563357245D+01  2.365859167007D+01  2.351899436891D+01
  2.337692744292D+01  2.323248247017D+01  2.308575410507D+01  2.293684192611D+01
  2.278584759826D+01  2.263287660980D+01  2.247803532354D+01  2.232143260312D+01
  2.216317675557D+01  2.200337705223D+01  2.184214057076D+01  2.167957362226D+01
  2.151577850847D+01  2.135085487591D+01  2.118489641527D+01  2.101799217679D+01
  2.085022325501D+01  2.068166411944D+01  2.051237935155D+01  2.034242507318D+01
  2.017184583625D+01  2.000067627016D+01  1.982893826887D+01  1.965664302686D+01
  1.948378871844D+01  1.931036314041D+01  1.913634211929D+01  1.896169300323D+01
  1.878637402942D+01  1.861033886219D+01  1.843353704932D+01  1.825591962642D+01
  1.807744052906D+01  1.789806293494D+01  1.771776107572D+01  1.753652652355D+01
  1.735436939484D+01  1.717132342317D+01  1.698744535445D+01  1.680281770380D+01
  1.661754549228D+01  1.643175623085D+01  1.624559402829D+01  1.605921734270D+01
  1.587279145704D+01  1.568648532472D+01  1.550046389894D+01  1.531488553653D+01
  1.512989546441D+01  1.494562473249D+01  1.476218546104D+01  1.457967163970D+01
  1.439815614841D+01  1.421769315810D+01  1.403831651980D+01  1.386004327269D+01
  1.368287287807D+01  1.350679132741D+01  1.333177075896D+01  1.315777376488D+01
  1.298475305696D+01  1.281265570528D+01  1.264142264626D+01  1.247099269888D+01
  1.230130180563D+01  1.213228675297D+01  1.196388410059D+01  1.179603358397D+01
  1.162867672658D+01  1.146175993180D+01  1.129523279462D+01  1.112905090581D+01
  1.096317389034D+01  1.079756795384D+01  1.063220367914D+01  1.046705834691D+01
  1.030211352185D+01  1.013735717769D+01  9.972781101768D+00  9.808382850691D+00
  9.644162996713D+00  9.480126934122D+00  9.316281983591D+00  9.152639061052D+00
  8.989209647047D+00  8.826007319892D+00  8.663044586537D+00  8.500334271145D+00
  8.337886193628D+00  8.175708395305D+00  8.013803644713D+00  7.852170477041D+00
  7.690799505874D+00  7.529674316673D+00  7.368767391501D+00  7.208041071227D+00
  7.047443123796D+00
Vac0 POTENTIAL                      exc: Vosko,Wilk,Nusair      
  2.25914357  6.50000000  2.23392349
   0.00000
   2.46891   0.8856769250   0.8856506622
353
 0.25000000D-01 0.37220196D-03
 0 1
  8.331148739642D-01  8.330880243794D-01  8.330597035124D-01  8.330515375122D-01
  8.330469180010D-01  8.330449454570D-01  8.330432915101D-01  8.330432063662D-01
  8.330429801839D-01  8.330441057906D-01  8.330449893679D-01  8.330471878215D-01
  8.330491477172D-01  8.330524546871D-01  8.330555779418D-01  8.330601229502D-01
  8.330645776966D-01  8.330705665468D-01  8.330765973853D-01  8.330843161588D-01
  8.330922546546D-01  8.331020855780D-01  8.331123710899D-01  8.331248185339D-01
  8.331380296877D-01  8.331537574712D-01  8.331706562097D-01  8.331905395337D-01
  8.332121319990D-01  8.332373286440D-01  8.332649485367D-01  8.332969965573D-01
  8.333324195869D-01  8.333733713740D-01  8.334189724231D-01  8.334715791074D-01
  8.335305464927D-01  8.335984001032D-01  8.336677107139D-01  8.336978518803D-01
  8.336691331364D-01  8.336426920633D-01  8.336168575427D-01  8.335930952218D-01
  8.335697529357D-01  8.335483131382D-01  8.335271386148D-01  8.335077251657D-01
  8.334884474962D-01  8.334708121128D-01  8.334532033345D-01  8.334371363197D-01
  8.334210032060D-01  8.334063262199D-01  8.333915039031D-01  8.333780642993D-01
  8.333644112466D-01  8.333520776032D-01  8.333394716068D-01  8.333281301489D-01
  8.333164651423D-01  8.333060168627D-01  8.332952003305D-01  8.332855586698D-01
  8.332755095330D-01  8.332665984697D-01  8.332572453717D-01  8.332489978594D-01
  8.332402777413D-01  8.332326344148D-01  8.332244913349D-01  8.332173994292D-01
  8.332097835786D-01  8.332031960342D-01  8.331960629081D-01  8.331899376061D-01
  8.331832473119D-01  8.331775464352D-01  8.331712630967D-01  8.331659525846D-01
  8.331600438422D-01  8.331550929259D-01  8.331495295031D-01  8.331449103060D-01
  8.331396656409D-01  8.331353528366D-01  8.331304027607D-01  8.331263732726D-01
  8.331216957375D-01  8.331179284834D-01  8.331135033172D-01  8.331099789831D-01
  8.331057876802D-01  8.331024885224D-01  8.330985140579D-01  8.330954237306D-01
  8.330916503998D-01  8.330887538015D-01  8.330851670716D-01  8.330824502082D-01
  8.330790365938D-01  8.330764864578D-01  8.330732334028D-01  8.330708378645D-01
  8.330677336399D-01  8.330654813485D-01  8.330625149595D-01  8.330603952548D-01
  8.330575563554D-01  8.330555591863D-01  8.330528380005D-01  8.330509538485D-01
  8.330483411000D-01  8.330465609126D-01  8.330440477561D-01  8.330423628804D-01
  8.330399408402D-01  8.330383429625D-01  8.330360038721D-01  8.330344849591D-01
  8.330322209049D-01  8.330307731486D-01  8.330285764150D-01  8.330271921787D-01
  8.330250551936D-01  8.330237269582D-01  8.330216422419D-01  8.330203625526D-01
  8.330183226631D-01  8.330170840782D-01  8.330150815599D-01  8.330138765953D-01
  8.330119039233D-01  8.330107250002D-01  8.330087745260D-01  8.330076139118D-01
  8.330056778047D-01  8.330045275562D-01  8.330025977448D-01  8.330014496450D-01
  8.329995177515D-01  8.329983632459D-01  8.329964205209D-01  8.329952506469D-01
  8.329932878965D-01  8.329920932099D-01  8.329901007196D-01  8.329888712148D-01
  8.329868386661D-01  8.329855636899D-01  8.329834800716D-01  8.329821482302D-01
  8.329800017407D-01  8.329786007983D-01  8.329763787404D-01  8.329748955092D-01
  8.329725841743D-01  8.329710043942D-01  8.329685889371D-01  8.329668971432D-01
  8.329643614439D-01  8.329625408231D-01  8.329598673356D-01  8.329578995675D-01
  8.329550691538D-01  8.329529342373D-01  8.329499259851D-01  8.329476020467D-01
  8.329443930686D-01  8.329418561519D-01  8.329384213648D-01  8.329356451987D-01
  8.329319570799D-01  8.329289128233D-01  8.329249411426D-01  8.329215971026D-01
  8.329173086267D-01  8.329136299479D-01  8.329089881140D-01  8.329049364362D-01
  8.328999009920D-01  8.328954340717D-01  8.328899606783D-01  8.328850319716D-01
  8.328790717651D-01  8.328736299668D-01  8.328671290736D-01  8.328611176085D-01
  8.328540166112D-01  8.328473730720D-01  8.328396064184D-01  8.328322619451D-01
  8.328237572962D-01  8.328156358908D-01  8.328063133999D-01  8.327973311684D-01
  8.327871026856D-01  8.327771670018D-01  8.327659351936D-01  8.327549437743D-01
  8.327426011523D-01  8.327304410357D-01  8.327168688827D-01  8.327034152994D-01
  8.326884824824D-01  8.326735976084D-01  8.326571592674D-01  8.326406908447D-01
  8.326225869436D-01  8.326043667574D-01  8.325844204817D-01  8.325642626763D-01
  8.325422786638D-01  8.325199778811D-01  8.324957402647D-01  8.324710695882D-01
  8.324443398336D-01  8.324170485144D-01  8.323875630301D-01  8.323573739742D-01
  8.323248414694D-01  8.322914484596D-01  8.322555470241D-01  8.322186116503D-01
  8.321789855260D-01  8.321381337907D-01  8.320943898031D-01  8.320492083696D-01
  8.320009119832D-01  8.319509440273D-01  8.318976149841D-01  8.318423556092D-01
  8.317834631068D-01  8.317223542734D-01  8.316573116347D-01  8.315897365552D-01
  8.315178953338D-01  8.314431722748D-01  8.313638157378D-01  8.312811911664D-01
  8.311935270875D-01  8.311021680930D-01  8.310053207828D-01  8.309043066950D-01
  8.307973081870D-01  8.306856213073D-01  8.305674016088D-01  8.304439169568D-01
  8.303132932660D-01  8.301767672382D-01  8.300324320151D-01  8.298814898377D-01
  8.297219976059D-01  8.295551194516D-01  8.293788721949D-01  8.291943778210D-01
  8.289996088216D-01  8.287956405663D-01  8.285803965164D-01  8.283549004780D-01
  8.281170216754D-01  8.278677268730D-01  8.276048252922D-01  8.273292205877D-01
  8.270386555912D-01  8.267339641252D-01  8.264128155539D-01  8.260759664176D-01
  8.257210047681D-01  8.253486016032D-01  8.249562549628D-01  8.245445411402D-01
  8.241108585115D-01  8.236556784979D-01  8.231762890974D-01  8.226730455685D-01
  8.221431136292D-01  8.215867198288D-01  8.210008943743D-01  8.203857211517D-01
  8.197380801345D-01  8.190578970106D-01  8.183418851201D-01  8.175897946374D-01
  8.167981539778D-01  8.159665184748D-01  8.150912111858D-01  8.141715709956D-01
  8.132036927372D-01  8.121866746406D-01  8.111163576709D-01  8.099915722242D-01
  8.088078765674D-01  8.075638026627D-01  8.062545935702D-01  8.048784482582D-01
  8.034302577990D-01  8.019078489906D-01  8.003057191394D-01  7.986212782770D-01
  7.968485822763D-01  7.949845733956D-01  7.930228114120D-01  7.909597121584D-01
  7.887882762811D-01  7.865043253486D-01  7.841002277396D-01  7.815711317924D-01
  7.789086882018D-01  7.761072795356D-01  7.731577383558D-01  7.700535722461D-01
  7.667846766641D-01  7.633435543916D-01  7.597190218566D-01  7.559024216225D-01
  7.518813205781D-01  7.476457137015D-01  7.431817120839D-01  7.384777357207D-01
  7.335181887812D-01  7.282896385616D-01  7.227744747082D-01  7.169570706769D-01
  7.108174227168D-01  7.043372891696D-01  6.974938038667D-01  6.902655873062D-01
  6.826263276372D-01  6.745508560888D-01  6.660086868203D-01  6.569700468437D-01
  6.473993635904D-01  6.372612368437D-01  6.265138597855D-01  6.151149169961D-01
  6.030149208507D-01  5.901630153195D-01  5.765002047663D-01  5.619650379954D-01
  5.464867007206D-01  5.299905481085D-01  5.123910255808D-01  4.935970114103D-01
  4.735045237651D-01  4.520018276295D-01  4.289618851670D-01  4.042471710377D-01
  3.777018145413D-01  3.491562706119D-01  3.184185022504D-01  2.852790637719D-01
  2.495015314932D-01
Vac0 POTENTIAL                      exc: Vosko,Wilk,Nusair      
  1.72127726  6.50000000  1.73067725
   0.00000
   2.01081   0.8856769250   0.8856506622
353
 0.25000000D-01 0.30314114D-03
 0 1
  6.288066843230D-01  6.287661522741D-01  6.287241777351D-01  6.287114599640D-01
  6.287044014839D-01  6.287001922874D-01  6.286968760523D-01  6.286947973179D-01
  6.286928949374D-01  6.286918591307D-01  6.286907895613D-01  6.286904614050D-01
  6.286900237845D-01  6.286902830854D-01  6.286904095703D-01  6.286912248960D-01
  6.286919112174D-01  6.286932998736D-01  6.286945815639D-01  6.286965955745D-01
  6.286985402171D-01  6.287012625519D-01  6.287039689487D-01  6.287075150723D-01
  6.287111166374D-01  6.287156395865D-01  6.287203110692D-01  6.287260098272D-01
  6.287319774202D-01  6.287391088952D-01  6.287466643073D-01  6.287555597528D-01
  6.287650792916D-01  6.287761664487D-01  6.287881366823D-01  6.288019694972D-01
  6.288170213223D-01  6.288342997187D-01  6.288515983095D-01  6.288579603502D-01
  6.288489488067D-01  6.288408124653D-01  6.288326955563D-01  6.288253902523D-01
  6.288180466307D-01  6.288114620522D-01  6.288047912167D-01  6.287988356082D-01
  6.287927536138D-01  6.287873500228D-01  6.287817861994D-01  6.287768696064D-01
  6.287717640268D-01  6.287672791103D-01  6.287625806221D-01  6.287584800138D-01
  6.287541446877D-01  6.287503875852D-01  6.287463774725D-01  6.287429285399D-01
  6.287392106907D-01  6.287360391615D-01  6.287325848212D-01  6.287296637886D-01
  6.287264477437D-01  6.287237535581D-01  6.287207536056D-01  6.287182654026D-01
  6.287154619104D-01  6.287131611950D-01  6.287105367330D-01  6.287084070608D-01
  6.287059460960D-01  6.287039727836D-01  6.287016614221D-01  6.286998313140D-01
  6.286976570890D-01  6.286959583594D-01  6.286939100432D-01  6.286923320223D-01
  6.286903994704D-01  6.286889325055D-01  6.286871065221D-01  6.286857418469D-01
  6.286840140693D-01  6.286827437006D-01  6.286811065009D-01  6.286799231428D-01
  6.286783695382D-01  6.286772665008D-01  6.286757900786D-01  6.286747612098D-01
  6.286733560590D-01  6.286723956778D-01  6.286710563346D-01  6.286701591779D-01
  6.286688805679D-01  6.286680417405D-01  6.286668191360D-01  6.286660340662D-01
  6.286648630425D-01  6.286641274418D-01  6.286630038387D-01  6.286623136672D-01
  6.286612335550D-01  6.286605849865D-01  6.286595446346D-01  6.286589340256D-01
  6.286579298722D-01  6.286573537354D-01  6.286563823595D-01  6.286558373355D-01
  6.286548954325D-01  6.286543782633D-01  6.286534626172D-01  6.286529701239D-01
  6.286520775860D-01  6.286516066431D-01  6.286507341061D-01  6.286502816188D-01
  6.286494259943D-01  6.286489888757D-01  6.286481470709D-01  6.286477222166D-01
  6.286468911110D-01  6.286464753770D-01  6.286456517974D-01  6.286452419755D-01
  6.286444226710D-01  6.286440154620D-01  6.286431970793D-01  6.286427890683D-01
  6.286419681234D-01  6.286415557501D-01  6.286407285995D-01  6.286403081298D-01
  6.286394709406D-01  6.286390384344D-01  6.286381871508D-01  6.286377384280D-01
  6.286368687365D-01  6.286363993404D-01  6.286355066313D-01  6.286350117893D-01
  6.286340911157D-01  6.286335656955D-01  6.286326117287D-01  6.286320501922D-01
  6.286310571721D-01  6.286304535241D-01  6.286294152058D-01  6.286287629377D-01
  6.286276725337D-01  6.286269645626D-01  6.286258146779D-01  6.286250432789D-01
  6.286238258406D-01  6.286229825736D-01  6.286216887538D-01  6.286207643819D-01
  6.286193845123D-01  6.286183689122D-01  6.286168923902D-01  6.286157744544D-01
  6.286141896402D-01  6.286129571678D-01  6.286112512699D-01  6.286098908479D-01
  6.286080497983D-01  6.286065466690D-01  6.286045549842D-01  6.286028929000D-01
  6.286007335282D-01  6.285988945911D-01  6.285965487439D-01  6.285945132283D-01
  6.285919601942D-01  6.285897063513D-01  6.285869232899D-01  6.285844271314D-01
  6.285813888469D-01  6.285786239065D-01  6.285753025965D-01  6.285722396665D-01
  6.285686046451D-01  6.285652114850D-01  6.285612288767D-01  6.285574698916D-01
  6.285531022933D-01  6.285489381787D-01  6.285441442862D-01  6.285395316348D-01
  6.285342658297D-01  6.285291566982D-01  6.285233685920D-01  6.285177100208D-01
  6.285113439509D-01  6.285050774349D-01  6.284980719072D-01  6.284911328097D-01
  6.284834198831D-01  6.284757367887D-01  6.284672413948D-01  6.284587353942D-01
  6.284493745851D-01  6.284399584840D-01  6.284296406011D-01  6.284192180469D-01
  6.284078418019D-01  6.283963063172D-01  6.283837597769D-01  6.283709936920D-01
  6.283571531553D-01  6.283430264278D-01  6.283277551849D-01  6.283121240948D-01
  6.282952710551D-01  6.282779767624D-01  6.282593749382D-01  6.282402418882D-01
  6.282197067174D-01  6.281985408778D-01  6.281758683706D-01  6.281524552819D-01
  6.281274199707D-01  6.281015225909D-01  6.280738752641D-01  6.280452315859D-01
  6.280146967816D-01  6.279830171964D-01  6.279492904314D-01  6.279142548152D-01
  6.278769995195D-01  6.278382540097D-01  6.277970981372D-01  6.277542515675D-01
  6.277087838464D-01  6.276614038033D-01  6.276111695887D-01  6.275587780495D-01
  6.275032747350D-01  6.274453432413D-01  6.273840151824D-01  6.273199595002D-01
  6.272521923968D-01  6.271813666069D-01  6.271064812868D-01  6.270281712446D-01
  6.269454167819D-01  6.268588328776D-01  6.267673789759D-01  6.266716481190D-01
  6.265705766764D-01  6.264647334202D-01  6.263530291890D-01  6.262360059000D-01
  6.261125461400D-01  6.259831621074D-01  6.258467051223D-01  6.257036544899D-01
  6.255528269221D-01  6.253946653124D-01  6.252279480583D-01  6.250530777398D-01
  6.248687903303D-01  6.246754437669D-01  6.244717270382D-01  6.242579486341D-01
  6.240327454959D-01  6.237963713311D-01  6.235474054107D-01  6.232860407333D-01
  6.230107926511D-01  6.227217868658D-01  6.224174678630D-01  6.220978867192D-01
  6.217614093226D-01  6.214080039682D-01  6.210359493380D-01  6.206451218590D-01
  6.202337034130D-01  6.198014684275D-01  6.193464912817D-01  6.188684330959D-01
  6.183652487950D-01  6.178364735573D-01  6.172799294911D-01  6.166950116974D-01
  6.160793945082D-01  6.154323171113D-01  6.147512892900D-01  6.140353765493D-01
  6.132819052879D-01  6.124897473543D-01  6.116560245698D-01  6.107793926307D-01
  6.098567448875D-01  6.088864954932D-01  6.078652823265D-01  6.067912492683D-01
  6.056607481347D-01  6.044716199410D-01  6.032198956846D-01  6.019030764264D-01
  6.005168327310D-01  5.990582833611D-01  5.975226931415D-01  5.959067500170D-01
  5.942052610566D-01  5.924144275695D-01  5.905285389016D-01  5.885432452346D-01
  5.864522487467D-01  5.842505736288D-01  5.819312540802D-01  5.794886009631D-01
  5.769148859732D-01  5.742036042090D-01  5.713461536914D-01  5.683350929391D-01
  5.651608147993D-01  5.618147978808D-01  5.582862733872D-01  5.545654689525D-01
  5.506402668160D-01  5.464994382101D-01  5.421292907637D-01  5.375168910788D-01
  5.326466986624D-01  5.275037736636D-01  5.220703938709D-01  5.163292437169D-01
  5.102600098853D-01  5.038425465578D-01  4.970534438792D-01  4.898691629434D-01
  4.822625696656D-01  4.742060310666D-01  4.656679048771D-01  4.566155861377D-01
  4.470119399475D-01  4.368182840774D-01  4.259907484588D-01  4.144831752202D-01
  4.022433835940D-01  3.892159626680D-01  3.753384167059D-01  3.605438152546D-01
  3.447567803487D-01  3.278960972769D-01  3.098700189816D-01  2.905792980413D-01
  2.699118258628D-01
