In49 POTENTIAL                      exc: Vosko,Wilk,Nusair      
  2.25914357  6.50000000  2.23392349
  49.00000
   2.46891   0.8856671389   0.8856472598
353
 0.25000000D-01 0.37220196D-03
 9 1
    0  -1.96656160000D+03
    0  -2.87428550000D+02
    0  -5.37136240000D+01
    0  -7.39818510000D+00
    1  -2.68528840000D+02
    1  -4.59639090000D+01
    1  -4.86454470000D+00
    2  -3.15522220000D+01
    2  -7.38539920000D-01
  4.725879663734D+02  4.726143320168D+02  4.726413001728D+02  4.726688772489D+02
  4.726970719338D+02  4.727258981029D+02  4.727553653855D+02  4.727854877795D+02
  4.728162751563D+02  4.728477416665D+02  4.728798973564D+02  4.729127564973D+02
  4.729463292621D+02  4.729806300057D+02  4.730156689795D+02  4.730514605778D+02
  4.730880150773D+02  4.731253468595D+02  4.731634661672D+02  4.732023873083D+02
  4.732421204248D+02  4.732826796812D+02  4.733240750431D+02  4.733663204521D+02
  4.734094256119D+02  4.734534041510D+02  4.734982654146D+02  4.735440226168D+02
  4.735906846356D+02  4.736382641563D+02  4.736867694684D+02  4.737362125999D+02
  4.737866011157D+02  4.738379462437D+02  4.738902546724D+02  4.739435366693D+02
  4.739977978785D+02  4.740530474295D+02  4.741092897342D+02  4.741665325878D+02
  4.742247789709D+02  4.742840351176D+02  4.743443023318D+02  4.744055850634D+02
  4.744678826956D+02  4.745311976211D+02  4.745955270245D+02  4.746608709506D+02
  4.747272240813D+02  4.747945837948D+02  4.748629419370D+02  4.749322928712D+02
  4.750026252433D+02  4.750739300219D+02  4.751461922565D+02  4.752193991074D+02
  4.752935315967D+02  4.753685726277D+02  4.754444987277D+02  4.755212880573D+02
  4.755989121438D+02  4.756773438798D+02  4.757565492478D+02  4.758364953075D+02
  4.759171419106D+02  4.759984496764D+02  4.760803716975D+02  4.761628615033D+02
  4.762458647552D+02  4.763293271993D+02  4.764131863505D+02  4.764973794338D+02
  4.765818350580D+02  4.766664811455D+02  4.767512365963D+02  4.768360192056D+02
  4.769207373185D+02  4.770052977370D+02  4.770895973655D+02  4.771735311070D+02
  4.772569835007D+02  4.773398366094D+02  4.774219616489D+02  4.775032268685D+02
  4.775834891735D+02  4.776626020001D+02  4.777404069339D+02  4.778167415799D+02
  4.778914311795D+02  4.779642964786D+02  4.780351453454D+02  4.781037806395D+02
  4.781699918333D+02  4.782335628862D+02  4.782942638733D+02  4.783518588681D+02
  4.784060975829D+02  4.784567232652D+02  4.785034643544D+02  4.785460423972D+02
  4.785841637259D+02  4.786175273989D+02  4.786458169074D+02  4.786687081471D+02
  4.786858611599D+02  4.786969281448D+02  4.787015452425D+02  4.786993405921D+02
  4.786899261682D+02  4.786729058918D+02  4.786478675277D+02  4.786143908602D+02
  4.785720396592D+02  4.785203699301D+02  4.784589219591D+02  4.783872286465D+02
  4.783048076409D+02  4.782111697663D+02  4.781058112544D+02  4.779882222752D+02
  4.778578792771D+02  4.777142536296D+02  4.775568040802D+02  4.773849855167D+02
  4.771982415488D+02  4.769960133968D+02  4.767777326024D+02  4.765428300496D+02
  4.762907288078D+02  4.760208532861D+02  4.757326222097D+02  4.754254579058D+02
  4.750987794102D+02  4.747520118787D+02  4.743845798156D+02  4.739959166009D+02
  4.735854578266D+02  4.731526509225D+02  4.726969485813D+02  4.722178184599D+02
  4.717147366653D+02  4.711871975005D+02  4.706347069772D+02  4.700567925666D+02
  4.694529966942D+02  4.688228864488D+02  4.681660470065D+02  4.674820912398D+02
  4.667706530101D+02  4.660313966105D+02  4.652640098560D+02  4.644682132861D+02
  4.636437529751D+02  4.627904094128D+02  4.619079899521D+02  4.609963372828D+02
  4.600553214300D+02  4.590848477367D+02  4.580848483297D+02  4.570552895305D+02
  4.559961627147D+02  4.549074910858D+02  4.537893198696D+02  4.526417224140D+02
  4.514647896913D+02  4.502586357095D+02  4.490233863538D+02  4.477591841615D+02
  4.464661765818D+02  4.451445202434D+02  4.437943688059D+02  4.424158769443D+02
  4.410091880750D+02  4.395744384026D+02  4.381117449299D+02  4.366212100455D+02
  4.351029103613D+02  4.335569024421D+02  4.319832131227D+02  4.303818470627D+02
  4.287527792301D+02  4.270959649405D+02  4.254113350931D+02  4.236988091517D+02
  4.219582934034D+02  4.201896968984D+02  4.183929324273D+02  4.165679347401D+02
  4.147146631459D+02  4.128331204846D+02  4.109233554157D+02  4.089854798715D+02
  4.070196685457D+02  4.050261722803D+02  4.030053123505D+02  4.009574877451D+02
  3.988831627817D+02  3.967828675698D+02  3.946571791199D+02  3.925067160697D+02
  3.903321152346D+02  3.881340232768D+02  3.859130719051D+02  3.836698699713D+02
  3.814049808129D+02  3.791189180310D+02  3.768121277791D+02  3.744849904209D+02
  3.721378092726D+02  3.697708189284D+02  3.673841805558D+02  3.649779963678D+02
  3.625523104241D+02  3.601071277877D+02  3.576424190631D+02  3.551581422655D+02
  3.526542490123D+02  3.501307069886D+02  3.475875057063D+02  3.450246775617D+02
  3.424423012833D+02  3.398405198478D+02  3.372195400759D+02  3.345796460849D+02
  3.319211939187D+02  3.292446196883D+02  3.265504286803D+02  3.238391979320D+02
  3.211115599135D+02  3.183682000133D+02  3.156098356923D+02  3.128372102073D+02
  3.100510690751D+02  3.072521524050D+02  3.044411714876D+02  3.016188030521D+02
  2.987856697135D+02  2.959423401051D+02  2.930893171452D+02  2.902270476673D+02
  2.873559213447D+02  2.844762913496D+02  2.815884836114D+02  2.786928258493D+02
  2.757896619152D+02  2.728793814518D+02  2.699624296426D+02  2.670393269757D+02
  2.641106645462D+02  2.611771064170D+02  2.582393668051D+02  2.552981961389D+02
  2.523543460855D+02  2.494085493001D+02  2.464614847722D+02  2.435137643004D+02
  2.405659098787D+02  2.376183558541D+02  2.346714437272D+02  2.317254416177D+02
  2.287805547224D+02  2.258369576586D+02  2.228948143341D+02  2.199543159171D+02
  2.170157025999D+02  2.140792999592D+02  2.111455359740D+02  2.082149700239D+02
  2.052883004173D+02  2.023663822975D+02  1.994502229852D+02  1.965409870361D+02
  1.936399786125D+02  1.907486337877D+02  1.878684907605D+02  1.850011710353D+02
  1.821483397977D+02  1.793116789524D+02  1.764928413582D+02  1.736934201179D+02
  1.709149018744D+02  1.681586384791D+02  1.654258065576D+02  1.627173900047D+02
  1.600341555700D+02  1.573766570470D+02  1.547452381954D+02  1.521400689486D+02
  1.495611825559D+02  1.470085438351D+02  1.444821099444D+02  1.419819067839D+02
  1.395080766110D+02  1.370609181952D+02  1.346408794832D+02  1.322485347345D+02
  1.298845201170D+02  1.275494724173D+02  1.252439518372D+02  1.229683930664D+02
  1.207230590148D+02  1.185080320175D+02  1.163232080212D+02  1.141683223011D+02
  1.120429690579D+02  1.099466428788D+02  1.078787654739D+02  1.058387274982D+02
  1.038259107847D+02  1.018397225889D+02  9.987960849132D+01  9.794507664944D+01
  9.603570077544D+01  9.415113496320D+01  9.229110813372D+01  9.045543135815D+01
  8.864398592879D+01  8.685672545521D+01  8.509365983544D+01  8.335485431590D+01
  8.164041141328D+01  7.995046880829D+01  7.828518088312D+01  7.664471689352D+01
  7.502924334139D+01  7.343892342161D+01  7.187390101298D+01  7.033430198358D+01
  6.882022020430D+01  6.733172095898D+01  6.586882909458D+01  6.443153454288D+01
  6.301978253377D+01  6.163348109800D+01  6.027249317707D+01  5.893664591755D+01
  5.762572446968D+01  5.633948283668D+01  5.507763907221D+01  5.383988730029D+01
  5.262589378235D+01  5.143530938488D+01  5.026776557490D+01  4.912288619618D+01
  4.800028214211D+01  4.689956122711D+01  4.582032055475D+01  4.476215390703D+01
  4.372464175885D+01  4.270735680718D+01  4.170985206843D+01  4.073166626281D+01
  3.977231113684D+01
N_07 POTENTIAL                      exc: Vosko,Wilk,Nusair      
  1.72127726  6.50000000  1.73067725
   7.00000
   2.01081   0.8856671389   0.8856472598
353
 0.25000000D-01 0.30314114D-03
 2 1
    0  -2.69998930000D+01
    0  -4.29582100000D-01
  2.611904580929D+01  2.611942769666D+01  2.611981885438D+01  2.612024519799D+01
  2.612068716806D+01  2.612114259363D+01  2.612161022043D+01  2.612209050501D+01
  2.612258295245D+01  2.612308832077D+01  2.612360626199D+01  2.612413761791D+01
  2.612468209487D+01  2.612524057385D+01  2.612581279213D+01  2.612639965676D+01
  2.612700092834D+01  2.612761753548D+01  2.612824925932D+01  2.612889704841D+01
  2.612956070354D+01  2.613024119279D+01  2.613093833647D+01  2.613165312233D+01
  2.613238539053D+01  2.613313614889D+01  2.613390525793D+01  2.613469374615D+01
  2.613550149507D+01  2.613632955456D+01  2.613717782788D+01  2.613804738702D+01
  2.613893815780D+01  2.613985123513D+01  2.614078656819D+01  2.614174527572D+01
  2.614272733115D+01  2.614373387788D+01  2.614476491466D+01  2.614582161423D+01
  2.614690438474D+01  2.614801402754D+01  2.614915059451D+01  2.615031530893D+01
  2.615150825061D+01  2.615273067117D+01  2.615398267928D+01  2.615526555593D+01
  2.615657943963D+01  2.615792564168D+01  2.615930433140D+01  2.616071685140D+01
  2.616216340276D+01  2.616364536036D+01  2.616516295801D+01  2.616671760379D+01
  2.616830956518D+01  2.616994028438D+01  2.617161006345D+01  2.617332037960D+01
  2.617507157034D+01  2.617686514875D+01  2.617870148861D+01  2.618058213965D+01
  2.618250751271D+01  2.618447919493D+01  2.618649763486D+01  2.618856445770D+01
  2.619068015038D+01  2.619284637671D+01  2.619506366249D+01  2.619733371063D+01
  2.619965708617D+01  2.620203553145D+01  2.620446965104D+01  2.620696122688D+01
  2.620951090316D+01  2.621212050143D+01  2.621479070544D+01  2.621752337615D+01
  2.622031923656D+01  2.622318018665D+01  2.622610698813D+01  2.622910157933D+01
  2.623216475987D+01  2.623529850544D+01  2.623850365246D+01  2.624178221271D+01
  2.624513505790D+01  2.624856423424D+01  2.625207064690D+01  2.625565637440D+01
  2.625932235302D+01  2.626307069108D+01  2.626690235315D+01  2.627081947423D+01
  2.627482304383D+01  2.627891521994D+01  2.628309701300D+01  2.628737059968D+01
  2.629173700664D+01  2.629619842415D+01  2.630075588964D+01  2.630541160110D+01
  2.631016660041D+01  2.631502308650D+01  2.631998209842D+01  2.632504582828D+01
  2.633021530401D+01  2.633549270199D+01  2.634087902959D+01  2.634637643742D+01
  2.635198590152D+01  2.635770953534D+01  2.636354827150D+01  2.636950417342D+01
  2.637557811667D+01  2.638177210020D+01  2.638808692725D+01  2.639452451610D+01
  2.640108558056D+01  2.640777194017D+01  2.641458420023D+01  2.642152406143D+01
  2.642859199930D+01  2.643578957332D+01  2.644311710572D+01  2.645057599000D+01
  2.645816636900D+01  2.646588944283D+01  2.647374514621D+01  2.648173445563D+01
  2.648985706600D+01  2.649811369696D+01  2.650650376878D+01  2.651502770781D+01
  2.652368462148D+01  2.653247460293D+01  2.654139640502D+01  2.655044974406D+01
  2.655963297282D+01  2.656894538325D+01  2.657838487851D+01  2.658795027454D+01
  2.659763897107D+01  2.660744925211D+01  2.661737795575D+01  2.662742277349D+01
  2.663757991892D+01  2.664784642584D+01  2.665821781566D+01  2.666869039429D+01
  2.667925891834D+01  2.668991889068D+01  2.670066422539D+01  2.671148954199D+01
  2.672238782914D+01  2.673335273756D+01  2.674437624239D+01  2.675545093491D+01
  2.676656768354D+01  2.677771792433D+01  2.678889132075D+01  2.680007805295D+01
  2.681126647634D+01  2.682244540979D+01  2.683360179307D+01  2.684472297403D+01
  2.685579436517D+01  2.686680172980D+01  2.687772883790D+01  2.688855975158D+01
  2.689927648035D+01  2.690986126608D+01  2.692029423795D+01  2.693055569728D+01
  2.694062377234D+01  2.695047670343D+01  2.696009049799D+01  2.696944121622D+01
  2.697850262701D+01  2.698724849450D+01  2.699565023536D+01  2.700367920692D+01
  2.701130436623D+01  2.701849456044D+01  2.702521618836D+01  2.703143549374D+01
  2.703711623010D+01  2.704222195762D+01  2.704671371220D+01  2.705055230680D+01
  2.705369600555D+01  2.705610283066D+01  2.705772824248D+01  2.705852745305D+01
  2.705845311324D+01  2.705745763400D+01  2.705549088185D+01  2.705250250892D+01
  2.704843965802D+01  2.704324930283D+01  2.703687596372D+01  2.702926405941D+01
  2.702035563485D+01  2.701009272564D+01  2.699841509926D+01  2.698526263354D+01
  2.697057307252D+01  2.695428442018D+01  2.693633271208D+01  2.691665442549D+01
  2.689518426796D+01  2.687185760469D+01  2.684660826491D+01  2.681937098737D+01
  2.679007924507D+01  2.675866770932D+01  2.672507009314D+01  2.668922163408D+01
  2.665105695615D+01  2.661051257100D+01  2.656752475797D+01  2.652203208269D+01
  2.647397329405D+01  2.642328985894D+01  2.636992387421D+01  2.631382061541D+01
  2.625492646130D+01  2.619319145355D+01  2.612856723053D+01  2.606100959423D+01
  2.599047644899D+01  2.591693037097D+01  2.584033654677D+01  2.576066533978D+01
  2.567789022250D+01  2.559199033321D+01  2.550294839498D+01  2.541075325505D+01
  2.531539778258D+01  2.521688138237D+01  2.511520786238D+01  2.501038791268D+01
  2.490243693328D+01  2.479137746830D+01  2.467723698407D+01  2.456005024832D+01
  2.443985704807D+01  2.431670450322D+01  2.419064471436D+01  2.406173700015D+01
  2.393004546397D+01  2.379564114625D+01  2.365859950067D+01  2.351900245192D+01
  2.337693577320D+01  2.323249104182D+01  2.308576291144D+01  2.293685095977D+01
  2.278585685098D+01  2.263288607261D+01  2.247804498667D+01  2.232144245605D+01
  2.216318678704D+01  2.200338725029D+01  2.184215092279D+01  2.167958411504D+01
  2.151578912822D+01  2.135086560842D+01  2.118490724594D+01  2.101800309079D+01
  2.085023423737D+01  2.068167515524D+01  2.051239042606D+01  2.034243617208D+01
  2.017185694583D+01  2.000068737758D+01  1.982894936238D+01  1.965665409610D+01
  1.948379975472D+01  1.931037413699D+01  1.913635307168D+01  1.896170390944D+01
  1.878638489015D+01  1.861034968106D+01  1.843354783290D+01  1.825593038426D+01
  1.807745127353D+01  1.789807368097D+01  1.771777184039D+01  1.753653732553D+01
  1.735438025371D+01  1.717133435868D+01  1.698745638567D+01  1.680282884834D+01
  1.661755676556D+01  1.643176764545D+01  1.624560559353D+01  1.605922906431D+01
  1.587280333713D+01  1.568649736186D+01  1.550047608841D+01  1.531489787072D+01
  1.512990793326D+01  1.494563732404D+01  1.476219816190D+01  1.457968443557D+01
  1.439816902449D+01  1.421770609952D+01  1.403832951190D+01  1.386005630129D+01
  1.368288592966D+01  1.350680438922D+01  1.333178381908D+01  1.315778681221D+01
  1.298476608120D+01  1.281266869682D+01  1.264143559608D+01  1.247100559844D+01
  1.230131464665D+01  1.213229952731D+01  1.196389680004D+01  1.179604620007D+01
  1.162868925042D+01  1.146177235386D+01  1.129524510455D+01  1.112906309232D+01
  1.096318594100D+01  1.079757985496D+01  1.063221541570D+01  1.046706990243D+01
  1.030212487835D+01  1.013736831569D+01  9.972792000265D+00  9.808393487263D+00
  9.644173347579D+00  9.480136974302D+00  9.316291687083D+00  9.152648401083D+00
  8.989218596345D+00  8.826015851037D+00  8.663052672337D+00  8.500341885080D+00
  8.337893310317D+00  8.175714991035D+00  8.013809697973D+00  7.852175969092D+00
  7.690804421302D+00  7.529678643937D+00  7.368771123419D+00  7.208044205387D+00
  7.047445662841D+00
Vac0 POTENTIAL                      exc: Vosko,Wilk,Nusair      
  2.25914357  6.50000000  2.23392349
   0.00000
   2.46891   0.8856671389   0.8856472598
353
 0.25000000D-01 0.37220196D-03
 0 1
  8.331163113573D-01  8.330894598695D-01  8.330611370840D-01  8.330529706902D-01
  8.330483510632D-01  8.330463783555D-01  8.330447243977D-01  8.330446391977D-01
  8.330444130525D-01  8.330455386902D-01  8.330464223166D-01  8.330486208328D-01
  8.330505808442D-01  8.330538879169D-01  8.330570113378D-01  8.330615564935D-01
  8.330660114736D-01  8.330720005300D-01  8.330780316453D-01  8.330857507130D-01
  8.330936895500D-01  8.331035208445D-01  8.331138067968D-01  8.331262547027D-01
  8.331394664036D-01  8.331551947683D-01  8.331720942022D-01  8.331919782607D-01
  8.332135715791D-01  8.332387691407D-01  8.332663901053D-01  8.332984392815D-01
  8.333338636394D-01  8.333748168838D-01  8.334204196045D-01  8.334730281310D-01
  8.335319976198D-01  8.335998535638D-01  8.336691666102D-01  8.336993087329D-01
  8.336705889542D-01  8.336441468697D-01  8.336183114177D-01  8.335945481898D-01
  8.335712050679D-01  8.335497644454D-01  8.335285891684D-01  8.335091749673D-01
  8.334898966172D-01  8.334722605501D-01  8.334546511490D-01  8.334385835109D-01
  8.334224498283D-01  8.334077722691D-01  8.333929494344D-01  8.333795093043D-01
  8.333658557744D-01  8.333535216448D-01  8.333409152136D-01  8.333295733026D-01
  8.333179078972D-01  8.333074592007D-01  8.332966422987D-01  8.332870002516D-01
  8.332769507731D-01  8.332680393500D-01  8.332586859351D-01  8.332504380888D-01
  8.332417176793D-01  8.332340740390D-01  8.332259306878D-01  8.332188384907D-01
  8.332112223876D-01  8.332046345683D-01  8.331975012098D-01  8.331913756497D-01
  8.331846851391D-01  8.331789840194D-01  8.331727004801D-01  8.331673897408D-01
  8.331614808110D-01  8.331565296797D-01  8.331509660817D-01  8.331463466838D-01
  8.331411018536D-01  8.331367888586D-01  8.331318386295D-01  8.331278089618D-01
  8.331231312833D-01  8.331193638595D-01  8.331149385591D-01  8.331114140632D-01
  8.331072226349D-01  8.331039233235D-01  8.330999487419D-01  8.330968582693D-01
  8.330930848281D-01  8.330901880909D-01  8.330866012577D-01  8.330838842624D-01
  8.330804705508D-01  8.330779202888D-01  8.330746671423D-01  8.330722714833D-01
  8.330691671727D-01  8.330669147662D-01  8.330639482964D-01  8.330618284812D-01
  8.330589895051D-01  8.330569922290D-01  8.330542709712D-01  8.330523867164D-01
  8.330497738997D-01  8.330479936133D-01  8.330454803917D-01  8.330437954204D-01
  8.330413733184D-01  8.330397753477D-01  8.330374361981D-01  8.330359171951D-01
  8.330336530840D-01  8.330322052402D-01  8.330300084520D-01  8.330286241299D-01
  8.330264870922D-01  8.330251587725D-01  8.330230740049D-01  8.330217942329D-01
  8.330197542934D-01  8.330185156268D-01  8.330165130594D-01  8.330153080139D-01
  8.330133352934D-01  8.330121562896D-01  8.330102057670D-01  8.330090450721D-01
  8.330071089169D-01  8.330059585871D-01  8.330040287269D-01  8.330028805455D-01
  8.330009486023D-01  8.329997940140D-01  8.329978512380D-01  8.329966812798D-01
  8.329947184768D-01  8.329935237042D-01  8.329915311589D-01  8.329903015658D-01
  8.329882689596D-01  8.329869938920D-01  8.329849102132D-01  8.329835782769D-01
  8.329814317232D-01  8.329800306820D-01  8.329778085553D-01  8.329763252209D-01
  8.329740138122D-01  8.329724339233D-01  8.329700183869D-01  8.329683264782D-01
  8.329657906930D-01  8.329639699505D-01  8.329612963698D-01  8.329593284722D-01
  8.329564979571D-01  8.329543629022D-01  8.329513545393D-01  8.329490304527D-01
  8.329458213536D-01  8.329432842776D-01  8.329398493577D-01  8.329370730201D-01
  8.329333847555D-01  8.329303403137D-01  8.329263684727D-01  8.329230242322D-01
  8.329187355799D-01  8.329150566836D-01  8.329104146553D-01  8.329063627411D-01
  8.329013270826D-01  8.328968599049D-01  8.328913862751D-01  8.328864572878D-01
  8.328804968203D-01  8.328750547156D-01  8.328685535342D-01  8.328625417341D-01
  8.328554404185D-01  8.328487965126D-01  8.328410295074D-01  8.328336846323D-01
  8.328251795949D-01  8.328170577488D-01  8.328077348286D-01  8.327987521135D-01
  8.327885231562D-01  8.327785869412D-01  8.327673546085D-01  8.327563626055D-01
  8.327440194038D-01  8.327318586453D-01  8.327182858514D-01  8.327048315621D-01
  8.326898980367D-01  8.326750123855D-01  8.326585732614D-01  8.326421039831D-01
  8.326239992164D-01  8.326057780878D-01  8.325858308555D-01  8.325656720117D-01
  8.325436869418D-01  8.325213850150D-01  8.324971462298D-01  8.324724742924D-01
  8.324457432461D-01  8.324184505367D-01  8.323889636250D-01  8.323587730362D-01
  8.323262389542D-01  8.322928442541D-01  8.322569410758D-01  8.322200038378D-01
  8.321803757880D-01  8.321395219965D-01  8.320957758819D-01  8.320505921803D-01
  8.320022934443D-01  8.319523229865D-01  8.318989913480D-01  8.318437292133D-01
  8.317848338447D-01  8.317237219669D-01  8.316586761632D-01  8.315910977254D-01
  8.315192530094D-01  8.314445262460D-01  8.313651658509D-01  8.312825371936D-01
  8.311948688561D-01  8.311035053552D-01  8.310066533450D-01  8.309056342875D-01
  8.307986305932D-01  8.306869382335D-01  8.305687128132D-01  8.304452221194D-01
  8.303145921174D-01  8.301780594295D-01  8.300337172465D-01  8.298827677286D-01
  8.297232678236D-01  8.295563815810D-01  8.293801258669D-01  8.291956225825D-01
  8.290008442643D-01  8.287968661958D-01  8.285816118812D-01  8.283561050387D-01
  8.281182149336D-01  8.278689082405D-01  8.276059942196D-01  8.273303764338D-01
  8.270397977510D-01  8.267350919000D-01  8.264139282792D-01  8.260770633323D-01
  8.257220851431D-01  8.253496646104D-01  8.249572998034D-01  8.245455669142D-01
  8.241118643456D-01  8.236566634148D-01  8.231772521441D-01  8.226739856855D-01
  8.221440297786D-01  8.215876108638D-01  8.210017591673D-01  8.203865584636D-01
  8.197388887432D-01  8.190586755803D-01  8.183426323300D-01  8.175905090512D-01
  8.167988341721D-01  8.159671629096D-01  8.150918183328D-01  8.141721392088D-01
  8.132042203820D-01  8.121871599644D-01  8.111167989331D-01  8.099919675668D-01
  8.088082241459D-01  8.075641005174D-01  8.062548397575D-01  8.048786407229D-01
  8.034303945066D-01  8.019079278002D-01  8.003057379373D-01  7.986212348506D-01
  7.968484744488D-01  7.949843989015D-01  7.930225680327D-01  7.909593975996D-01
  7.887878883098D-01  7.865038616721D-01  7.840996861444D-01  7.815705100246D-01
  7.789079841082D-01  7.761064909459D-01  7.731568632255D-01  7.700526085411D-01
  7.667836225048D-01  7.633424079402D-01  7.597177814628D-01  7.559010857124D-01
  7.518798878021D-01  7.476441828244D-01  7.431800821346D-01  7.384760058831D-01
  7.335163585451D-01  7.282877076142D-01  7.227724430855D-01  7.169549386552D-01
  7.108151909632D-01  7.043349586331D-01  6.974913759267D-01  6.902630636616D-01
  6.826237104524D-01  6.745481478794D-01  6.660058905944D-01  6.569671659827D-01
  6.473964019849D-01  6.372581987670D-01  6.265107500218D-01  6.151117407049D-01
  6.030116836855D-01  5.901597232814D-01  5.764968643100D-01  5.619616558699D-01
  5.464832840613D-01  5.299871042627D-01  5.123875621838D-01  4.935935361951D-01
  4.735010446220D-01  4.519983523998D-01  4.289584216885D-01  4.042437269263D-01
  3.776983972281D-01  3.491528871177D-01  3.184151592405D-01  2.852757673371D-01
  2.494982872408D-01
Vac0 POTENTIAL                      exc: Vosko,Wilk,Nusair      
  1.72127726  6.50000000  1.73067725
   0.00000
   2.01081   0.8856671389   0.8856472598
353
 0.25000000D-01 0.30314114D-03
 0 1
  6.288023441269D-01  6.287618068916D-01  6.287198270339D-01  6.287071074121D-01
  6.287000479317D-01  6.286958380765D-01  6.286925213944D-01  6.286904423285D-01
  6.286885396789D-01  6.286875036929D-01  6.286864339788D-01  6.286861057283D-01
  6.286856680653D-01  6.286859273620D-01  6.286860538697D-01  6.286868692747D-01
  6.286875556770D-01  6.286889444988D-01  6.286902263663D-01  6.286922406070D-01
  6.286941855201D-01  6.286969081839D-01  6.286996149551D-01  6.287031615117D-01
  6.287067635643D-01  6.287112870750D-01  6.287159591833D-01  6.287216586503D-01
  6.287276270468D-01  6.287347594135D-01  6.287423158261D-01  6.287512123909D-01
  6.287607331790D-01  6.287718217335D-01  6.287837935258D-01  6.287976280831D-01
  6.288126818535D-01  6.288299624157D-01  6.288472632330D-01  6.288536260532D-01
  6.288446134083D-01  6.288364760249D-01  6.288283581324D-01  6.288210518921D-01
  6.288137073788D-01  6.288071219525D-01  6.288004503122D-01  6.287944939358D-01
  6.287884112067D-01  6.287830069172D-01  6.287774424239D-01  6.287725251933D-01
  6.287674190016D-01  6.287629335014D-01  6.287582344522D-01  6.287541333079D-01
  6.287497974647D-01  6.287460398685D-01  6.287420292820D-01  6.287385798941D-01
  6.287348616065D-01  6.287316896586D-01  6.287282349117D-01  6.287253134897D-01
  6.287220970681D-01  6.287194025223D-01  6.287164022222D-01  6.287139136818D-01
  6.287111098660D-01  6.287088088387D-01  6.287061840758D-01  6.287040541135D-01
  6.287015928671D-01  6.286996192832D-01  6.286973076599D-01  6.286954772987D-01
  6.286933028283D-01  6.286916038618D-01  6.286895553159D-01  6.286879770738D-01
  6.286860443068D-01  6.286845771340D-01  6.286827509487D-01  6.286813860788D-01
  6.286796581120D-01  6.286783875605D-01  6.286767501825D-01  6.286755666522D-01
  6.286740128806D-01  6.286729096812D-01  6.286714331007D-01  6.286704040791D-01
  6.286689987795D-01  6.286680382551D-01  6.286666987707D-01  6.286658014782D-01
  6.286645227353D-01  6.286636837794D-01  6.286624610499D-01  6.286616758578D-01
  6.286605047149D-01  6.286597689996D-01  6.286586452835D-01  6.286579550023D-01
  6.286568747829D-01  6.286562261104D-01  6.286551856564D-01  6.286545749487D-01
  6.286535706978D-01  6.286529944670D-01  6.286520229981D-01  6.286514778837D-01
  6.286505358916D-01  6.286500186365D-01  6.286491029049D-01  6.286486103289D-01
  6.286477177088D-01  6.286472466864D-01  6.286463740700D-01  6.286459215061D-01
  6.286450658051D-01  6.286446286120D-01  6.286437867333D-01  6.286433618069D-01
  6.286425306288D-01  6.286421148247D-01  6.286412911742D-01  6.286408812834D-01
  6.286400619096D-01  6.286396546330D-01  6.286388361821D-01  6.286384281042D-01
  6.286376070914D-01  6.286371946517D-01  6.286363674339D-01  6.286359468980D-01
  6.286351096412D-01  6.286346770688D-01  6.286338257172D-01  6.286333769272D-01
  6.286325071671D-01  6.286320377027D-01  6.286311449239D-01  6.286306500119D-01
  6.286297292669D-01  6.286292037751D-01  6.286282497346D-01  6.286276881242D-01
  6.286266950277D-01  6.286260913027D-01  6.286250529050D-01  6.286244005564D-01
  6.286233100691D-01  6.286226020133D-01  6.286214520410D-01  6.286206805528D-01
  6.286194630217D-01  6.286186196600D-01  6.286173257416D-01  6.286164012687D-01
  6.286150212938D-01  6.286140055858D-01  6.286125289509D-01  6.286114108991D-01
  6.286098259635D-01  6.286085933661D-01  6.286068873374D-01  6.286055267803D-01
  6.286036855891D-01  6.286021823132D-01  6.286001904748D-01  6.285985282314D-01
  6.285963686927D-01  6.285945295823D-01  6.285921835532D-01  6.285901478485D-01
  6.285875946158D-01  6.285853405662D-01  6.285825572878D-01  6.285800609031D-01
  6.285770223810D-01  6.285742571928D-01  6.285709356224D-01  6.285678724205D-01
  6.285642371133D-01  6.285608436546D-01  6.285568607325D-01  6.285531014193D-01
  6.285487334761D-01  6.285445690005D-01  6.285397747285D-01  6.285351616800D-01
  6.285298954573D-01  6.285247858884D-01  6.285189973224D-01  6.285133382694D-01
  6.285069716928D-01  6.285007046458D-01  6.284936985596D-01  6.284867588768D-01
  6.284790453345D-01  6.284713615945D-01  6.284628655217D-01  6.284543588089D-01
  6.284449972508D-01  6.284355803640D-01  6.284252616547D-01  6.284148382333D-01
  6.284034610765D-01  6.283919246347D-01  6.283793770880D-01  6.283666099466D-01
  6.283527682990D-01  6.283386404051D-01  6.283233679358D-01  6.283077355580D-01
  6.282908811644D-01  6.282735854499D-01  6.282549821307D-01  6.282358475109D-01
  6.282153106895D-01  6.281941431164D-01  6.281714687866D-01  6.281480537837D-01
  6.281230164600D-01  6.280971169665D-01  6.280694674175D-01  6.280408214052D-01
  6.280102841472D-01  6.279786019846D-01  6.279448725102D-01  6.279098340480D-01
  6.278725757608D-01  6.278338271086D-01  6.277926679332D-01  6.277498178939D-01
  6.277043465262D-01  6.276569626527D-01  6.276067244124D-01  6.275543286445D-01
  6.274988208861D-01  6.274408847246D-01  6.273795517605D-01  6.273154909262D-01
  6.272477184092D-01  6.271768869332D-01  6.271019956389D-01  6.270236793222D-01
  6.269409182678D-01  6.268543274406D-01  6.267628662666D-01  6.266671277727D-01
  6.265660483085D-01  6.264601966290D-01  6.263484835514D-01  6.262314509737D-01
  6.261079814596D-01  6.259785871863D-01  6.258421194487D-01  6.256990575290D-01
  6.255482181113D-01  6.253900440638D-01  6.252233137542D-01  6.250484297347D-01
  6.248641279459D-01  6.246707662948D-01  6.244670337347D-01  6.242532387222D-01
  6.240280181604D-01  6.237916257208D-01  6.235426406331D-01  6.232812558567D-01
  6.230059866992D-01  6.227169588197D-01  6.224126166560D-01  6.220930112386D-01
  6.217565084044D-01  6.214030763989D-01  6.210309938490D-01  6.206401371288D-01
  6.202286880613D-01  6.197964210176D-01  6.193414103144D-01  6.188633170120D-01
  6.183600959696D-01  6.178312823018D-01  6.172746980480D-01  6.166897382426D-01
  6.160740771455D-01  6.154269538751D-01  6.147458781404D-01  6.140299153748D-01
  6.132763919010D-01  6.124841794944D-01  6.116503998997D-01  6.107737087397D-01
  6.098509992886D-01  6.088806856272D-01  6.078594055597D-01  6.067853028975D-01
  6.056547293864D-01  6.044655259773D-01  6.032137236029D-01  6.018968232678D-01
  6.005104954810D-01  5.990518589597D-01  5.975161784858D-01  5.959001419731D-01
  5.941985564644D-01  5.924076232570D-01  5.905216316925D-01  5.885362319647D-01
  5.864451262744D-01  5.842433388549D-01  5.819239039614D-01  5.794811325355D-01
  5.769072963689D-01  5.741958906834D-01  5.713383136444D-01  5.683271239453D-01
  5.651527146340D-01  5.618065645545D-01  5.582779051755D-01  5.545569644348D-01
  5.506316249098D-01  5.464906582139D-01  5.421203723951D-01  5.375078345213D-01
  5.326375046066D-01  5.274944433575D-01  5.220609291638D-01  5.163196471113D-01
  5.102502845826D-01  5.038326965108D-01  4.970434738373D-01  4.898590785042D-01
  4.822523773177D-01  4.741957382375D-01  4.656575199709D-01  4.566051185769D-01
  4.470014002025D-01  4.368076836983D-01  4.259801000939D-01  4.144724926342D-01
  4.022326816710D-01  3.892052574126D-01  3.753277252275D-01  3.605331557473D-01
  3.447461720530D-01  3.278855604343D-01  3.098595747751D-01  2.905689685189D-01
  2.699016338560D-01
