In49 POTENTIAL                      exc: Vosko,Wilk,Nusair      
  2.20033126  6.33750000  2.17664358
  49.00000
   2.40560   0.9811931846   0.9240466116
353
 0.25000000D-01 0.36265835D-03
 9 1
    0  -1.96656160000D+03
    0  -2.87428550000D+02
    0  -5.37136240000D+01
    0  -7.39818510000D+00
    1  -2.68528840000D+02
    1  -4.59639090000D+01
    1  -4.86454470000D+00
    2  -3.15522220000D+01
    2  -7.38539920000D-01
  4.726906034827D+02  4.727162941423D+02  4.727425734446D+02  4.727694480746D+02
  4.727969265356D+02  4.728250225763D+02  4.728537456553D+02  4.728831096571D+02
  4.729131242938D+02  4.729438036185D+02  4.729751575330D+02  4.730072002289D+02
  4.730399417527D+02  4.730733964003D+02  4.731075743180D+02  4.731424898649D+02
  4.731781532380D+02  4.732145788110D+02  4.732517767762D+02  4.732897614651D+02
  4.733285430031D+02  4.733681356146D+02  4.734085492867D+02  4.734497980626D+02
  4.734918917110D+02  4.735348440090D+02  4.735786644166D+02  4.736233663493D+02
  4.736689588562D+02  4.737154548839D+02  4.737628629558D+02  4.738111954285D+02
  4.738604601719D+02  4.739106688173D+02  4.739618284377D+02  4.740139497882D+02
  4.740670389854D+02  4.741211057399D+02  4.741761550348D+02  4.742321953498D+02
  4.742892303464D+02  4.743472670579D+02  4.744063075894D+02  4.744663573176D+02
  4.745274165603D+02  4.745894887766D+02  4.746525722328D+02  4.747166681943D+02
  4.747817725857D+02  4.748478841747D+02  4.749149962268D+02  4.749831046798D+02
  4.750521997923D+02  4.751222743093D+02  4.751933151036D+02  4.752653113318D+02
  4.753382460686D+02  4.754121044525D+02  4.754868653122D+02  4.755625093018D+02
  4.756390105194D+02  4.757163446311D+02  4.757944804802D+02  4.758733882013D+02
  4.759530308195D+02  4.760333723528D+02  4.761143694023D+02  4.761959792431D+02
  4.762781514037D+02  4.763608357458D+02  4.764439740337D+02  4.765275080016D+02
  4.766113709135D+02  4.766954956187D+02  4.767798061009D+02  4.768642255230D+02
  4.769486677657D+02  4.770330454615D+02  4.771172615240D+02  4.772012171706D+02
  4.772848034437D+02  4.773679092238D+02  4.774504127419D+02  4.775321895851D+02
  4.776131042017D+02  4.776930178998D+02  4.777717803473D+02  4.778492375655D+02
  4.779252234252D+02  4.779995676379D+02  4.780720872511D+02  4.781425946385D+02
  4.782108889979D+02  4.782767643445D+02  4.783400010133D+02  4.784003736596D+02
  4.784576427709D+02  4.785115626778D+02  4.785618730804D+02  4.786083070746D+02
  4.786505826978D+02  4.786884109765D+02  4.787214874977D+02  4.787495004835D+02
  4.787721223942D+02  4.787890180383D+02  4.787998362136D+02  4.788042178600D+02
  4.788017877473D+02  4.787921626790D+02  4.787749432349D+02  4.787497220345D+02
  4.787160755441D+02  4.786735724093D+02  4.786217653358D+02  4.785601994998D+02
  4.784884045136D+02  4.784059029235D+02  4.783122022688D+02  4.782068036786D+02
  4.780891940331D+02  4.779588546676D+02  4.778152536469D+02  4.776578545844D+02
  4.774861090369D+02  4.772994654475D+02  4.770973616664D+02  4.768792340237D+02
  4.766445099811D+02  4.763926173371D+02  4.761229770123D+02  4.758350123873D+02
  4.755281422200D+02  4.752017901127D+02  4.748553775558D+02  4.744883335165D+02
  4.741000875981D+02  4.736900797367D+02  4.732577534599D+02  4.728025656718D+02
  4.723239799878D+02  4.718214765807D+02  4.712945455611D+02  4.707426968504D+02
  4.701654535667D+02  4.695623618814D+02  4.689329843634D+02  4.682769097662D+02
  4.675937462738D+02  4.668831311568D+02  4.661447238537D+02  4.653782154262D+02
  4.645833214016D+02  4.637597909503D+02  4.629073994079D+02  4.620259570911D+02
  4.611153014161D+02  4.601753052664D+02  4.592058686220D+02  4.582069263970D+02
  4.571784394988D+02  4.561204020613D+02  4.550328318683D+02  4.539157769239D+02
  4.527693052030D+02  4.515935105305D+02  4.503885016443D+02  4.491544074132D+02
  4.478913652643D+02  4.465995258175D+02  4.452790408039D+02  4.439300672889D+02
  4.425527553048D+02  4.411472519427D+02  4.397136890412D+02  4.382521875566D+02
  4.367628457821D+02  4.352457445356D+02  4.337009365110D+02  4.321284529325D+02
  4.305282947187D+02  4.289004412912D+02  4.272448442101D+02  4.255614387245D+02
  4.238501403423D+02  4.221108593983D+02  4.203435005829D+02  4.185479802358D+02
  4.167242281670D+02  4.148722065936D+02  4.129919127421D+02  4.110833975096D+02
  4.091467665880D+02  4.071821963679D+02  4.051899310401D+02  4.031702933336D+02
  4.011236755422D+02  3.990505436119D+02  3.969514213556D+02  3.948268880260D+02
  3.926775567665D+02  3.905040675882D+02  3.883070627144D+02  3.860871781503D+02
  3.838450193965D+02  3.815811551054D+02  3.792960964252D+02  3.769902955603D+02
  3.746641309639D+02  3.723179123325D+02  3.699518724584D+02  3.675661787795D+02
  3.651609313918D+02  3.627361801250D+02  3.602919272660D+02  3.578281484031D+02
  3.553447978961D+02  3.528418314090D+02  3.503192120131D+02  3.477769323227D+02
  3.452150192234D+02  3.426335537292D+02  3.400326725989D+02  3.374125843659D+02
  3.347735665134D+02  3.321159765571D+02  3.294402439200D+02  3.267468755006D+02
  3.240364419844D+02  3.213095779787D+02  3.185669632211D+02  3.158093181641D+02
  3.130373813904D+02  3.102519024666D+02  3.074536179172D+02  3.046432441439D+02
  3.018214552570D+02  2.989888797807D+02  2.961460842872D+02  2.932935778537D+02
  2.904318051404D+02  2.875611614751D+02  2.846819969629D+02  2.817946419506D+02
  2.788994196035D+02  2.759966765957D+02  2.730867964906D+02  2.701702260325D+02
  2.672474788171D+02  2.643191472774D+02  2.613858890202D+02  2.584484206768D+02
  2.555074878254D+02  2.525638464963D+02  2.496182265523D+02  2.466713132695D+02
  2.437237172236D+02  2.407759677445D+02  2.378284983865D+02  2.348816577685D+02
  2.319357123863D+02  2.289908731933D+02  2.260473114097D+02  2.231051946498D+02
  2.201647084977D+02  2.172260946638D+02  2.142896710731D+02  2.113558653830D+02
  2.084252277968D+02  2.054984551603D+02  2.025763927325D+02  1.996600461271D+02
  1.967505702485D+02  1.938492682592D+02  1.909575677452D+02  1.880770074943D+02
  1.852092024919D+02  1.823558208041D+02  1.795185403614D+02  1.766990196183D+02
  1.738988504950D+02  1.711195279858D+02  1.683624053503D+02  1.656286698430D+02
  1.629193085598D+02  1.602350999990D+02  1.575766014052D+02  1.549441674887D+02
  1.523379696673D+02  1.497580490047D+02  1.472043676816D+02  1.446768859861D+02
  1.421756225871D+02  1.397007191649D+02  1.372524651895D+02  1.348313080809D+02
  1.324378149969D+02  1.300726254630D+02  1.277363739194D+02  1.254296286302D+02
  1.231528258126D+02  1.209062390075D+02  1.186899531966D+02  1.165038747548D+02
  1.143477403662D+02  1.122211527298D+02  1.101236055449D+02  1.080545266242D+02
  1.060133034349D+02  1.039993218399D+02  1.020119841335D+02  1.000507384812D+02
  9.811508696280D+01  9.620460506397D+01  9.431894025823D+01  9.245782292156D+01
  9.062105736197D+01  8.880852630868D+01  8.702017666658D+01  8.525601985701D+01
  8.351611449378D+01  8.180056463276D+01  8.010950124847D+01  7.844308006622D+01
  7.680146329406D+01  7.518481826699D+01  7.359330044188D+01  7.202705364801D+01
  7.048619494172D+01  6.897081688127D+01  6.748097450476D+01  6.601668976316D+01
  6.457794065396D+01  6.316466776907D+01  6.177676549072D+01  6.041409052888D+01
  5.907645503326D+01  5.776363694951D+01  5.647537483270D+01  5.521137972229D+01
  5.397133121488D+01  5.275489020788D+01  5.156169532175D+01  5.039137533159D+01
  4.924354454600D+01  4.811781346288D+01  4.701378178676D+01  4.593104636151D+01
  4.486919144735D+01  4.382779434963D+01  4.280641325695D+01  4.180459243647D+01
  4.082184896992D+01
N_07 POTENTIAL                      exc: Vosko,Wilk,Nusair      
  1.68057905  6.33750000  1.68945972
   7.00000
   1.96292   0.9811931846   0.9240466116
353
 0.25000000D-01 0.29592158D-03
 2 1
    0  -2.69998930000D+01
    0  -4.29582100000D-01
  2.622127578808D+01  2.622164794731D+01  2.622202910528D+01  2.622244507105D+01
  2.622287634244D+01  2.622332082196D+01  2.622377719495D+01  2.622424597417D+01
  2.622472659924D+01  2.622521988223D+01  2.622572540857D+01  2.622624407334D+01
  2.622677551572D+01  2.622732066950D+01  2.622787920437D+01  2.622845207982D+01
  2.622903898844D+01  2.622964091092D+01  2.623025756002D+01  2.623088993599D+01
  2.623153777086D+01  2.623220208404D+01  2.623288262672D+01  2.623358043756D+01
  2.623429528721D+01  2.623502823403D+01  2.623577906864D+01  2.623654886963D+01
  2.623733744824D+01  2.623814590402D+01  2.623897406952D+01  2.623982306599D+01
  2.624069274809D+01  2.624158425959D+01  2.624249747807D+01  2.624343357066D+01
  2.624439243874D+01  2.624537527368D+01  2.624638200172D+01  2.624741384373D+01
  2.624847113265D+01  2.624955471838D+01  2.625066457936D+01  2.625180198541D+01
  2.625296694240D+01  2.625416074802D+01  2.625538343654D+01  2.625663633451D+01
  2.625791950556D+01  2.625923430608D+01  2.626058083003D+01  2.626196046463D+01
  2.626337333513D+01  2.626482086053D+01  2.626630319835D+01  2.626782180033D+01
  2.626937685718D+01  2.627096985432D+01  2.627260101661D+01  2.627427186403D+01
  2.627598265644D+01  2.627773494930D+01  2.627952903834D+01  2.628136651526D+01
  2.628324771248D+01  2.628517425875D+01  2.628714652387D+01  2.628916617434D+01
  2.629123361801D+01  2.629335055974D+01  2.629551744599D+01  2.629773602049D+01
  2.630000676880D+01  2.630233147388D+01  2.630471066071D+01  2.630714615177D+01
  2.630963851163D+01  2.631218960239D+01  2.631480002821D+01  2.631747169071D+01
  2.632020523347D+01  2.632300259736D+01  2.632586446492D+01  2.632879281572D+01
  2.633178837064D+01  2.633485314711D+01  2.633798790336D+01  2.634119469359D+01
  2.634447431207D+01  2.634782884827D+01  2.635125913085D+01  2.635476728266D+01
  2.635835416466D+01  2.636202193076D+01  2.636577147166D+01  2.636960496950D+01
  2.637352334159D+01  2.637752879495D+01  2.638162226982D+01  2.638580599408D+01
  2.639008092654D+01  2.639444931124D+01  2.639891212050D+01  2.640347160902D+01
  2.640812875674D+01  2.641288582270D+01  2.641774378768D+01  2.642270490776D+01
  2.642777015676D+01  2.643294177951D+01  2.643822073397D+01  2.644360924423D+01
  2.644910824233D+01  2.645471992088D+01  2.646044517454D+01  2.646628615234D+01
  2.647224369870D+01  2.647831990539D+01  2.648451555215D+01  2.649083265815D+01
  2.649727192225D+01  2.650383527392D+01  2.651052331301D+01  2.651733786020D+01
  2.652427939618D+01  2.653134961155D+01  2.653854884546D+01  2.654587863488D+01
  2.655333915259D+01  2.656093175582D+01  2.656865642356D+01  2.657651430450D+01
  2.658450515359D+01  2.659262987924D+01  2.660088797910D+01  2.660928008644D+01
  2.661780540509D+01  2.662646425498D+01  2.663525550616D+01  2.664417912341D+01
  2.665323359935D+01  2.666241849805D+01  2.667173188712D+01  2.668117288033D+01
  2.669073906860D+01  2.670042906155D+01  2.671023991739D+01  2.672016968332D+01
  2.673021482427D+01  2.674037276211D+01  2.675063930317D+01  2.676101117626D+01
  2.677148345894D+01  2.678205211424D+01  2.679271141573D+01  2.680345648290D+01
  2.681428070495D+01  2.682517827490D+01  2.683614161205D+01  2.684716389482D+01
  2.685823648192D+01  2.686935144390D+01  2.688049898308D+01  2.689166996385D+01
  2.690285333138D+01  2.691403864079D+01  2.692521347470D+01  2.693636597133D+01
  2.694748224101D+01  2.695854889333D+01  2.696955045282D+01  2.698047188525D+01
  2.699129601264D+01  2.700200603896D+01  2.701258296469D+01  2.702300811222D+01
  2.703326054016D+01  2.704331956877D+01  2.705316219441D+01  2.706276561530D+01
  2.707210464657D+01  2.708115424675D+01  2.708988693388D+01  2.709827531329D+01
  2.710628949525D+01  2.711389962463D+01  2.712107330077D+01  2.712777810962D+01
  2.713397904654D+01  2.713964105176D+01  2.714472643678D+01  2.714919742397D+01
  2.715301357759D+01  2.715613434840D+01  2.715851651016D+01  2.716011671036D+01
  2.716088891326D+01  2.716078695775D+01  2.715976200814D+01  2.715776512030D+01
  2.715474470132D+01  2.715064908520D+01  2.714542400274D+01  2.713901516791D+01
  2.713136575923D+01  2.712241901829D+01  2.711211574382D+01  2.710039690360D+01
  2.708720114258D+01  2.707246740944D+01  2.705613247992D+01  2.703813359924D+01
  2.701840602182D+01  2.699688567053D+01  2.697350669379D+01  2.694820414252D+01
  2.692091154536D+01  2.689156360399D+01  2.686009378689D+01  2.682643704332D+01
  2.679052741575D+01  2.675230077241D+01  2.671169243804D+01  2.666863994441D+01
  2.662308067860D+01  2.657495465030D+01  2.652420215609D+01  2.647076656185D+01
  2.641459198079D+01  2.635562606840D+01  2.629381771136D+01  2.622911983163D+01
  2.616148708246D+01  2.609087865737D+01  2.601725598857D+01  2.594058555560D+01
  2.586083658060D+01  2.577798383045D+01  2.569200530220D+01  2.560288501173D+01
  2.551061066179D+01  2.541517640909D+01  2.531658050655D+01  2.521482804004D+01
  2.510992853556D+01  2.500189865612D+01  2.489075976395D+01  2.477654056746D+01
  2.465927462823D+01  2.453900294758D+01  2.441577140775D+01  2.428963328821D+01
  2.416064663043D+01  2.402887667283D+01  2.389439313046D+01  2.375727253924D+01
  2.361759544091D+01  2.347544862862D+01  2.333092222960D+01  2.318411184540D+01
  2.303511552674D+01  2.288403580404D+01  2.273097655149D+01  2.257604490665D+01
  2.241934802429D+01  2.226099488779D+01  2.210109295823D+01  2.193974988599D+01
  2.177707006703D+01  2.161315627098D+01  2.144810612602D+01  2.128201369111D+01
  2.111496590459D+01  2.094704414470D+01  2.077832069712D+01  2.060886037208D+01
  2.043871707466D+01  2.026793558067D+01  2.009654833267D+01  1.992457752079D+01
  1.975203227544D+01  1.957891124874D+01  1.940520042191D+01  1.923087642150D+01
  1.905590518056D+01  1.888024621589D+01  1.870385233096D+01  1.852667497040D+01
  1.834866496895D+01  1.816977883197D+01  1.798998018245D+01  1.780924639371D+01
  1.762756992810D+01  1.744496430956D+01  1.726146420334D+01  1.707712954877D+01
  1.689204331178D+01  1.670631297263D+01  1.652006554312D+01  1.633344648470D+01
  1.614661256614D+01  1.595972922758D+01  1.577296260574D+01  1.558647681294D+01
  1.540042656373D+01  1.521495561466D+01  1.503019094434D+01  1.484624296340D+01
  1.466320151835D+01  1.448113784670D+01  1.430010215125D+01  1.412012689328D+01
  1.394122544673D+01  1.376339621328D+01  1.358662185776D+01  1.341087379202D+01
  1.323611159917D+01  1.306228756008D+01  1.288934600513D+01  1.271722768132D+01
  1.254586888126D+01  1.237520554394D+01  1.220517208934D+01  1.203570520928D+01
  1.186674238571D+01  1.169822536628D+01  1.153009837324D+01  1.136231127921D+01
  1.119481752867D+01  1.102757703988D+01  1.086055386723D+01  1.069371885898D+01
  1.052704709016D+01  1.036052030503D+01  1.019412414806D+01  1.002785041643D+01
  9.861694111707D+00  9.695655521580D+00  9.529737107655D+00  9.363945427405D+00
  9.198287864234D+00  9.032774390612D+00  8.867414136145D+00  8.702216982279D+00
  8.537189954051D+00  8.372338627949D+00  8.207663327716D+00  8.043160323569D+00
  7.878817813998D+00  7.714616971646D+00  7.550527494762D+00  7.386508763877D+00
  7.222505008716D+00
Vac0 POTENTIAL                      exc: Vosko,Wilk,Nusair      
  2.20033126  6.33750000  2.17664358
   0.00000
   2.40560   0.9811931846   0.9240466116
353
 0.25000000D-01 0.36265835D-03
 0 1
  8.824991072974D-01  8.824699441070D-01  8.824392809397D-01  8.824303672335D-01
  8.824253731360D-01  8.824231348677D-01  8.824213189183D-01  8.824210896707D-01
  8.824207832143D-01  8.824218263942D-01  8.824226806072D-01  8.824248420475D-01
  8.824268157624D-01  8.824301288573D-01  8.824333108532D-01  8.824379102720D-01
  8.824424769156D-01  8.824485797658D-01  8.824547902129D-01  8.824627006979D-01
  8.824709086163D-01  8.824810356346D-01  8.824917123534D-01  8.825045983310D-01
  8.825183677154D-01  8.825347301813D-01  8.825524177529D-01  8.825732071134D-01
  8.825959079469D-01  8.826223871362D-01  8.826515592403D-01  8.826854132310D-01
  8.827230059632D-01  8.827664924515D-01  8.828151234794D-01  8.828712807355D-01
  8.829344777885D-01  8.830072866020D-01  8.830818342949D-01  8.831150004994D-01
  8.830854351735D-01  8.830581634291D-01  8.830315698716D-01  8.830070582058D-01
  8.829830325582D-01  8.829609139388D-01  8.829391218867D-01  8.829190911550D-01
  8.828992535765D-01  8.828810549255D-01  8.828629369343D-01  8.828463542999D-01
  8.828297568073D-01  8.828146064350D-01  8.827993595703D-01  8.827854841817D-01
  8.827714421088D-01  8.827587062877D-01  8.827457430910D-01  8.827340296040D-01
  8.827220359954D-01  8.827112428304D-01  8.827001234767D-01  8.826901614386D-01
  8.826798327969D-01  8.826706235541D-01  8.826610120984D-01  8.826524865646D-01
  8.826435273138D-01  8.826356243150D-01  8.826272596252D-01  8.826199247909D-01
  8.826121033354D-01  8.826052881689D-01  8.825979640868D-01  8.825916251851D-01
  8.825847573658D-01  8.825788557579D-01  8.825724072281D-01  8.825669078127D-01
  8.825608452240D-01  8.825557162896D-01  8.825500094677D-01  8.825452222846D-01
  8.825398438534D-01  8.825353723159D-01  8.825302973655D-01  8.825261176878D-01
  8.825213234893D-01  8.825174139382D-01  8.825128796972D-01  8.825092203625D-01
  8.825049269988D-01  8.825014995856D-01  8.824974295464D-01  8.824942171992D-01
  8.824903542883D-01  8.824873414333D-01  8.824836706620D-01  8.824808428641D-01
  8.824773503212D-01  8.824746941608D-01  8.824713668909D-01  8.824688698506D-01
  8.824656957492D-01  8.824633461141D-01  8.824603138302D-01  8.824581005934D-01
  8.824551994434D-01  8.824531122215D-01  8.824503321063D-01  8.824483610663D-01
  8.824456923987D-01  8.824438281823D-01  8.824412618164D-01  8.824394954743D-01
  8.824370226417D-01  8.824353455705D-01  8.824329578177D-01  8.824313616996D-01
  8.824290508300D-01  8.824275275749D-01  8.824252855908D-01  8.824238272801D-01
  8.824216463280D-01  8.824202451587D-01  8.824181174732D-01  8.824167657042D-01
  8.824146835539D-01  8.824133734498D-01  8.824113290816D-01  8.824100528575D-01
  8.824080384408D-01  8.824067882050D-01  8.824047957724D-01  8.824035634675D-01
  8.824015848557D-01  8.824003621971D-01  8.823983889838D-01  8.823971673947D-01
  8.823951908320D-01  8.823939613757D-01  8.823919723198D-01  8.823907256266D-01
  8.823887144625D-01  8.823874406519D-01  8.823853972131D-01  8.823840858109D-01
  8.823819992924D-01  8.823806391394D-01  8.823784980036D-01  8.823770771586D-01
  8.823748690337D-01  8.823733746665D-01  8.823710862354D-01  8.823695045116D-01
  8.823671213908D-01  8.823654373445D-01  8.823629439517D-01  8.823611413482D-01
  8.823585207575D-01  8.823565819401D-01  8.823538157231D-01  8.823517214478D-01
  8.823487894988D-01  8.823465187507D-01  8.823433990952D-01  8.823409288874D-01
  8.823375974710D-01  8.823349026231D-01  8.823313330788D-01  8.823283859734D-01
  8.823245493659D-01  8.823213196795D-01  8.823171842230D-01  8.823136386299D-01
  8.823091693770D-01  8.823052712222D-01  8.823004297209D-01  8.822961386604D-01
  8.822908825747D-01  8.822861541769D-01  8.822804368699D-01  8.822752221768D-01
  8.822689922486D-01  8.822632372910D-01  8.822564380693D-01  8.822500833315D-01
  8.822426523092D-01  8.822356321376D-01  8.822275003514D-01  8.822197423014D-01
  8.822108336455D-01  8.822022577604D-01  8.821924882280D-01  8.821830062419D-01
  8.821722830878D-01  8.821617975450D-01  8.821500183601D-01  8.821384216424D-01
  8.821254733308D-01  8.821126465825D-01  8.820984042318D-01  8.820842161718D-01
  8.820685418043D-01  8.820528474135D-01  8.820355886062D-01  8.820182276768D-01
  8.819992160366D-01  8.819800115689D-01  8.819590610469D-01  8.819378174776D-01
  8.819147225067D-01  8.818912237505D-01  8.818657571866D-01  8.818397644720D-01
  8.818116753183D-01  8.817829247951D-01  8.817519356873D-01  8.817201357826D-01
  8.816859402089D-01  8.816507687041D-01  8.816130279321D-01  8.815741287322D-01
  8.815324684120D-01  8.814894479741D-01  8.814434543834D-01  8.813958777687D-01
  8.813450936615D-01  8.812924801707D-01  8.812364001885D-01  8.811782185362D-01
  8.811162841341D-01  8.810519471144D-01  8.809835409520D-01  8.809123995402D-01
  8.808368392789D-01  8.807581761095D-01  8.806747075551D-01  8.805877297106D-01
  8.804955192299D-01  8.803993502661D-01  8.802974764005D-01  8.801911475274D-01
  8.800785917184D-01  8.799610320465D-01  8.798366683779D-01  8.797066941295D-01
  8.795692779806D-01  8.794255805559D-01  8.792737360493D-01  8.791148688239D-01
  8.789470749382D-01  8.787714386546D-01  8.785860138577D-01  8.783918404608D-01
  8.781869257042D-01  8.779722604496D-01  8.777458003450D-01  8.775084819946D-01
  8.772582039756D-01  8.769958428697D-01  8.767192341163D-01  8.764291878896D-01
  8.761234697704D-01  8.758028164518D-01  8.754649162082D-01  8.751104244115D-01
  8.747369437751D-01  8.743450396571D-01  8.739322200550D-01  8.734989506720D-01
  8.730426346322D-01  8.725636272839D-01  8.720592156023D-01  8.715296326979D-01
  8.709720368711D-01  8.703865257900D-01  8.697701151541D-01  8.691227525016D-01
  8.684412954350D-01  8.677255250097D-01  8.669721234671D-01  8.661806871514D-01
  8.653477036855D-01  8.644725643532D-01  8.635515406441D-01  8.625837960275D-01
  8.615653617787D-01  8.604951480583D-01  8.593689189166D-01  8.581853025738D-01
  8.569397654806D-01  8.556306216738D-01  8.542530057461D-01  8.528048811244D-01
  8.512810117707D-01  8.496789691975D-01  8.479931026804D-01  8.462205447819D-01
  8.443551798065D-01  8.423936475482D-01  8.403293096540D-01  8.381582512387D-01
  8.358732447405D-01  8.334697489556D-01  8.309398698636D-01  8.282783565160D-01
  8.254765581743D-01  8.225284163366D-01  8.194244173577D-01  8.161575797067D-01
  8.127174010166D-01  8.090958394195D-01  8.052812536942D-01  8.012643772120D-01
  7.970322494911D-01  7.925741808890D-01  7.878756734186D-01  7.829243738134D-01
  7.777039808830D-01  7.722001839331D-01  7.663945532006D-01  7.602704597883D-01
  7.538069447856D-01  7.469846158280D-01  7.397794893160D-01  7.321688573729D-01
  7.241250960548D-01  7.156214947730D-01  7.066260214503D-01  6.971071043027D-01
  6.870273424371D-01  6.763492271344D-01  6.650287832796D-01  6.530212138344D-01
  6.402744536271D-01  6.267347164377D-01  6.123399379665D-01  5.970251998408D-01
  5.807160330547D-01  5.633336873729D-01  5.447882604356D-01  5.249837750510D-01
  5.038110933419D-01  4.811527582366D-01  4.568756535325D-01  4.308355568011D-01
  4.028694993655D-01  3.728002139795D-01  3.404274612987D-01  3.055330343542D-01
  2.678713012381D-01
Vac0 POTENTIAL                      exc: Vosko,Wilk,Nusair      
  1.68057905  6.33750000  1.68945972
   0.00000
   1.96292   0.9811931846   0.9240466116
353
 0.25000000D-01 0.29592158D-03
 0 1
  6.706251491826D-01  6.705819700681D-01  6.705372616369D-01  6.705237102635D-01
  6.705161953441D-01  6.705117091223D-01  6.705081821623D-01  6.705059669313D-01
  6.705039476883D-01  6.705028452783D-01  6.705017153214D-01  6.705013692839D-01
  6.705009155722D-01  6.705011989621D-01  6.705013504916D-01  6.705022313845D-01
  6.705029854665D-01  6.705044845353D-01  6.705058816954D-01  6.705080574617D-01
  6.705101734345D-01  6.705131186881D-01  6.705160638593D-01  6.705199076821D-01
  6.705238313045D-01  6.705287450896D-01  6.705338431499D-01  6.705400503848D-01
  6.705465773108D-01  6.705543674482D-01  6.705626524496D-01  6.705723999466D-01
  6.705828691443D-01  6.705950591862D-01  6.706082654256D-01  6.706235284845D-01
  6.706401910138D-01  6.706593262045D-01  6.706785284608D-01  6.706858372759D-01
  6.706762906627D-01  6.706676665010D-01  6.706590679016D-01  6.706513243576D-01
  6.706435451761D-01  6.706365653542D-01  6.706294990970D-01  6.706231857688D-01
  6.706167434764D-01  6.706110150977D-01  6.706051218868D-01  6.705999095544D-01
  6.705945019243D-01  6.705897470190D-01  6.705847707627D-01  6.705804230881D-01
  6.705758316547D-01  6.705718479764D-01  6.705676011543D-01  6.705639440253D-01
  6.705600068994D-01  6.705566437206D-01  6.705529858180D-01  6.705498880737D-01
  6.705464826788D-01  6.705436253118D-01  6.705404488977D-01  6.705378097945D-01
  6.705348415559D-01  6.705324011230D-01  6.705296225894D-01  6.705273633987D-01
  6.705247581104D-01  6.705226646017D-01  6.705202178383D-01  6.705182760714D-01
  6.705159746199D-01  6.705141720628D-01  6.705120040253D-01  6.705103293731D-01
  6.705082839996D-01  6.705067270221D-01  6.705047945680D-01  6.705033459756D-01
  6.705015175798D-01  6.705001689127D-01  6.704984364904D-01  6.704971800165D-01
  6.704955361683D-01  6.704943647991D-01  6.704928027283D-01  6.704917099423D-01
  6.704902233866D-01  6.704892031644D-01  6.704877863306D-01  6.704868330942D-01
  6.704854806067D-01  6.704845891669D-01  6.704832960134D-01  6.704824615259D-01
  6.704812230164D-01  6.704804409359D-01  6.704792526613D-01  6.704785187042D-01
  6.704773764992D-01  6.704766866103D-01  6.704755865202D-01  6.704749368370D-01
  6.704738750853D-01  6.704732619105D-01  6.704722348709D-01  6.704716546420D-01
  6.704706588098D-01  6.704701080734D-01  6.704691400390D-01  6.704686154235D-01
  6.704676718469D-01  6.704671700377D-01  6.704662476239D-01  6.704657653385D-01
  6.704648608119D-01  6.704643947752D-01  6.704635048548D-01  6.704630517744D-01
  6.704621731491D-01  6.704617296890D-01  6.704608589920D-01  6.704604217478D-01
  6.704595555298D-01  6.704591210007D-01  6.704582557031D-01  6.704578202642D-01
  6.704569521887D-01  6.704565120617D-01  6.704556373413D-01  6.704551885623D-01
  6.704543031280D-01  6.704538415141D-01  6.704529410604D-01  6.704524621736D-01
  6.704515421203D-01  6.704510412293D-01  6.704500966822D-01  6.704495687186D-01
  6.704485944251D-01  6.704480339393D-01  6.704470242405D-01  6.704464253516D-01
  6.704453741304D-01  6.704447304716D-01  6.704436310962D-01  6.704429357551D-01
  6.704417810167D-01  6.704410264707D-01  6.704398085154D-01  6.704389865601D-01
  6.704376968136D-01  6.704367984846D-01  6.704354275704D-01  6.704344430567D-01
  6.704329807053D-01  6.704318992544D-01  6.704303342042D-01  6.704291440176D-01
  6.704274639048D-01  6.704261520228D-01  6.704243432602D-01  6.704228954352D-01
  6.704209430794D-01  6.704193436353D-01  6.704172312390D-01  6.704154629170D-01
  6.704131723674D-01  6.704112161554D-01  6.704087274941D-01  6.704065624385D-01
  6.704038536645D-01  6.704014566621D-01  6.703985035131D-01  6.703958490821D-01
  6.703926247931D-01  6.703896848189D-01  6.703861598560D-01  6.703829033120D-01
  6.703790450782D-01  6.703754377158D-01  6.703712102258D-01  6.703672142330D-01
  6.703625777540D-01  6.703581513781D-01  6.703530620328D-01  6.703481591628D-01
  6.703425684914D-01  6.703371381971D-01  6.703309926721D-01  6.703249786951D-01
  6.703182191862D-01  6.703115593765D-01  6.703041205587D-01  6.702967462528D-01
  6.702885559523D-01  6.702803912857D-01  6.702713697573D-01  6.702623309043D-01
  6.702523900321D-01  6.702423843661D-01  6.702314267808D-01  6.702203519457D-01
  6.702082700482D-01  6.701960129326D-01  6.701826878154D-01  6.701691234177D-01
  6.701544236721D-01  6.701394138469D-01  6.701231942447D-01  6.701065863168D-01
  6.700886863527D-01  6.700703115844D-01  6.700505538648D-01  6.700302257618D-01
  6.700084142239D-01  6.699859266624D-01  6.699618446040D-01  6.699369697597D-01
  6.699103776622D-01  6.698828637207D-01  6.698534968412D-01  6.698230654658D-01
  6.697906311744D-01  6.697569747064D-01  6.697211495422D-01  6.696839279047D-01
  6.696443543192D-01  6.696031915926D-01  6.695594743486D-01  6.695139549829D-01
  6.694656571709D-01  6.694153217962D-01  6.693619604279D-01  6.693063012195D-01
  6.692473423528D-01  6.691857979036D-01  6.691206512487D-01  6.690526008952D-01
  6.689806138459D-01  6.689053713893D-01  6.688258224180D-01  6.687426291747D-01
  6.686547205201D-01  6.685627376290D-01  6.684655872022D-01  6.683638871076D-01
  6.682565195296D-01  6.681440765493D-01  6.680254132248D-01  6.679010931036D-01
  6.677699412260D-01  6.676324895622D-01  6.674875299303D-01  6.673355593502D-01
  6.671753328658D-01  6.670073088067D-01  6.668302015045D-01  6.666444264506D-01
  6.664486528955D-01  6.662432488911D-01  6.660268337587D-01  6.657997230029D-01
  6.655604806339D-01  6.653093639376D-01  6.650448756346D-01  6.647672084904D-01
  6.644747972924D-01  6.641677632803D-01  6.638444659198D-01  6.635049471321D-01
  6.631474828389D-01  6.627720269675D-01  6.623767627394D-01  6.619615464218D-01
  6.615244583297D-01  6.610652462917D-01  6.605818763284D-01  6.600739757974D-01
  6.595393837061D-01  6.589775934937D-01  6.583863029313D-01  6.577648564925D-01
  6.571107947853D-01  6.564232964552D-01  6.556997270861D-01  6.549390805699D-01
  6.541385274019D-01  6.532968554406D-01  6.524110175113D-01  6.514795714653D-01
  6.504992269896D-01  6.494682848599D-01  6.483831828345D-01  6.472419339747D-01
  6.460406714798D-01  6.447770859231D-01  6.434469688558D-01  6.420476487769D-01
  6.405745332990D-01  6.390245436319D-01  6.373926550600D-01  6.356753296712D-01
  6.338670548418D-01  6.319637738821D-01  6.299594221561D-01  6.278493552404D-01
  6.256268822188D-01  6.232866908562D-01  6.208213774991D-01  6.182248686432D-01
  6.154889467346D-01  6.126066673543D-01  6.095688800364D-01  6.063676400974D-01
  6.029927233613D-01  5.994350314075D-01  5.956830988049D-01  5.917264902266D-01
  5.875522984233D-01  5.831485312341D-01  5.785005980526D-01  5.735946842222D-01
  5.684142231295D-01  5.629432547750D-01  5.571628798287D-01  5.510545982601D-01
  5.445967406533D-01  5.377677816019D-01  5.305427422317D-01  5.228964715310D-01
  5.148000122735D-01  5.062238414533D-01  4.971341895115D-01  4.874962284436D-01
  4.772703312577D-01  4.664151929467D-01  4.548840132454D-01  4.426275313497D-01
  4.295901101213D-01  4.157126592699D-01  4.009285959914D-01  3.851666202117D-01
  3.683465126548D-01  3.503818862404D-01  3.311752275930D-01  3.106211608480D-01
  2.886007608621D-01
