In49 POTENTIAL                      exc: Vosko,Wilk,Nusair      
  2.37798540  6.82500000  2.34921590
  49.00000
   2.59633   0.7247658577   0.8163257545
353
 0.25000000D-01 0.39141124D-03
 9 1
    0  -1.96656160000D+03
    0  -2.87428550000D+02
    0  -5.37136240000D+01
    0  -7.39818510000D+00
    1  -2.68528840000D+02
    1  -4.59639090000D+01
    1  -4.86454470000D+00
    2  -3.15522220000D+01
    2  -7.38539920000D-01
  4.724081916717D+02  4.724359157545D+02  4.724642699975D+02  4.724932602366D+02
  4.725228954757D+02  4.725531898426D+02  4.725841532626D+02  4.726157999583D+02
  4.726481400722D+02  4.726811879448D+02  4.727149538609D+02  4.727494522428D+02
  4.727846934625D+02  4.728206919812D+02  4.728574582025D+02  4.728950065755D+02
  4.729333474750D+02  4.729724952774D+02  4.730124602612D+02  4.730532566612D+02
  4.730948945829D+02  4.731373880402D+02  4.731807468800D+02  4.732249848051D+02
  4.732701113070D+02  4.733161396758D+02  4.733630789388D+02  4.734109418590D+02
  4.734597368776D+02  4.735094761023D+02  4.735601672518D+02  4.736118216348D+02
  4.736644460959D+02  4.737180509848D+02  4.737726421027D+02  4.738282286627D+02
  4.738848152348D+02  4.739424096980D+02  4.740010151839D+02  4.740606380193D+02
  4.741212796757D+02  4.741829446780D+02  4.742456325685D+02  4.743093458227D+02
  4.743740817833D+02  4.744398405765D+02  4.745066170406D+02  4.745744086330D+02
  4.746432073536D+02  4.747130076421D+02  4.747837982952D+02  4.748555703539D+02
  4.749283090144D+02  4.750020015046D+02  4.750766289883D+02  4.751521744305D+02
  4.752286144940D+02  4.753059273939D+02  4.753840847856D+02  4.754630596082D+02
  4.755428179633D+02  4.756233269475D+02  4.757045465211D+02  4.757864373295D+02
  4.758689525621D+02  4.759520457616D+02  4.760356626729D+02  4.761197490408D+02
  4.762042424484D+02  4.762890801030D+02  4.763741906648D+02  4.764595020203D+02
  4.765449331011D+02  4.766304016466D+02  4.767158160124D+02  4.768010829218D+02
  4.768860992659D+02  4.769707598447D+02  4.770549491580D+02  4.771385491380D+02
  4.772214309332D+02  4.773034626322D+02  4.773845010423D+02  4.774643994068D+02
  4.775429991795D+02  4.776201377379D+02  4.776956401553D+02  4.777693269128D+02
  4.778410056716D+02  4.779104789865D+02  4.779775360815D+02  4.780419605686D+02
  4.781035222306D+02  4.781619847485D+02  4.782170974960D+02  4.782686032806D+02
  4.783162301548D+02  4.783596991753D+02  4.783987162371D+02  4.784329798574D+02
  4.784621730376D+02  4.784859710788D+02  4.785040334800D+02  4.785160117913D+02
  4.785215415555D+02  4.785202502085D+02  4.785117490717D+02  4.784956413081D+02
  4.784715139746D+02  4.784389460430D+02  4.783975005217D+02  4.783467325508D+02
  4.782861816030D+02  4.782153796624D+02  4.781338435154D+02  4.780410830220D+02
  4.779365935064D+02  4.778198641317D+02  4.776903703985D+02  4.775475826317D+02
  4.773909585966D+02  4.772199521064D+02  4.770340057615D+02  4.768325596849D+02
  4.766150443917D+02  4.763808896555D+02  4.761295175117D+02  4.758603512571D+02
  4.755728085873D+02  4.752663107282D+02  4.749402757029D+02  4.745941275908D+02
  4.742272899158D+02  4.738391950209D+02  4.734292775655D+02  4.729969839987D+02
  4.725417661453D+02  4.720630907548D+02  4.715604331485D+02  4.710332868134D+02
  4.704811570760D+02  4.699035707008D+02  4.693000695470D+02  4.686702201242D+02
  4.680136071787D+02  4.673298431489D+02  4.666185616194D+02  4.658794266105D+02
  4.651121258289D+02  4.643163797165D+02  4.634919344205D+02  4.626385705198D+02
  4.617560956309D+02  4.608443527271D+02  4.599032122936D+02  4.589325801541D+02
  4.579323890926D+02  4.569026061065D+02  4.558432234203D+02  4.547542650998D+02
  4.536357773994D+02  4.524878347002D+02  4.513105291630D+02  4.501039759765D+02
  4.488683023465D+02  4.476036521063D+02  4.463101741224D+02  4.449880263948D+02
  4.436373640527D+02  4.422583431700D+02  4.408511086340D+02  4.394157980222D+02
  4.379525297539D+02  4.364614075071D+02  4.349425091986D+02  4.333958925434D+02
  4.318215855162D+02  4.302195937389D+02  4.285898931129D+02  4.269324396952D+02
  4.252471650891D+02  4.235339892704D+02  4.217928190082D+02  4.200235636582D+02
  4.182261363117D+02  4.164004718767D+02  4.145465298575D+02  4.126643131935D+02
  4.107538707327D+02  4.088153145531D+02  4.068488196323D+02  4.048546370977D+02
  4.028330886815D+02  4.007845738519D+02  3.987095575840D+02  3.966085706569D+02
  3.944821909037D+02  3.923310377576D+02  3.901557489323D+02  3.879569719045D+02
  3.857353392412D+02  3.834914605107D+02  3.812258997599D+02  3.789391711154D+02
  3.766317212190D+02  3.743039307223D+02  3.719561031879D+02  3.695884732659D+02
  3.672012021589D+02  3.647943919541D+02  3.623680866021D+02  3.599222909376D+02
  3.574569753973D+02  3.549720977533D+02  3.524676094818D+02  3.499434780888D+02
  3.473996930407D+02  3.448362866754D+02  3.422533378140D+02  3.396509895221D+02
  3.370294488612D+02  3.343890001780D+02  3.317299998824D+02  3.290528844177D+02
  3.263581595105D+02  3.236464025710D+02  3.209182465125D+02  3.181743770616D+02
  3.154155120496D+02  3.126423949639D+02  3.098557715551D+02  3.070563820055D+02
  3.042449376725D+02  3.014221151944D+02  2.985885371081D+02  2.957447718464D+02
  2.928913221910D+02  2.900286347808D+02  2.871570992327D+02  2.842770686815D+02
  2.813888692268D+02  2.784928288304D+02  2.755892918194D+02  2.726786483727D+02
  2.697613443901D+02  2.668379010445D+02  2.639089101723D+02  2.609750364056D+02
  2.580369944488D+02  2.550955349303D+02  2.521514095606D+02  2.492053507266D+02
  2.462580370231D+02  2.433100796220D+02  2.403619998829D+02  2.374142314288D+02
  2.344671151792D+02  2.315209187269D+02  2.285758470101D+02  2.256320745415D+02
  2.226897654601D+02  2.197491113537D+02  2.168103531727D+02  2.138738174123D+02
  2.109399332542D+02  2.080092613651D+02  2.050825015314D+02  2.021605103525D+02
  1.992442966827D+02  1.963350264727D+02  1.934340052422D+02  1.905426701738D+02
  1.876625604377D+02  1.847952981747D+02  1.819425489982D+02  1.791059948542D+02
  1.762872884043D+02  1.734880221630D+02  1.707096819686D+02  1.679536185283D+02
  1.652210071901D+02  1.625128303484D+02  1.598298532691D+02  1.571726282204D+02
  1.545414976589D+02  1.519366303872D+02  1.493580589441D+02  1.468057477566D+02
  1.442796540697D+02  1.417798041218D+02  1.393063407788D+02  1.368595633436D+02
  1.344399201795D+02  1.320479855260D+02  1.296843951601D+02  1.273497849469D+02
  1.250447138679D+02  1.227696150611D+02  1.205247498517D+02  1.183101989283D+02
  1.161258567860D+02  1.139714573501D+02  1.118465937596D+02  1.097507596754D+02
  1.076833761577D+02  1.056438333062D+02  1.036315126209D+02  1.016458210633D+02
  9.968620409403D+01  9.775216975645D+01  9.584329180834D+01  9.395922440180D+01
  9.209969670651D+01  9.026452010921D+01  8.845357648622D+01  8.666682019906D+01
  8.490426228911D+01  8.316596945763D+01  8.145204623012D+01  7.976263278751D+01
  7.809788676154D+01  7.645798135760D+01  7.484308799626D+01  7.325337571901D+01
  7.168899545254D+01  7.015008127266D+01  6.863673668411D+01  6.714903797316D+01
  6.568702259530D+01  6.425069459416D+01  6.284001498533D+01  6.145490906230D+01
  6.009525855139D+01  5.876091054991D+01  5.745167117868D+01  5.616731586285D+01
  5.490758417060D+01  5.367219108578D+01  5.246082261758D+01  5.127314755465D+01
  5.010881321565D+01  4.896745692595D+01  4.784870104474D+01  4.675216325751D+01
  4.567745003249D+01  4.462416506436D+01  4.359190079566D+01  4.258024501263D+01
  4.158877080612D+01  4.061704209877D+01  3.966460251820D+01  3.873098116009D+01
  3.781568109983D+01
N_07 POTENTIAL                      exc: Vosko,Wilk,Nusair      
  1.80145647  6.82500000  1.81203139
   7.00000
   2.10533   0.7247658577   0.8163257545
353
 0.25000000D-01 0.31739093D-03
 2 1
    0  -2.69998930000D+01
    0  -4.29582100000D-01
  2.594276435036D+01  2.594316540468D+01  2.594357625632D+01  2.594402308892D+01
  2.594448618220D+01  2.594496323021D+01  2.594545308096D+01  2.594595609462D+01
  2.594647188985D+01  2.594700113297D+01  2.594754359211D+01  2.594810001895D+01
  2.594867023712D+01  2.594925503846D+01  2.594985427838D+01  2.595046877562D+01
  2.595109840965D+01  2.595174402152D+01  2.595240551199D+01  2.595308374277D+01
  2.595377863501D+01  2.595449107069D+01  2.595522099123D+01  2.595596929902D+01
  2.595673595610D+01  2.595752188571D+01  2.595832707103D+01  2.595915245674D+01
  2.595999804785D+01  2.596086481121D+01  2.596175277437D+01  2.596266292714D+01
  2.596359532044D+01  2.596455096788D+01  2.596552994459D+01  2.596653328883D+01
  2.596756110086D+01  2.596861444450D+01  2.596969344619D+01  2.597079919883D+01
  2.597193224426D+01  2.597309330212D+01  2.597428255383D+01  2.597550114580D+01
  2.597674928827D+01  2.597802815692D+01  2.597933799178D+01  2.598067999879D+01
  2.598205444876D+01  2.598346257886D+01  2.598490469160D+01  2.598638205637D+01
  2.598789500836D+01  2.598944485011D+01  2.599103195043D+01  2.599265764592D+01
  2.599432233993D+01  2.599602740404D+01  2.599777327697D+01  2.599956136614D+01
  2.600139214652D+01  2.600326706213D+01  2.600518662496D+01  2.600715231639D+01
  2.600916468612D+01  2.601122525358D+01  2.601333460678D+01  2.601549430378D+01
  2.601770497144D+01  2.601996820687D+01  2.602228467623D+01  2.602465601605D+01
  2.602708293199D+01  2.602956710022D+01  2.603210926604D+01  2.603471114526D+01
  2.603737352278D+01  2.604009815384D+01  2.604288586267D+01  2.604573844359D+01
  2.604865675960D+01  2.605164264346D+01  2.605469699616D+01  2.605782168795D+01
  2.606101765671D+01  2.606428680894D+01  2.606763011796D+01  2.607104952483D+01
  2.607454603651D+01  2.607812162658D+01  2.608177733333D+01  2.608551516035D+01
  2.608933617447D+01  2.609324240624D+01  2.609723494771D+01  2.610131585276D+01
  2.610548623469D+01  2.610974816642D+01  2.611410277788D+01  2.611855215600D+01
  2.612309744194D+01  2.612774073083D+01  2.613248316879D+01  2.613732685243D+01
  2.614227292566D+01  2.614732347887D+01  2.615247964550D+01  2.615774350095D+01
  2.616311615884D+01  2.616859966959D+01  2.617419511634D+01  2.617990451324D+01
  2.618572890095D+01  2.619167024461D+01  2.619772952889D+01  2.620390865556D+01
  2.621020853816D+01  2.621663099904D+01  2.622317686360D+01  2.622984785688D+01
  2.623664469720D+01  2.624356899226D+01  2.625062133229D+01  2.625780318545D+01
  2.626511499045D+01  2.627255805134D+01  2.628013262942D+01  2.628783983742D+01
  2.629567973067D+01  2.630365320055D+01  2.631176006495D+01  2.632000096090D+01
  2.632837543423D+01  2.633688383139D+01  2.634552538823D+01  2.635430012093D+01
  2.636320691386D+01  2.637224540959D+01  2.638141409577D+01  2.639071219411D+01
  2.640013774625D+01  2.640968950171D+01  2.641936500263D+01  2.642916247066D+01
  2.643907889054D+01  2.644911189583D+01  2.645925785135D+01  2.646951373762D+01
  2.647987523219D+01  2.649033859276D+01  2.650089873728D+01  2.651155112581D+01
  2.652228983931D+01  2.653310946024D+01  2.654400315002D+01  2.655496452836D+01
  2.656598574942D+01  2.657705937985D+01  2.658817647363D+01  2.659932844892D+01
  2.661050516160D+01  2.662169678091D+01  2.663289186187D+01  2.664407921970D+01
  2.665524600117D+01  2.666637955803D+01  2.667746551735D+01  2.668848965408D+01
  2.669943596055D+01  2.671028851833D+01  2.672102956716D+01  2.673164137628D+01
  2.674210431301D+01  2.675239871385D+01  2.676250295309D+01  2.677239531393D+01
  2.678205205746D+01  2.679144929430D+01  2.680056105426D+01  2.680936115905D+01
  2.681782129313D+01  2.682591287793D+01  2.683360514452D+01  2.684086701000D+01
  2.684766515260D+01  2.685396589092D+01  2.685973326226D+01  2.686493090544D+01
  2.686952014319D+01  2.687346186949D+01  2.687671463686D+01  2.687923654919D+01
  2.688098335501D+01  2.688191034675D+01  2.688197046109D+01  2.688111618586D+01
  2.687929766859D+01  2.687646463220D+01  2.687256449298D+01  2.686754428635D+01
  2.686134879558D+01  2.685392248888D+01  2.684520766010D+01  2.683514637850D+01
  2.682367864275D+01  2.681074434467D+01  2.679628143777D+01  2.678022791619D+01
  2.676251999902D+01  2.674309412550D+01  2.672188515625D+01  2.669882838578D+01
  2.667385776139D+01  2.664690791380D+01  2.661791239445D+01  2.658680572472D+01
  2.655352165196D+01  2.651799521741D+01  2.648016103095D+01  2.643995535746D+01
  2.639731440975D+01  2.635217645254D+01  2.630448011249D+01  2.625416649846D+01
  2.620117752679D+01  2.614545805585D+01  2.608695422412D+01  2.602561559607D+01
  2.596139350981D+01  2.589424323065D+01  2.582412230410D+01  2.575099271247D+01
  2.567481922826D+01  2.559557156814D+01  2.551322274069D+01  2.542775119128D+01
  2.533913913717D+01  2.524737469580D+01  2.515245019929D+01  2.505436429786D+01
  2.495312024492D+01  2.484872796644D+01  2.474120230714D+01  2.463056505605D+01
  2.451684314370D+01  2.440007061351D+01  2.428028675971D+01  2.415753803385D+01
  2.403187611356D+01  2.390335973357D+01  2.377205267396D+01  2.363802550701D+01
  2.350135349549D+01  2.336211824554D+01  2.322040550676D+01  2.307630672328D+01
  2.292991672883D+01  2.278133519001D+01  2.263066419153D+01  2.247800956830D+01
  2.232347837896D+01  2.216718012670D+01  2.200922412304D+01  2.184972060170D+01
  2.168877797991D+01  2.152650387593D+01  2.136300228228D+01  2.119837450631D+01
  2.103271628050D+01  2.086611865810D+01  2.069866510117D+01  2.053043238222D+01
  2.036148771346D+01  2.019188973274D+01  2.002168576998D+01  1.985091303402D+01
  1.967959615584D+01  1.950774874132D+01  1.933537138252D+01  1.916245379273D+01
  1.898897352266D+01  1.881489892601D+01  1.864018882484D+01  1.846479652229D+01
  1.828867057471D+01  1.811175991031D+01  1.793401562232D+01  1.775539691815D+01
  1.757587343083D+01  1.739543125024D+01  1.721407477229D+01  1.703183165391D+01
  1.684875296316D+01  1.666491588169D+01  1.648042119934D+01  1.629539317954D+01
  1.610997429853D+01  1.592432270331D+01  1.573860511714D+01  1.555299318920D+01
  1.536765607390D+01  1.518275719882D+01  1.499844789081D+01  1.481486565314D+01
  1.463212957780D+01  1.445034050915D+01  1.426957829341D+01  1.408990361994D+01
  1.391135671768D+01  1.373396037828D+01  1.355771956372D+01  1.338262508489D+01
  1.320865363621D+01  1.303577170700D+01  1.286393568937D+01  1.269309573743D+01
  1.252319572743D+01  1.235417689949D+01  1.218597755181D+01  1.201853638545D+01
  1.185179188372D+01  1.168568533491D+01  1.152015989015D+01  1.135516327084D+01
  1.119064652170D+01  1.102656642680D+01  1.086288398656D+01  1.069956657442D+01
  1.053658617177D+01  1.037392130011D+01  1.021155504901D+01  1.004947681834D+01
  9.887680172716D+00  9.726164425580D+00  9.564932350054D+00  9.403991632190D+00
  9.243352462547D+00  9.083028879571D+00  8.923036259022D+00  8.763392560266D+00
  8.604115721744D+00  8.445224813289D+00  8.286737335581D+00  8.128670271070D+00
  7.971037274855D+00  7.813849606805D+00  7.657113193181D+00  7.500829415371D+00
  7.344992017007D+00  7.189587766956D+00  7.034593057044D+00  6.879974575592D+00
  6.725685601729D+00
Vac0 POTENTIAL                      exc: Vosko,Wilk,Nusair      
  2.37798540  6.82500000  2.34921590
   0.00000
   2.59633   0.7247658577   0.8163257545
353
 0.25000000D-01 0.39141124D-03
 0 1
  7.465637908018D-01  7.465408891751D-01  7.465165672792D-01  7.465096754149D-01
  7.465056901153D-01  7.465041598370D-01  7.465027691466D-01  7.465029105414D-01
  7.465027997599D-01  7.465040379520D-01  7.465049405637D-01  7.465071639802D-01
  7.465090585424D-01  7.465123053056D-01  7.465152741338D-01  7.465196630832D-01
  7.465238581514D-01  7.465295735372D-01  7.465352121627D-01  7.465425064876D-01
  7.465498795875D-01  7.465590864299D-01  7.465685754790D-01  7.465801305377D-01
  7.465922329565D-01  7.466067042376D-01  7.466220690046D-01  7.466401985756D-01
  7.466596750140D-01  7.466824359583D-01  7.467071402426D-01  7.467358144004D-01
  7.467672203545D-01  7.468035043592D-01  7.468435674828D-01  7.468897178698D-01
  7.469410434717D-01  7.469999860579D-01  7.470599024811D-01  7.470847080018D-01
  7.470576105600D-01  7.470327523452D-01  7.470083718357D-01  7.469860369960D-01
  7.469640041438D-01  7.469438570772D-01  7.469238662110D-01  7.469056279037D-01
  7.468874238148D-01  7.468708603830D-01  7.468542283196D-01  7.468391422184D-01
  7.468239001608D-01  7.468101233981D-01  7.467961160410D-01  7.467835048255D-01
  7.467705988460D-01  7.467590293771D-01  7.467471096661D-01  7.467364747772D-01
  7.467254414225D-01  7.467156478547D-01  7.467054137105D-01  7.466963799305D-01
  7.466868686315D-01  7.466785230345D-01  7.466696673695D-01  7.466619468080D-01
  7.466536873816D-01  7.466465359405D-01  7.466388200670D-01  7.466321880521D-01
  7.466249688192D-01  7.466188119082D-01  7.466120474046D-01  7.466063259315D-01
  7.465999785888D-01  7.465946569407D-01  7.465886929729D-01  7.465837390775D-01
  7.465781280140D-01  7.465735128995D-01  7.465682271720D-01  7.465639245927D-01
  7.465589391959D-01  7.465549253048D-01  7.465502174867D-01  7.465464705627D-01
  7.465420195692D-01  7.465385197681D-01  7.465343066131D-01  7.465310357585D-01
  7.465270430282D-01  7.465239844257D-01  7.465201961025D-01  7.465173343737D-01
  7.465137356855D-01  7.465110566277D-01  7.465076339077D-01  7.465051243634D-01
  7.465018649337D-01  7.464995126762D-01  7.464964047377D-01  7.464941983705D-01
  7.464912309052D-01  7.464891597683D-01  7.464863224527D-01  7.464843765392D-01
  7.464816596649D-01  7.464798295453D-01  7.464772239445D-01  7.464755006960D-01
  7.464729976743D-01  7.464713728168D-01  7.464689640929D-01  7.464674295267D-01
  7.464651071704D-01  7.464636551222D-01  7.464614115010D-01  7.464600344666D-01
  7.464578621926D-01  7.464565528867D-01  7.464544447650D-01  7.464531960706D-01
  7.464511450496D-01  7.464499499693D-01  7.464479490923D-01  7.464468006973D-01
  7.464448430532D-01  7.464437344376D-01  7.464418131119D-01  7.464407373403D-01
  7.464388453650D-01  7.464377954249D-01  7.464359257283D-01  7.464348944752D-01
  7.464330398287D-01  7.464320199349D-01  7.464301728969D-01  7.464291567934D-01
  7.464273096519D-01  7.464262894687D-01  7.464244341805D-01  7.464234016837D-01
  7.464215298074D-01  7.464204763312D-01  7.464185789583D-01  7.464174953323D-01
  7.464155630110D-01  7.464144394818D-01  7.464124621354D-01  7.464112882815D-01
  7.464092551205D-01  7.464080197599D-01  7.464059191853D-01  7.464046102758D-01
  7.464024297743D-01  7.464010343031D-01  7.463987603326D-01  7.463972641968D-01
  7.463948820609D-01  7.463932699364D-01  7.463907636470D-01  7.463890188437D-01
  7.463863709701D-01  7.463844752746D-01  7.463816667772D-01  7.463796002789D-01
  7.463766103272D-01  7.463743512258D-01  7.463711569979D-01  7.463686813941D-01
  7.463652578547D-01  7.463625395169D-01  7.463588591744D-01  7.463558692838D-01
  7.463519019214D-01  7.463486087888D-01  7.463443211679D-01  7.463406899233D-01
  7.463360454565D-01  7.463320377053D-01  7.463269960958D-01  7.463225695396D-01
  7.463170863827D-01  7.463121944007D-01  7.463062207440D-01  7.463008119309D-01
  7.462942937889D-01  7.462883114445D-01  7.462811892616D-01  7.462745708273D-01
  7.462667788858D-01  7.462594553215D-01  7.462509210874D-01  7.462428161839D-01
  7.462334595830D-01  7.462244892021D-01  7.462142218221D-01  7.462042930564D-01
  7.461930172634D-01  7.461820275093D-01  7.461696354733D-01  7.461574714049D-01
  7.461438440214D-01  7.461303804582D-01  7.461153861578D-01  7.461004848123D-01
  7.460839782437D-01  7.460674863381D-01  7.460493069146D-01  7.460310556510D-01
  7.460110259419D-01  7.459908288129D-01  7.459687527671D-01  7.459464036875D-01
  7.459220646697D-01  7.458973359118D-01  7.458704945315D-01  7.458431344430D-01
  7.458135261559D-01  7.457832566374D-01  7.457505890927D-01  7.457171028094D-01
  7.456810529181D-01  7.456440102176D-01  7.456042209122D-01  7.455632464168D-01
  7.455193230684D-01  7.454740019084D-01  7.454255083661D-01  7.453753820155D-01
  7.453218362277D-01  7.452663978999D-01  7.452072670732D-01  7.451459566307D-01
  7.450806518772D-01  7.450128502028D-01  7.449407206212D-01  7.448657433946D-01
  7.447860695257D-01  7.447031603409D-01  7.446151469302D-01  7.445234696841D-01
  7.444262376771D-01  7.443248681523D-01  7.442174458417D-01  7.441053623949D-01
  7.439866756284D-01  7.438627488915D-01  7.437316102387D-01  7.435945917247D-01
  7.434496884920D-01  7.432981979879D-01  7.431380789573D-01  7.429705905737D-01
  7.427936513267D-01  7.426084780580D-01  7.424129447319D-01  7.422082213655D-01
  7.419921326702D-01  7.417657968640D-01  7.415269841699D-01  7.412767554973D-01
  7.410128207814D-01  7.407361775194D-01  7.404444689326D-01  7.401386223417D-01
  7.398162071317D-01  7.394780729476D-01  7.391217074399D-01  7.387478742608D-01
  7.383539705645D-01  7.379406647803D-01  7.375052538405D-01  7.370483007035D-01
  7.365669912774D-01  7.360617716628D-01  7.355297047357D-01  7.349711070765D-01
  7.343829051701D-01  7.337652719815D-01  7.331149827260D-01  7.324320510459D-01
  7.317130842950D-01  7.309579192644D-01  7.301629769172D-01  7.293278976009D-01
  7.284488951580D-01  7.275253915514D-01  7.265533702627D-01  7.255320102440D-01
  7.244570384974D-01  7.233273632495D-01  7.221384255864D-01  7.208888317229D-01
  7.195737035406D-01  7.181913097966D-01  7.167364153792D-01  7.152069112633D-01
  7.135971622559D-01  7.119046354597D-01  7.101232462245D-01  7.082499848220D-01
  7.062782602495D-01  7.042045247411D-01  7.020216149803D-01  6.997253739751D-01
  6.973079891216D-01  6.947646108419D-01  6.920866867943D-01  6.892685765107D-01
  6.863008808600D-01  6.831770517121D-01  6.798867155207D-01  6.764222767732D-01
  6.727722342498D-01  6.689277766755D-01  6.648760898179D-01  6.606069423172D-01
  6.561059812793D-01  6.513613056934D-01  6.463567475290D-01  6.410784294230D-01
  6.355080274538D-01  6.296293088408D-01  6.234213714904D-01  6.168651562360D-01
  6.099366568567D-01  6.026133998095D-01  5.948676166115D-01  5.866726819698D-01
  5.779962380723D-01  5.688065793659D-01  5.590657152636D-01  5.487356863922D-01
  5.377715483191D-01  5.261275997017D-01  5.137502646764D-01  5.005842078124D-01
  4.865650866392D-01  4.716255215416D-01  4.556876824827D-01  4.386690741302D-01
  4.204749125187D-01  4.010036765438D-01  3.801392255461D-01  3.577560560962D-01
  3.337110997296D-01  3.078487725728D-01  2.799919355927D-01  2.499471191306D-01
  2.174947828057D-01
Vac0 POTENTIAL                      exc: Vosko,Wilk,Nusair      
  1.80145647  6.82500000  1.81203139
   0.00000
   2.10533   0.7247658577   0.8163257545
353
 0.25000000D-01 0.31739093D-03
 0 1
  5.566124118936D-01  5.565766156993D-01  5.565395366381D-01  5.565283080653D-01
  5.565220666185D-01  5.565183484116D-01  5.565154081157D-01  5.565135673260D-01
  5.565118711975D-01  5.565109464697D-01  5.565099801508D-01  5.565096740171D-01
  5.565092584893D-01  5.565094627877D-01  5.565095357689D-01  5.565102199106D-01
  5.565107742661D-01  5.565119496251D-01  5.565130122148D-01  5.565147193491D-01
  5.565163435463D-01  5.565186483942D-01  5.565209128880D-01  5.565239073988D-01
  5.565269182989D-01  5.565307239999D-01  5.565346197448D-01  5.565393938446D-01
  5.565443526152D-01  5.565502968533D-01  5.565565469842D-01  5.565639198027D-01
  5.565717539090D-01  5.565808867985D-01  5.565906806784D-01  5.566020000380D-01
  5.566142377200D-01  5.566282789340D-01  5.566422698117D-01  5.566470310373D-01
  5.566390232879D-01  5.566317996322D-01  5.566245865121D-01  5.566181010012D-01
  5.566115747239D-01  5.566057293707D-01  5.565998006777D-01  5.565945139889D-01
  5.565891083168D-01  5.565843119448D-01  5.565793665242D-01  5.565750027139D-01
  5.565704643160D-01  5.565664839334D-01  5.565623071253D-01  5.565586680951D-01
  5.565548138558D-01  5.565514799377D-01  5.565479145635D-01  5.565448543681D-01
  5.565415485906D-01  5.565387347953D-01  5.565356630729D-01  5.565330717716D-01
  5.565302117100D-01  5.565278219016D-01  5.565251537781D-01  5.565229469256D-01
  5.565204533004D-01  5.565184129801D-01  5.565160783727D-01  5.565141899740D-01
  5.565120005858D-01  5.565102510657D-01  5.565081945568D-01  5.565065722313D-01
  5.565046375248D-01  5.565031318877D-01  5.565013090108D-01  5.564999105844D-01
  5.564981905252D-01  5.564968907342D-01  5.564952653240D-01  5.564940563808D-01
  5.564925181910D-01  5.564913930032D-01  5.564899352560D-01  5.564888873409D-01
  5.564875038325D-01  5.564865272477D-01  5.564852122807D-01  5.564843015594D-01
  5.564830498814D-01  5.564821999753D-01  5.564810067305D-01  5.564802129631D-01
  5.564790736432D-01  5.564783316632D-01  5.564772420659D-01  5.564765478104D-01
  5.564755040024D-01  5.564748536596D-01  5.564738519428D-01  5.564732419204D-01
  5.564722788015D-01  5.564717056977D-01  5.564707778586D-01  5.564702384337D-01
  5.564693427064D-01  5.564688338583D-01  5.564679672002D-01  5.564674859400D-01
  5.564666454105D-01  5.564661888390D-01  5.564653715766D-01  5.564649368645D-01
  5.564641400656D-01  5.564637244303D-01  5.564629453283D-01  5.564625460140D-01
  5.564617818584D-01  5.564613961150D-01  5.564606441504D-01  5.564602692119D-01
  5.564595266573D-01  5.564591597216D-01  5.564584237486D-01  5.564580619554D-01
  5.564573296652D-01  5.564569700724D-01  5.564562384743D-01  5.564558780355D-01
  5.564551440209D-01  5.564547795597D-01  5.564540398779D-01  5.564536680615D-01
  5.564529192908D-01  5.564525366022D-01  5.564517751219D-01  5.564513778287D-01
  5.564505997871D-01  5.564501839097D-01  5.564493851898D-01  5.564489464651D-01
  5.564481226481D-01  5.564476564914D-01  5.564468028167D-01  5.564463042799D-01
  5.564454156008D-01  5.564448793268D-01  5.564439500632D-01  5.564433702358D-01
  5.564423943213D-01  5.564417646100D-01  5.564407354353D-01  5.564400489358D-01
  5.564389592849D-01  5.564382084527D-01  5.564370504343D-01  5.564362270121D-01
  5.564349919831D-01  5.564340869208D-01  5.564327654026D-01  5.564317687699D-01
  5.564303503557D-01  5.564292512443D-01  5.564277244977D-01  5.564265109150D-01
  5.564248632577D-01  5.564235220084D-01  5.564217395960D-01  5.564202561526D-01
  5.564183237382D-01  5.564166820970D-01  5.564145828804D-01  5.564127654030D-01
  5.564104808642D-01  5.564084681029D-01  5.564059778181D-01  5.564037483224D-01
  5.564010297611D-01  5.563985598644D-01  5.563955881650D-01  5.563928517489D-01
  5.563895994712D-01  5.563865677051D-01  5.563830045563D-01  5.563796456100D-01
  5.563757381427D-01  5.563720168680D-01  5.563677281460D-01  5.563636057262D-01
  5.563588949552D-01  5.563543285168D-01  5.563491506368D-01  5.563440928206D-01
  5.563383980549D-01  5.563327965423D-01  5.563265298995D-01  5.563203268888D-01
  5.563134276121D-01  5.563065592395D-01  5.562989601987D-01  5.562913558991D-01
  5.562829829174D-01  5.562745647170D-01  5.562653358283D-01  5.562560175634D-01
  5.562458421906D-01  5.562355286437D-01  5.562243066904D-01  5.562128926355D-01
  5.562005134826D-01  5.561878826300D-01  5.561742240255D-01  5.561602478549D-01
  5.561451746878D-01  5.561297111587D-01  5.561130741029D-01  5.560959662289D-01
  5.560776002438D-01  5.560586745161D-01  5.560383971896D-01  5.560174618345D-01
  5.559950715500D-01  5.559719146022D-01  5.559471885128D-01  5.559215756845D-01
  5.558942674729D-01  5.558659397979D-01  5.558357771987D-01  5.558044484279D-01
  5.557711304879D-01  5.557364842073D-01  5.556996782560D-01  5.556613647011D-01
  5.556207029993D-01  5.555783355302D-01  5.555334115634D-01  5.554865627666D-01
  5.554369271447D-01  5.553851245201D-01  5.553302804408D-01  5.552730016301D-01
  5.552123998599D-01  5.551490673667D-01  5.550821006865D-01  5.550120760333D-01
  5.549380730913D-01  5.548606503522D-01  5.547788688597D-01  5.546932675013D-01
  5.546028866999D-01  5.545082436546D-01  5.544083559746D-01  5.543037168630D-01
  5.541933186859D-01  5.540776280934D-01  5.539556095175D-01  5.538277002227D-01
  5.536928337239D-01  5.535514147600D-01  5.534023426229D-01  5.532459860446D-01
  5.530812064275D-01  5.529083326353D-01  5.527261841139D-01  5.525350455750D-01
  5.523336899941D-01  5.521223531750D-01  5.518997566119D-01  5.516660819194D-01
  5.514199935431D-01  5.511616130402D-01  5.508895416201D-01  5.506038342581D-01
  5.503030220452D-01  5.499870861154D-01  5.496544797821D-01  5.493051022552D-01
  5.489373205385D-01  5.485509429107D-01  5.481442405540D-01  5.477169207691D-01
  5.472671483008D-01  5.467945182534D-01  5.462970770742D-01  5.457742951294D-01
  5.452240873010D-01  5.446457851771D-01  5.440371572113D-01  5.433973804736D-01
  5.427240603112D-01  5.420162016000D-01  5.412712278349D-01  5.404879518086D-01
  5.396635940503D-01  5.387967528449D-01  5.378844219221D-01  5.369249597145D-01
  5.359151061807D-01  5.348529511804D-01  5.337349502931D-01  5.325588921632D-01
  5.313209131470D-01  5.300184634516D-01  5.286473204079D-01  5.272045531866D-01
  5.256855344518D-01  5.240869033899D-01  5.224035754420D-01  5.206317033201D-01
  5.187656844455D-01  5.168011195487D-01  5.147318173535D-01  5.125527502547D-01
  5.102570556732D-01  5.078389881803D-01  5.052909168007D-01  5.026062727874D-01
  4.997765419625D-01  4.967942071345D-01  4.936497343233D-01  4.903345085379D-01
  4.868378124186D-01  4.831497537365D-01  4.792582345782D-01  4.751518684665D-01
  4.708169376813D-01  4.662402972974D-01  4.614063175413D-01  4.562997712510D-01
  4.509027572575D-01  4.451975667322D-01  4.391635823857D-01  4.327801177947D-01
  4.260232856284D-01  4.188688022352D-01  4.112888160117D-01  4.032546671222D-01
  3.947336643506D-01  3.856917866377D-01  3.760903930673D-01  3.658888487093D-01
  3.550411475421D-01  3.434984391303D-01  3.312055398481D-01  3.181033271039D-01
  3.041251015954D-01  2.891989187918D-01  2.732433917939D-01  2.561702970736D-01
  2.378798186454D-01
