In49 POTENTIAL                      exc: Vosko,Wilk,Nusair      
  2.14187055  6.17500000  2.11957662
  49.00000
   2.34253   1.0890131106   0.9652353976
353
 0.25000000D-01 0.35315022D-03
 9 1
    0  -1.96656160000D+03
    0  -2.87428550000D+02
    0  -5.37136240000D+01
    0  -7.39818510000D+00
    1  -2.68528840000D+02
    1  -4.59639090000D+01
    1  -4.86454470000D+00
    2  -3.15522220000D+01
    2  -7.38539920000D-01
  4.728031870836D+02  4.728282051997D+02  4.728537980808D+02  4.728799726270D+02
  4.729067371951D+02  4.729341053485D+02  4.729620864182D+02  4.729906941164D+02
  4.730199380384D+02  4.730498320796D+02  4.730803860391D+02  4.731116139677D+02
  4.731435258261D+02  4.731761357887D+02  4.732094539363D+02  4.732434945292D+02
  4.732782677225D+02  4.733137878172D+02  4.733500649915D+02  4.733871135347D+02
  4.734249435895D+02  4.734635693728D+02  4.735030009261D+02  4.735432523242D+02
  4.735843334322D+02  4.736262581038D+02  4.736690359429D+02  4.737126804926D+02
  4.737572009999D+02  4.738026105961D+02  4.738489180635D+02  4.738961360081D+02
  4.739442726270D+02  4.739933398731D+02  4.740433452233D+02  4.740942998353D+02
  4.741462103150D+02  4.741990868662D+02  4.742529350560D+02  4.743077639580D+02
  4.743635779237D+02  4.744203846913D+02  4.744781871732D+02  4.745369915743D+02
  4.745967991488D+02  4.746576143204D+02  4.747194364347D+02  4.747822678710D+02
  4.748461057903D+02  4.749109502390D+02  4.749767958909D+02  4.750436401428D+02
  4.751114748503D+02  4.751802944142D+02  4.752500875101D+02  4.753208451655D+02
  4.753925524820D+02  4.754651967025D+02  4.755387589262D+02  4.756132221653D+02
  4.756885630521D+02  4.757647598853D+02  4.758417843277D+02  4.759196094423D+02
  4.759982013811D+02  4.760775274093D+02  4.761575475850D+02  4.762382227722D+02
  4.763195063101D+02  4.764013520149D+02  4.764837058391D+02  4.765665138612D+02
  4.766497139348D+02  4.767332436672D+02  4.768170320576D+02  4.769010074642D+02
  4.769850892326D+02  4.770691956516D+02  4.771532355715D+02  4.772371163492D+02
  4.773207354575D+02  4.774039884202D+02  4.774867604122D+02  4.775689341861D+02
  4.776503816650D+02  4.777309718608D+02  4.778105624610D+02  4.778890077414D+02
  4.779661501476D+02  4.780418282041D+02  4.781158680937D+02  4.781880915646D+02
  4.782583075100D+02  4.783263198768D+02  4.783919192484D+02  4.784548907581D+02
  4.785150056789D+02  4.785720293456D+02  4.786257127562D+02  4.786758005067D+02
  4.787220224090D+02  4.787641014445D+02  4.788017454029D+02  4.788346548609D+02
  4.788625148490D+02  4.788850028603D+02  4.789017805533D+02  4.789125017983D+02
  4.789168044223D+02  4.789143183023D+02  4.789046571608D+02  4.788874267130D+02
  4.788622165225D+02  4.788286082122D+02  4.787861673882D+02  4.787344519248D+02
  4.786730039661D+02  4.786013582941D+02  4.785190344190D+02  4.784255450392D+02
  4.783203882303D+02  4.782030560074D+02  4.780730266210D+02  4.779297732309D+02
  4.777727563178D+02  4.776014324774D+02  4.774152469546D+02  4.772136425637D+02
  4.769960523526D+02  4.767619086527D+02  4.765106358761D+02  4.762416596987D+02
  4.759543999896D+02  4.756482801263D+02  4.753227200537D+02  4.749771457253D+02
  4.746109822839D+02  4.742236636188D+02  4.738146256548D+02  4.733833160094D+02
  4.729291873702D+02  4.724517072287D+02  4.719503513208D+02  4.714246134061D+02
  4.708739987358D+02  4.702980338399D+02  4.696962599800D+02  4.690682428953D+02
  4.684135661884D+02  4.677318409746D+02  4.670226991388D+02  4.662858028222D+02
  4.655208374811D+02  4.647275211366D+02  4.639055971586D+02  4.630548431978D+02
  4.621750636112D+02  4.612660979928D+02  4.603278131545D+02  4.593601111703D+02
  4.583629208295D+02  4.573362051146D+02  4.562799520522D+02  4.551941815579D+02
  4.540789356257D+02  4.529342845026D+02  4.517603161878D+02  4.505571419196D+02
  4.493248850142D+02  4.480636857142D+02  4.467736894426D+02  4.454550511387D+02
  4.441079230950D+02  4.427324589998D+02  4.413288016352D+02  4.398970869650D+02
  4.384374320970D+02  4.369499398875D+02  4.354346877038D+02  4.338917331422D+02
  4.323211042372D+02  4.307228069707D+02  4.290968176152D+02  4.274430926957D+02
  4.257615640578D+02  4.240521517524D+02  4.223147621161D+02  4.205493036180D+02
  4.187556876803D+02  4.169338468417D+02  4.150837372603D+02  4.132053577092D+02
  4.112987518647D+02  4.093640258946D+02  4.074013480621D+02  4.054109623628D+02
  4.033931830281D+02  4.013484021348D+02  3.992770774880D+02  3.971797334245D+02
  3.950569421584D+02  3.929093187753D+02  3.907374979116D+02  3.885421255558D+02
  3.863238342229D+02  3.840832350246D+02  3.818208948352D+02  3.795373319064D+02
  3.772329978690D+02  3.749082791463D+02  3.725634853595D+02  3.701988573914D+02
  3.678145623552D+02  3.654107078426D+02  3.629873424560D+02  3.605444748146D+02
  3.580820779094D+02  3.556001109146D+02  3.530985252924D+02  3.505772872972D+02
  3.480363837431D+02  3.454758431899D+02  3.428957394843D+02  3.402962098814D+02
  3.376774548008D+02  3.350397515423D+02  3.323834491223D+02  3.297089767097D+02
  3.270168329582D+02  3.243075888786D+02  3.215818717270D+02  3.188403627508D+02
  3.160837764890D+02  3.133128546729D+02  3.105283427282D+02  3.077309821512D+02
  3.049214869782D+02  3.021005379087D+02  2.992687624421D+02  2.964267346834D+02
  2.935749631202D+02  2.907138997829D+02  2.878439385977D+02  2.849654355820D+02
  2.820787176501D+02  2.791841114285D+02  2.762819575176D+02  2.733726404014D+02
  2.704565986331D+02  2.675343453396D+02  2.646064643375D+02  2.616736134253D+02
  2.587365023389D+02  2.557958794531D+02  2.528524970888D+02  2.499070912896D+02
  2.469603468027D+02  2.440128829993D+02  2.410652304496D+02  2.381178322605D+02
  2.351710379835D+02  2.322251223472D+02  2.292802950415D+02  2.263367326371D+02
  2.233945981387D+02  2.204540789010D+02  2.175154084332D+02  2.145789030296D+02
  2.116449791105D+02  2.087141827240D+02  2.057871975781D+02  2.028648635817D+02
  1.999481727739D+02  1.970382750530D+02  1.941364611289D+02  1.912441554535D+02
  1.883628869339D+02  1.854942706212D+02  1.826399684364D+02  1.798016625349D+02
  1.769810096761D+02  1.741796105909D+02  1.713989631193D+02  1.686404336170D+02
  1.659052159695D+02  1.631943133736D+02  1.605085128702D+02  1.578483882968D+02
  1.552143016758D+02  1.526064378555D+02  1.500248400984D+02  1.474694772370D+02
  1.449403039890D+02  1.424373379851D+02  1.399607090397D+02  1.375107019494D+02
  1.350877521256D+02  1.326924254969D+02  1.303253558889D+02  1.279871843553D+02
  1.256784813046D+02  1.233996961000D+02  1.211511088240D+02  1.189328196006D+02
  1.167447411285D+02  1.145866232675D+02  1.124580718892D+02  1.103585900759D+02
  1.082876048278D+02  1.062445091527D+02  1.042286846224D+02  1.022395360860D+02
  1.002765049823D+02  9.833909406455D+01  9.642687073410D+01  9.453948224883D+01
  9.267665041211D+01  9.083817915252D+01  8.902394271007D+01  8.723388786230D+01
  8.546801788957D+01  8.372639165220D+01  8.200910540385D+01  8.031629061165D+01
  7.864809530672D+01  7.700468211728D+01  7.538621040273D+01  7.379283552391D+01
  7.222469257323D+01  7.068189749757D+01  6.916453286409D+01  6.767265112318D+01
  6.620626257290D+01  6.476534082830D+01  6.334981298255D+01  6.195956723575D+01
  6.059444517892D+01  5.925425148514D+01  5.793874818361D+01  5.664766620794D+01
  5.538070132336D+01  5.413752698569D+01  5.291779108888D+01  5.172112896839D+01
  5.054715949113D+01  4.939549653055D+01  4.826574275301D+01  4.715749821297D+01
  4.607035105318D+01  4.500388334254D+01  4.395765875370D+01  4.293122760998D+01
  4.192411303914D+01
N_07 POTENTIAL                      exc: Vosko,Wilk,Nusair      
  1.63952924  6.17500000  1.64793099
   7.00000
   1.91467   1.0890131106   0.9652353976
353
 0.25000000D-01 0.28864751D-03
 2 1
    0  -2.69998930000D+01
    0  -4.29582100000D-01
  2.633453931590D+01  2.633490164838D+01  2.633527270220D+01  2.633567820955D+01
  2.633609870133D+01  2.633653215679D+01  2.633697719378D+01  2.633743438699D+01
  2.633790310417D+01  2.633838421744D+01  2.633887723930D+01  2.633938312422D+01
  2.633990143792D+01  2.634043317311D+01  2.634097792560D+01  2.634153671341D+01
  2.634210915488D+01  2.634269628884D+01  2.634329775343D+01  2.634391460667D+01
  2.634454650559D+01  2.634519452698D+01  2.634585834664D+01  2.634653906024D+01
  2.634723636265D+01  2.634795136881D+01  2.634868379316D+01  2.634943477050D+01
  2.635020403543D+01  2.635099274329D+01  2.635180064960D+01  2.635262893093D+01
  2.635347736449D+01  2.635434714893D+01  2.635523808392D+01  2.635615139103D+01
  2.635708689328D+01  2.635804583601D+01  2.635902806662D+01  2.636003486020D+01
  2.636106646843D+01  2.636212379538D+01  2.636320673970D+01  2.636431662372D+01
  2.636545337302D+01  2.636661833734D+01  2.636781147015D+01  2.636903414955D+01
  2.637028635787D+01  2.637156950256D+01  2.637288359580D+01  2.637423007536D+01
  2.637560898420D+01  2.637702179141D+01  2.637846857171D+01  2.637995082644D+01
  2.638146866307D+01  2.638302361612D+01  2.638461582671D+01  2.638624686350D+01
  2.638791690217D+01  2.638962754638D+01  2.639137900726D+01  2.639317292433D+01
  2.639500954498D+01  2.639689054537D+01  2.639881620993D+01  2.640078825222D+01
  2.640280699439D+01  2.640487418803D+01  2.640699019365D+01  2.640915680145D+01
  2.641137441078D+01  2.641364485092D+01  2.641596856046D+01  2.641834740807D+01
  2.642078187186D+01  2.642327386007D+01  2.642582389042D+01  2.642843391074D+01
  2.643110447824D+01  2.643383758016D+01  2.643663381294D+01  2.643949520280D+01
  2.644242238485D+01  2.644541742361D+01  2.644848099207D+01  2.645161519209D+01
  2.645482073340D+01  2.645809975389D+01  2.646145299855D+01  2.646488263965D+01
  2.646838945556D+01  2.647197565083D+01  2.647564203488D+01  2.647939084197D+01
  2.648322290975D+01  2.648714049911D+01  2.649114447254D+01  2.649523711384D+01
  2.649941930638D+01  2.650369335251D+01  2.650806015174D+01  2.651252201994D+01
  2.651707986727D+01  2.652173601721D+01  2.652649138426D+01  2.653134829273D+01
  2.653630765416D+01  2.654137178589D+01  2.654654158821D+01  2.655181936262D+01
  2.655720598867D+01  2.656270374190D+01  2.656831347041D+01  2.657403741240D+01
  2.657987637235D+01  2.658583253824D+01  2.659190665730D+01  2.659810085284D+01
  2.660441579953D+01  2.661085353979D+01  2.661741465861D+01  2.662410109944D+01
  2.663091333848D+01  2.663785320004D+01  2.664492103030D+01  2.665211851206D+01
  2.665944583789D+01  2.666690452426D+01  2.667449458405D+01  2.668221733998D+01
  2.669007259643D+01  2.669806145215D+01  2.670618347130D+01  2.671443949539D+01
  2.672282881351D+01  2.673135197342D+01  2.674000795095D+01  2.674879696016D+01
  2.675771762183D+01  2.676676977268D+01  2.677595163288D+01  2.678526261427D+01
  2.679470048681D+01  2.680426418578D+01  2.681395097713D+01  2.682375926358D+01
  2.683368574880D+01  2.684372824238D+01  2.685388282283D+01  2.686414664131D+01
  2.687451508348D+01  2.688498457190D+01  2.689554972668D+01  2.690620616659D+01
  2.691694766843D+01  2.692776896686D+01  2.693866291244D+01  2.694962327021D+01
  2.696064187642D+01  2.697171143581D+01  2.698282267705D+01  2.699396714881D+01
  2.700513437395D+01  2.701631464436D+01  2.702749617397D+01  2.703866789250D+01
  2.704981659738D+01  2.706092974647D+01  2.707199260902D+01  2.708299105750D+01
  2.709390871782D+01  2.710472976042D+01  2.711543604990D+01  2.712600993572D+01
  2.713643140141D+01  2.714668085510D+01  2.715673627877D+01  2.716657601888D+01
  2.717617593599D+01  2.718551219594D+01  2.719455842024D+01  2.720328847828D+01
  2.721167363902D+01  2.721968536478D+01  2.722729246474D+01  2.723446389097D+01
  2.724116589446D+01  2.724736482401D+01  2.725302428558D+01  2.725810794484D+01
  2.726257669062D+01  2.726639144207D+01  2.726951031708D+01  2.727189144501D+01
  2.727349014119D+01  2.727426172611D+01  2.727415870715D+01  2.727313360547D+01
  2.727113614596D+01  2.726811609312D+01  2.726402045047D+01  2.725879630660D+01
  2.725238804538D+01  2.724474020341D+01  2.723579469237D+01  2.722549366916D+01
  2.721377677165D+01  2.720058400284D+01  2.718585298123D+01  2.716952184023D+01
  2.715152649429D+01  2.713180355475D+01  2.711028761278D+01  2.708691417253D+01
  2.706161695184D+01  2.703433083343D+01  2.700498918396D+01  2.697352682373D+01
  2.693987736441D+01  2.690397619738D+01  2.686575784994D+01  2.682515899201D+01
  2.678211581027D+01  2.673656703229D+01  2.668845131748D+01  2.663771029722D+01
  2.658428598076D+01  2.652812380914D+01  2.646917007359D+01  2.640737498029D+01
  2.634269007783D+01  2.627507132903D+01  2.620447654326D+01  2.613086845062D+01
  2.605421213387D+01  2.597447809937D+01  2.589163970252D+01  2.580567620875D+01
  2.571657020545D+01  2.562431064547D+01  2.552889023750D+01  2.543030846368D+01
  2.532856893956D+01  2.522368239657D+01  2.511566400206D+01  2.500453629685D+01
  2.489032646510D+01  2.477306921673D+01  2.465280399679D+01  2.452957780199D+01
  2.440344231984D+01  2.427445666865D+01  2.414268445528D+01  2.400819643000D+01
  2.387106745356D+01  2.373137905726D+01  2.358921631137D+01  2.344467028291D+01
  2.329783479879D+01  2.314880879583D+01  2.299769297429D+01  2.284459203722D+01
  2.268961123329D+01  2.253285848617D+01  2.237444082955D+01  2.221446643223D+01
  2.205304093391D+01  2.189026937834D+01  2.172625246653D+01  2.156108841986D+01
  2.139486917891D+01  2.122768223225D+01  2.105960680605D+01  2.089071571456D+01
  2.072107160983D+01  2.055072893902D+01  2.037973035746D+01  2.020810891706D+01
  2.003588478997D+01  1.986306785971D+01  1.968965495139D+01  1.951563304284D+01
  1.934097723360D+01  1.916565481152D+01  1.898962418095D+01  1.881283996450D+01
  1.863525299573D+01  1.845681644734D+01  1.827748672244D+01  1.809723024660D+01
  1.791602467179D+01  1.773386551861D+01  1.755076668097D+01  1.736676577864D+01
  1.718192280454D+01  1.699632315073D+01  1.681007363083D+01  1.662330281022D+01
  1.643615451305D+01  1.624878605578D+01  1.606136026319D+01  1.587404292610D+01
  1.568699477586D+01  1.550036957130D+01  1.531430724500D+01  1.512893354037D+01
  1.494435491291D+01  1.476065996895D+01  1.457791608577D+01  1.439617239461D+01
  1.421545771421D+01  1.403578459272D+01  1.385714804593D+01  1.367953016756D+01
  1.350289922690D+01  1.332721446213D+01  1.315242521697D+01  1.297847566035D+01
  1.280530376349D+01  1.263284579786D+01  1.246103504737D+01  1.228980601369D+01
  1.211909282003D+01  1.194883310176D+01  1.177896609563D+01  1.160943622149D+01
  1.144019087149D+01  1.127118370304D+01  1.110237215222D+01  1.093372046431D+01
  1.076519695849D+01  1.059677682299D+01  1.042843915696D+01  1.026016955415D+01
  1.009195694336D+01  9.923795978730D+00  9.755683693176D+00  9.587621705145D+00
  9.419612690172D+00  9.251662404136D+00  9.083775967714D+00  8.915959695801D+00
  8.748217180159D+00  8.580550906720D+00  8.412958118044D+00  8.245432198838D+00
  8.077958304350D+00  7.910514587441D+00  7.743067349025D+00  7.575572428674D+00
  7.407969940263D+00
Vac0 POTENTIAL                      exc: Vosko,Wilk,Nusair      
  2.14187055  6.17500000  2.11957662
   0.00000
   2.34253   1.0890131106   0.9652353976
353
 0.25000000D-01 0.35315022D-03
 0 1
  9.366311347095D-01  9.365993740065D-01  9.365660815324D-01  9.365563268104D-01
  9.365509093885D-01  9.365483676409D-01  9.365463633295D-01  9.365459636379D-01
  9.365455568923D-01  9.365464948706D-01  9.365473017570D-01  9.365494044748D-01
  9.365513744211D-01  9.365546719199D-01  9.365578948146D-01  9.365625265875D-01
  9.365671870257D-01  9.365733817631D-01  9.365797539881D-01  9.365878348441D-01
  9.365962958269D-01  9.366066999661D-01  9.366177550618D-01  9.366310656699D-01
  9.366453873519D-01  9.366623797949D-01  9.366808623291D-01  9.367025685995D-01
  9.367264038233D-01  9.367542015489D-01  9.367849833799D-01  9.368207185760D-01
  9.368605871917D-01  9.369067436636D-01  9.369585846735D-01  9.370185182535D-01
  9.370862354973D-01  9.371643584549D-01  9.372445328099D-01  9.372809878542D-01
  9.372505556337D-01  9.372224300313D-01  9.371950593902D-01  9.371697772895D-01
  9.371450521761D-01  9.371222354697D-01  9.370998114849D-01  9.370791457979D-01
  9.370587353902D-01  9.370399571895D-01  9.370213183762D-01  9.370042050716D-01
  9.369871327527D-01  9.369714950364D-01  9.369558142012D-01  9.369414900411D-01
  9.369270504452D-01  9.369139003281D-01  9.369005722514D-01  9.368884753965D-01
  9.368761462400D-01  9.368649975495D-01  9.368535690940D-01  9.368432766741D-01
  9.368326628506D-01  9.368231459939D-01  9.368132710442D-01  9.368044585733D-01
  9.367952555508D-01  9.367870844357D-01  9.367784939474D-01  9.367709081678D-01
  9.367628773272D-01  9.367558269151D-01  9.367483084705D-01  9.367417487031D-01
  9.367347002932D-01  9.367285910142D-01  9.367219745418D-01  9.367162795804D-01
  9.367100606792D-01  9.367047473586D-01  9.366988949341D-01  9.366939336456D-01
  9.366884194839D-01  9.366837833244D-01  9.366785817522D-01  9.366742462043D-01
  9.366693337955D-01  9.366652764592D-01  9.366606317779D-01  9.366568321265D-01
  9.366524355037D-01  9.366488746764D-01  9.366447080139D-01  9.366413686313D-01
  9.366374152266D-01  9.366342812266D-01  9.366305256220D-01  9.366275821156D-01
  9.366240099594D-01  9.366212431021D-01  9.366178410267D-01  9.366152379009D-01
  9.366119934136D-01  9.366095419251D-01  9.366064433071D-01  9.366041320904D-01
  9.366011683068D-01  9.365989866367D-01  9.365961472527D-01  9.365940849667D-01
  9.365913600717D-01  9.365894074930D-01  9.365867876282D-01  9.365849354983D-01
  9.365824115893D-01  9.365806510023D-01  9.365782142951D-01  9.365765366341D-01
  9.365741786349D-01  9.365725755134D-01  9.365702879280D-01  9.365687511302D-01
  9.365665258068D-01  9.365650472307D-01  9.365628761026D-01  9.365614477027D-01
  9.365593227311D-01  9.365579364604D-01  9.365558495764D-01  9.365544973293D-01
  9.365524403751D-01  9.365511139266D-01  9.365490785946D-01  9.365477695392D-01
  9.365457473097D-01  9.365444469966D-01  9.365424290709D-01  9.365411285362D-01
  9.365391057678D-01  9.365377956635D-01  9.365357584836D-01  9.365344290008D-01
  9.365323673398D-01  9.365310081270D-01  9.365289113298D-01  9.365275114053D-01
  9.365253681396D-01  9.365239157964D-01  9.365217139545D-01  9.365201966572D-01
  9.365179232486D-01  9.365163275220D-01  9.365139685562D-01  9.365122798630D-01
  9.365098202226D-01  9.365080228303D-01  9.365054461314D-01  9.365035229665D-01
  9.365008114059D-01  9.364987438942D-01  9.364958780825D-01  9.364936459730D-01
  9.364906047503D-01  9.364881859238D-01  9.364849461577D-01  9.364823164133D-01
  9.364788527766D-01  9.364759855993D-01  9.364722703250D-01  9.364691366284D-01
  9.364651392400D-01  9.364617070833D-01  9.364573940974D-01  9.364536283727D-01
  9.364489629712D-01  9.364448250597D-01  9.364397667279D-01  9.364352141194D-01
  9.364297182470D-01  9.364247041209D-01  9.364187215613D-01  9.364131943235D-01
  9.364066709076D-01  9.364005736798D-01  9.363934496787D-01  9.363867197336D-01
  9.363789292658D-01  9.363714974039D-01  9.363629677804D-01  9.363547576419D-01
  9.363454086419D-01  9.363363359458D-01  9.363260790182D-01  9.363160507226D-01
  9.363047881024D-01  9.362937014756D-01  9.362813252086D-01  9.362690668043D-01
  9.362554576686D-01  9.362419021918D-01  9.362269285067D-01  9.362119375621D-01
  9.361954538717D-01  9.361788745794D-01  9.361607201978D-01  9.361423836640D-01
  9.361223810674D-01  9.361021006944D-01  9.360800537445D-01  9.360576233628D-01
  9.360333153427D-01  9.360085071462D-01  9.359816985905D-01  9.359542608547D-01
  9.359246871500D-01  9.358943417103D-01  9.358617104441D-01  9.358281499077D-01
  9.357921379371D-01  9.357550226018D-01  9.357152728143D-01  9.356742272623D-01
  9.356303449940D-01  9.355849543267D-01  9.355365034042D-01  9.354863090798D-01
  9.354328074434D-01  9.353773026757D-01  9.353182175416D-01  9.352568422127D-01
  9.351915847236D-01  9.351237197598D-01  9.350516390721D-01  9.349766002256D-01
  9.348969769697D-01  9.348140079432D-01  9.347260469943D-01  9.346343118383D-01
  9.345371343216D-01  9.344357090271D-01  9.343283434764D-01  9.342162066775D-01
  9.340975792582D-01  9.339736019495D-01  9.338425256437D-01  9.337054598062D-01
  9.335606224509D-01  9.334090884716D-01  9.332490395256D-01  9.330815122779D-01
  9.329046481816D-01  9.327194416255D-01  9.325239896008D-01  9.323192397411D-01
  9.321032398632D-01  9.318768858880D-01  9.316381712415D-01  9.313879346432D-01
  9.311241093531D-01  9.308474708118D-01  9.305558857164D-01  9.302500594978D-01
  9.299277852049D-01  9.295896908005D-01  9.292334878338D-01  9.288597185343D-01
  9.284660042478D-01  9.280527923062D-01  9.276176042000D-01  9.271607821976D-01
  9.266797372251D-01  9.261746952055D-01  9.256429446112D-01  9.250845824902D-01
  9.244967616530D-01  9.238794363481D-01  9.232296090388D-01  9.225470756848D-01
  9.218286720589D-01  9.210740185852D-01  9.202797661373D-01  9.194453403755D-01
  9.185671869598D-01  9.176445153195D-01  9.166735432021D-01  9.156532397966D-01
  9.145795695273D-01  9.134512344375D-01  9.122639171189D-01  9.110160222459D-01
  9.097029185101D-01  9.083226791719D-01  9.068703228445D-01  9.053435529000D-01
  9.037369969141D-01  9.020479447286D-01  9.002705863245D-01  8.984017482967D-01
  8.964351298705D-01  8.943670374836D-01  8.921906185924D-01  8.899015939818D-01
  8.874924889185D-01  8.849583627120D-01  8.822910366603D-01  8.794848202604D-01
  8.765307352484D-01  8.734222376980D-01  8.701494372744D-01  8.667048142553D-01
  8.630774328852D-01  8.592586520931D-01  8.552363315372D-01  8.510005344648D-01
  8.465377246595D-01  8.418364594691D-01  8.368815753911D-01  8.316598687619D-01
  8.261542671108D-01  8.203494943290D-01  8.142262241564D-01  8.077667257911D-01
  8.009489949022D-01  7.937523745547D-01  7.861516579085D-01  7.781226779543D-01
  7.696363744973D-01  7.606643444536D-01  7.511728637404D-01  7.411283876738D-01
  7.304915158996D-01  7.192224296612D-01  7.072747848002D-01  6.946010692258D-01
  6.811464051960D-01  6.668538061429D-01  6.516578648800D-01  6.354898840342D-01
  6.182714216046D-01  5.999192638518D-01  5.803387941212D-01  5.594287718613D-01
  5.370744858712D-01  5.131522981683D-01  4.875225469241D-01  4.600338059800D-01
  4.305154977049D-01  3.987820926174D-01  3.646246044361D-01  3.278155119558D-01
  2.880994329195D-01
Vac0 POTENTIAL                      exc: Vosko,Wilk,Nusair      
  1.63952924  6.17500000  1.64793099
   0.00000
   1.91467   1.0890131106   0.9652353976
353
 0.25000000D-01 0.28864751D-03
 0 1
  7.168258886342D-01  7.167798379404D-01  7.167321657045D-01  7.167177091113D-01
  7.167096995678D-01  7.167049106735D-01  7.167011543130D-01  7.166987877201D-01
  7.166966397676D-01  7.166954606934D-01  7.166942621565D-01  7.166938910781D-01
  7.166934155590D-01  7.166937181172D-01  7.166938911199D-01  7.166948347885D-01
  7.166956552750D-01  7.166972642882D-01  7.166987781504D-01  7.167011181202D-01
  7.167034098890D-01  7.167065842830D-01  7.167097770647D-01  7.167139298792D-01
  7.167181903431D-01  7.167235132242D-01  7.167290608087D-01  7.167358043780D-01
  7.167429248756D-01  7.167514147853D-01  7.167604792154D-01  7.167711382193D-01
  7.167826284630D-01  7.167960061967D-01  7.168105496170D-01  7.168273627291D-01
  7.168457782568D-01  7.168669379377D-01  7.168882206657D-01  7.168965848815D-01
  7.168864877385D-01  7.168773608377D-01  7.168682666633D-01  7.168600714305D-01
  7.168518441769D-01  7.168444569361D-01  7.168369839318D-01  7.168303018175D-01
  7.168234889492D-01  7.168174256893D-01  7.168111937256D-01  7.168056764246D-01
  7.167999581848D-01  7.167949248214D-01  7.167896629582D-01  7.167850604272D-01
  7.167802056882D-01  7.167759882480D-01  7.167714980916D-01  7.167676261230D-01
  7.167634636085D-01  7.167599026241D-01  7.167560355138D-01  7.167527553430D-01
  7.167491553685D-01  7.167461295010D-01  7.167427717732D-01  7.167399768135D-01
  7.167368393200D-01  7.167342545375D-01  7.167313177365D-01  7.167289246922D-01
  7.167261711686D-01  7.167239534013D-01  7.167213675798D-01  7.167193103391D-01
  7.167168782407D-01  7.167149682659D-01  7.167126773021D-01  7.167109026334D-01
  7.167087414295D-01  7.167070912402D-01  7.167050494858D-01  7.167035139488D-01
  7.167015822674D-01  7.167001524291D-01  7.166983222653D-01  7.166969899451D-01
  7.166952534681D-01  7.166940111639D-01  7.166923611820D-01  7.166912019922D-01
  7.166896318773D-01  7.166885494305D-01  7.166870530520D-01  7.166860414443D-01
  7.166846131104D-01  7.166836668497D-01  7.166823012559D-01  7.166814152124D-01
  7.166801073925D-01  7.166792767547D-01  7.166780220402D-01  7.166772422725D-01
  7.166760362524D-01  7.166753030586D-01  7.166741415441D-01  7.166734508343D-01
  7.166723298247D-01  7.166716776806D-01  7.166705933340D-01  7.166699759810D-01
  7.166689245827D-01  7.166683383600D-01  7.166673162958D-01  7.166667576292D-01
  7.166657613576D-01  7.166652267320D-01  7.166642527575D-01  7.166637386912D-01
  7.166627835392D-01  7.166622865570D-01  7.166613467456D-01  7.166608633523D-01
  7.166599353668D-01  7.166594620210D-01  7.166585422865D-01  7.166580753723D-01
  7.166571602248D-01  7.166566960237D-01  7.166557816819D-01  7.166553163422D-01
  7.166543988761D-01  7.166539283816D-01  7.166530036804D-01  7.166525238167D-01
  7.166515875539D-01  7.166510938729D-01  7.166501414692D-01  7.166496292508D-01
  7.166486558346D-01  7.166481200447D-01  7.166471204085D-01  7.166465556547D-01
  7.166455242091D-01  7.166449246918D-01  7.166438554140D-01  7.166432148737D-01
  7.166421012525D-01  7.166414129116D-01  7.166402478873D-01  7.166395043869D-01
  7.166382802842D-01  7.166374736149D-01  7.166361820712D-01  7.166353034969D-01
  7.166339353818D-01  7.166329753563D-01  7.166315206846D-01  7.166304687593D-01
  7.166289165943D-01  7.166277613176D-01  7.166260996648D-01  7.166248284707D-01
  7.166230441613D-01  7.166216432461D-01  7.166197218082D-01  7.166181759957D-01
  7.166161015117D-01  7.166143941040D-01  7.166121490543D-01  7.166102616669D-01
  7.166078267568D-01  7.166057391373D-01  7.166030931063D-01  7.166007829332D-01
  7.165979023441D-01  7.165953450062D-01  7.165922040123D-01  7.165893723637D-01
  7.165859424522D-01  7.165828065420D-01  7.165790562499D-01  7.165755830246D-01
  7.165714776252D-01  7.165676305987D-01  7.165631317555D-01  7.165588706450D-01
  7.165539360286D-01  7.165492163527D-01  7.165437992184D-01  7.165385718524D-01
  7.165326205730D-01  7.165268312579D-01  7.165202888070D-01  7.165138776068D-01
  7.165066809889D-01  7.164995816908D-01  7.164916613104D-01  7.164838007622D-01
  7.164750797271D-01  7.164663771043D-01  7.164567704555D-01  7.164471364519D-01
  7.164365503126D-01  7.164258862455D-01  7.164142168800D-01  7.164024137009D-01
  7.163895464747D-01  7.163764836763D-01  7.163622919070D-01  7.163478363142D-01
  7.163321800006D-01  7.163161844350D-01  7.162989088524D-01  7.162812106554D-01
  7.162621448031D-01  7.162425642030D-01  7.162215190876D-01  7.161998573950D-01
  7.161766241325D-01  7.161526617445D-01  7.161270094621D-01  7.161005036563D-01
  7.160721771722D-01  7.160428596669D-01  7.160115769253D-01  7.159791511818D-01
  7.159446004162D-01  7.159087386563D-01  7.158705752523D-01  7.158309151589D-01
  7.157887581854D-01  7.157448992543D-01  7.156983276261D-01  7.156498271309D-01
  7.155983753646D-01  7.155447438924D-01  7.154878974119D-01  7.154285939255D-01
  7.153657838677D-01  7.153002102423D-01  7.152308077104D-01  7.151583026883D-01
  7.150816123924D-01  7.150014448934D-01  7.149166981126D-01  7.148280598293D-01
  7.147344066219D-01  7.146364038233D-01  7.145329044020D-01  7.144245488589D-01
  7.143101640417D-01  7.141903629770D-01  7.140639436109D-01  7.139314885690D-01
  7.137917638147D-01  7.136453183294D-01  7.134908826796D-01  7.133289686082D-01
  7.131582675003D-01  7.129792498750D-01  7.127905637391D-01  7.125926339683D-01
  7.123840605360D-01  7.121652177710D-01  7.119346524468D-01  7.116926829025D-01
  7.114377969762D-01  7.111702509731D-01  7.108884674248D-01  7.105926338867D-01
  7.102811005034D-01  7.099539786143D-01  7.096095381021D-01  7.092478057840D-01
  7.088669625175D-01  7.084669413505D-01  7.080458243544D-01  7.076034405042D-01
  7.071377622051D-01  7.066485028679D-01  7.061335130910D-01  7.055923778922D-01
  7.050228125013D-01  7.044242592046D-01  7.037942826960D-01  7.031321664825D-01
  7.024353077365D-01  7.017028132002D-01  7.009318934716D-01  7.001214583390D-01
  6.992685104196D-01  6.983717398421D-01  6.974279171462D-01  6.964354872156D-01
  6.953909613291D-01  6.942925102300D-01  6.931363551990D-01  6.919203601243D-01
  6.906404214412D-01  6.892940590415D-01  6.878768048950D-01  6.863857926018D-01
  6.848161444742D-01  6.831645594948D-01  6.814256985906D-01  6.795957707083D-01
  6.776689159530D-01  6.756407894293D-01  6.735049418428D-01  6.712564006735D-01
  6.688880477481D-01  6.663941972080D-01  6.637669694435D-01  6.609998651900D-01
  6.580841350649D-01  6.550123489612D-01  6.517747602407D-01  6.483628693817D-01
  6.447657816414D-01  6.409737636457D-01  6.369745930266D-01  6.327571062964D-01
  6.283075385727D-01  6.236130606356D-01  6.186581063471D-01  6.134278962211D-01
  6.079047494927D-01  6.020715907951D-01  5.959082429972D-01  5.893949126315D-01
  5.825084585335D-01  5.752258504378D-01  5.675204070501D-01  5.593652206378D-01
  5.507293563503D-01  5.415812335708D-01  5.318847759514D-01  5.216027376322D-01
  5.106927904329D-01  4.991107796260D-01  4.868067308349D-01  4.737280157456D-01
  4.598152563731D-01  4.450053749040D-01  4.292273704730D-01  4.124052157090D-01
  3.944534666950D-01  3.752801544216D-01  3.547815545857D-01  3.328456974180D-01
  3.093463380884D-01
