In49 POTENTIAL                      exc: Vosko,Wilk,Nusair      
  2.20033126  6.33750000  2.17664358
  49.00000
   2.40560   0.9811932559   0.9240466103
353
 0.25000000D-01 0.36265835D-03
 9 1
    0  -1.96656160000D+03
    0  -2.87428550000D+02
    0  -5.37136240000D+01
    0  -7.39818510000D+00
    1  -2.68528840000D+02
    1  -4.59639090000D+01
    1  -4.86454470000D+00
    2  -3.15522220000D+01
    2  -7.38539920000D-01
  4.726906034838D+02  4.727162941435D+02  4.727425734457D+02  4.727694480758D+02
  4.727969265367D+02  4.728250225774D+02  4.728537456564D+02  4.728831096582D+02
  4.729131242950D+02  4.729438036196D+02  4.729751575342D+02  4.730072002300D+02
  4.730399417538D+02  4.730733964014D+02  4.731075743191D+02  4.731424898661D+02
  4.731781532392D+02  4.732145788122D+02  4.732517767773D+02  4.732897614663D+02
  4.733285430042D+02  4.733681356158D+02  4.734085492879D+02  4.734497980638D+02
  4.734918917121D+02  4.735348440101D+02  4.735786644177D+02  4.736233663505D+02
  4.736689588574D+02  4.737154548850D+02  4.737628629569D+02  4.738111954296D+02
  4.738604601730D+02  4.739106688184D+02  4.739618284389D+02  4.740139497893D+02
  4.740670389865D+02  4.741211057411D+02  4.741761550359D+02  4.742321953510D+02
  4.742892303475D+02  4.743472670590D+02  4.744063075905D+02  4.744663573188D+02
  4.745274165614D+02  4.745894887777D+02  4.746525722340D+02  4.747166681954D+02
  4.747817725868D+02  4.748478841759D+02  4.749149962280D+02  4.749831046810D+02
  4.750521997935D+02  4.751222743104D+02  4.751933151047D+02  4.752653113329D+02
  4.753382460698D+02  4.754121044537D+02  4.754868653133D+02  4.755625093030D+02
  4.756390105206D+02  4.757163446322D+02  4.757944804814D+02  4.758733882025D+02
  4.759530308206D+02  4.760333723539D+02  4.761143694035D+02  4.761959792443D+02
  4.762781514049D+02  4.763608357470D+02  4.764439740348D+02  4.765275080027D+02
  4.766113709146D+02  4.766954956198D+02  4.767798061020D+02  4.768642255241D+02
  4.769486677668D+02  4.770330454627D+02  4.771172615251D+02  4.772012171718D+02
  4.772848034449D+02  4.773679092249D+02  4.774504127430D+02  4.775321895862D+02
  4.776131042028D+02  4.776930179009D+02  4.777717803485D+02  4.778492375666D+02
  4.779252234264D+02  4.779995676391D+02  4.780720872522D+02  4.781425946396D+02
  4.782108889991D+02  4.782767643456D+02  4.783400010144D+02  4.784003736607D+02
  4.784576427720D+02  4.785115626790D+02  4.785618730816D+02  4.786083070758D+02
  4.786505826989D+02  4.786884109777D+02  4.787214874988D+02  4.787495004847D+02
  4.787721223954D+02  4.787890180395D+02  4.787998362147D+02  4.788042178611D+02
  4.788017877485D+02  4.787921626802D+02  4.787749432361D+02  4.787497220356D+02
  4.787160755453D+02  4.786735724105D+02  4.786217653369D+02  4.785601995010D+02
  4.784884045148D+02  4.784059029246D+02  4.783122022700D+02  4.782068036798D+02
  4.780891940342D+02  4.779588546688D+02  4.778152536480D+02  4.776578545856D+02
  4.774861090381D+02  4.772994654486D+02  4.770973616676D+02  4.768792340249D+02
  4.766445099823D+02  4.763926173383D+02  4.761229770135D+02  4.758350123885D+02
  4.755281422212D+02  4.752017901139D+02  4.748553775570D+02  4.744883335177D+02
  4.741000875992D+02  4.736900797378D+02  4.732577534611D+02  4.728025656730D+02
  4.723239799890D+02  4.718214765819D+02  4.712945455623D+02  4.707426968516D+02
  4.701654535679D+02  4.695623618826D+02  4.689329843646D+02  4.682769097674D+02
  4.675937462750D+02  4.668831311580D+02  4.661447238549D+02  4.653782154274D+02
  4.645833214028D+02  4.637597909515D+02  4.629073994091D+02  4.620259570923D+02
  4.611153014173D+02  4.601753052676D+02  4.592058686233D+02  4.582069263982D+02
  4.571784395000D+02  4.561204020625D+02  4.550328318695D+02  4.539157769251D+02
  4.527693052043D+02  4.515935105317D+02  4.503885016455D+02  4.491544074145D+02
  4.478913652655D+02  4.465995258188D+02  4.452790408051D+02  4.439300672902D+02
  4.425527553060D+02  4.411472519439D+02  4.397136890425D+02  4.382521875579D+02
  4.367628457834D+02  4.352457445369D+02  4.337009365122D+02  4.321284529337D+02
  4.305282947199D+02  4.289004412924D+02  4.272448442113D+02  4.255614387257D+02
  4.238501403436D+02  4.221108593995D+02  4.203435005841D+02  4.185479802370D+02
  4.167242281682D+02  4.148722065948D+02  4.129919127433D+02  4.110833975108D+02
  4.091467665892D+02  4.071821963692D+02  4.051899310413D+02  4.031702933348D+02
  4.011236755434D+02  3.990505436131D+02  3.969514213568D+02  3.948268880271D+02
  3.926775567677D+02  3.905040675893D+02  3.883070627156D+02  3.860871781514D+02
  3.838450193977D+02  3.815811551066D+02  3.792960964264D+02  3.769902955615D+02
  3.746641309651D+02  3.723179123336D+02  3.699518724595D+02  3.675661787807D+02
  3.651609313930D+02  3.627361801261D+02  3.602919272671D+02  3.578281484043D+02
  3.553447978972D+02  3.528418314101D+02  3.503192120143D+02  3.477769323238D+02
  3.452150192245D+02  3.426335537303D+02  3.400326725999D+02  3.374125843669D+02
  3.347735665145D+02  3.321159765582D+02  3.294402439211D+02  3.267468755016D+02
  3.240364419854D+02  3.213095779797D+02  3.185669632221D+02  3.158093181651D+02
  3.130373813914D+02  3.102519024676D+02  3.074536179182D+02  3.046432441449D+02
  3.018214552580D+02  2.989888797817D+02  2.961460842881D+02  2.932935778546D+02
  2.904318051412D+02  2.875611614759D+02  2.846819969638D+02  2.817946419514D+02
  2.788994196043D+02  2.759966765965D+02  2.730867964913D+02  2.701702260332D+02
  2.672474788178D+02  2.643191472781D+02  2.613858890209D+02  2.584484206775D+02
  2.555074878260D+02  2.525638464969D+02  2.496182265529D+02  2.466713132701D+02
  2.437237172242D+02  2.407759677450D+02  2.378284983871D+02  2.348816577690D+02
  2.319357123868D+02  2.289908731937D+02  2.260473114101D+02  2.231051946502D+02
  2.201647084981D+02  2.172260946641D+02  2.142896710735D+02  2.113558653833D+02
  2.084252277971D+02  2.054984551606D+02  2.025763927328D+02  1.996600461273D+02
  1.967505702487D+02  1.938492682594D+02  1.909575677454D+02  1.880770074944D+02
  1.852092024920D+02  1.823558208042D+02  1.795185403615D+02  1.766990196184D+02
  1.738988504951D+02  1.711195279859D+02  1.683624053504D+02  1.656286698431D+02
  1.629193085599D+02  1.602350999991D+02  1.575766014053D+02  1.549441674888D+02
  1.523379696674D+02  1.497580490048D+02  1.472043676818D+02  1.446768859863D+02
  1.421756225874D+02  1.397007191652D+02  1.372524651898D+02  1.348313080813D+02
  1.324378149972D+02  1.300726254635D+02  1.277363739198D+02  1.254296286307D+02
  1.231528258131D+02  1.209062390081D+02  1.186899531972D+02  1.165038747554D+02
  1.143477403668D+02  1.122211527305D+02  1.101236055457D+02  1.080545266250D+02
  1.060133034357D+02  1.039993218407D+02  1.020119841344D+02  1.000507384821D+02
  9.811508696370D+01  9.620460506488D+01  9.431894025915D+01  9.245782292248D+01
  9.062105736289D+01  8.880852630958D+01  8.702017666746D+01  8.525601985785D+01
  8.351611449458D+01  8.180056463351D+01  8.010950124916D+01  7.844308006685D+01
  7.680146329461D+01  7.518481826746D+01  7.359330044227D+01  7.202705364831D+01
  7.048619494194D+01  6.897081688139D+01  6.748097450480D+01  6.601668976311D+01
  6.457794065382D+01  6.316466776884D+01  6.177676549042D+01  6.041409052851D+01
  5.907645503282D+01  5.776363694901D+01  5.647537483214D+01  5.521137972168D+01
  5.397133121423D+01  5.275489020717D+01  5.156169532099D+01  5.039137533079D+01
  4.924354454514D+01  4.811781346196D+01  4.701378178577D+01  4.593104636045D+01
  4.486919144620D+01  4.382779434838D+01  4.280641325559D+01  4.180459243500D+01
  4.082184896831D+01
N_07 POTENTIAL                      exc: Vosko,Wilk,Nusair      
  1.68057905  6.33750000  1.68945972
   7.00000
   1.96292   0.9811932559   0.9240466103
353
 0.25000000D-01 0.29592158D-03
 2 1
    0  -2.69998930000D+01
    0  -4.29582100000D-01
  2.622127578815D+01  2.622164794738D+01  2.622202910535D+01  2.622244507112D+01
  2.622287634251D+01  2.622332082202D+01  2.622377719501D+01  2.622424597424D+01
  2.622472659931D+01  2.622521988230D+01  2.622572540864D+01  2.622624407340D+01
  2.622677551578D+01  2.622732066957D+01  2.622787920443D+01  2.622845207988D+01
  2.622903898850D+01  2.622964091098D+01  2.623025756008D+01  2.623088993605D+01
  2.623153777093D+01  2.623220208411D+01  2.623288262678D+01  2.623358043762D+01
  2.623429528728D+01  2.623502823410D+01  2.623577906870D+01  2.623654886969D+01
  2.623733744830D+01  2.623814590408D+01  2.623897406958D+01  2.623982306605D+01
  2.624069274815D+01  2.624158425965D+01  2.624249747813D+01  2.624343357072D+01
  2.624439243880D+01  2.624537527374D+01  2.624638200178D+01  2.624741384379D+01
  2.624847113271D+01  2.624955471843D+01  2.625066457942D+01  2.625180198547D+01
  2.625296694245D+01  2.625416074808D+01  2.625538343659D+01  2.625663633457D+01
  2.625791950561D+01  2.625923430614D+01  2.626058083009D+01  2.626196046469D+01
  2.626337333518D+01  2.626482086058D+01  2.626630319840D+01  2.626782180038D+01
  2.626937685723D+01  2.627096985438D+01  2.627260101666D+01  2.627427186408D+01
  2.627598265649D+01  2.627773494935D+01  2.627952903839D+01  2.628136651531D+01
  2.628324771253D+01  2.628517425880D+01  2.628714652392D+01  2.628916617439D+01
  2.629123361806D+01  2.629335055978D+01  2.629551744604D+01  2.629773602054D+01
  2.630000676884D+01  2.630233147392D+01  2.630471066075D+01  2.630714615182D+01
  2.630963851167D+01  2.631218960243D+01  2.631480002825D+01  2.631747169075D+01
  2.632020523351D+01  2.632300259739D+01  2.632586446495D+01  2.632879281576D+01
  2.633178837067D+01  2.633485314714D+01  2.633798790340D+01  2.634119469362D+01
  2.634447431210D+01  2.634782884830D+01  2.635125913088D+01  2.635476728269D+01
  2.635835416468D+01  2.636202193079D+01  2.636577147168D+01  2.636960496952D+01
  2.637352334161D+01  2.637752879497D+01  2.638162226985D+01  2.638580599410D+01
  2.639008092657D+01  2.639444931126D+01  2.639891212052D+01  2.640347160903D+01
  2.640812875676D+01  2.641288582272D+01  2.641774378770D+01  2.642270490778D+01
  2.642777015678D+01  2.643294177952D+01  2.643822073398D+01  2.644360924424D+01
  2.644910824234D+01  2.645471992088D+01  2.646044517455D+01  2.646628615234D+01
  2.647224369871D+01  2.647831990539D+01  2.648451555215D+01  2.649083265815D+01
  2.649727192225D+01  2.650383527392D+01  2.651052331301D+01  2.651733786020D+01
  2.652427939617D+01  2.653134961154D+01  2.653854884545D+01  2.654587863487D+01
  2.655333915258D+01  2.656093175581D+01  2.656865642355D+01  2.657651430449D+01
  2.658450515358D+01  2.659262987923D+01  2.660088797908D+01  2.660928008642D+01
  2.661780540507D+01  2.662646425496D+01  2.663525550614D+01  2.664417912339D+01
  2.665323359933D+01  2.666241849803D+01  2.667173188710D+01  2.668117288031D+01
  2.669073906858D+01  2.670042906152D+01  2.671023991737D+01  2.672016968330D+01
  2.673021482425D+01  2.674037276208D+01  2.675063930315D+01  2.676101117624D+01
  2.677148345892D+01  2.678205211422D+01  2.679271141571D+01  2.680345648288D+01
  2.681428070493D+01  2.682517827488D+01  2.683614161203D+01  2.684716389480D+01
  2.685823648190D+01  2.686935144389D+01  2.688049898307D+01  2.689166996384D+01
  2.690285333137D+01  2.691403864078D+01  2.692521347470D+01  2.693636597133D+01
  2.694748224101D+01  2.695854889334D+01  2.696955045284D+01  2.698047188527D+01
  2.699129601266D+01  2.700200603899D+01  2.701258296473D+01  2.702300811226D+01
  2.703326054021D+01  2.704331956882D+01  2.705316219447D+01  2.706276561537D+01
  2.707210464665D+01  2.708115424684D+01  2.708988693398D+01  2.709827531340D+01
  2.710628949537D+01  2.711389962477D+01  2.712107330091D+01  2.712777810978D+01
  2.713397904672D+01  2.713964105195D+01  2.714472643698D+01  2.714919742419D+01
  2.715301357783D+01  2.715613434866D+01  2.715851651044D+01  2.716011671066D+01
  2.716088891358D+01  2.716078695809D+01  2.715976200851D+01  2.715776512069D+01
  2.715474470174D+01  2.715064908565D+01  2.714542400322D+01  2.713901516841D+01
  2.713136575977D+01  2.712241901886D+01  2.711211574443D+01  2.710039690424D+01
  2.708720114327D+01  2.707246741016D+01  2.705613248068D+01  2.703813360005D+01
  2.701840602267D+01  2.699688567143D+01  2.697350669474D+01  2.694820414352D+01
  2.692091154641D+01  2.689156360510D+01  2.686009378805D+01  2.682643704454D+01
  2.679052741703D+01  2.675230077375D+01  2.671169243944D+01  2.666863994588D+01
  2.662308068014D+01  2.657495465191D+01  2.652420215777D+01  2.647076656361D+01
  2.641459198263D+01  2.635562607031D+01  2.629381771335D+01  2.622911983370D+01
  2.616148708462D+01  2.609087865962D+01  2.601725599090D+01  2.594058555803D+01
  2.586083658312D+01  2.577798383306D+01  2.569200530490D+01  2.560288501454D+01
  2.551061066469D+01  2.541517641209D+01  2.531658050965D+01  2.521482804324D+01
  2.510992853887D+01  2.500189865953D+01  2.489075976746D+01  2.477654057107D+01
  2.465927463195D+01  2.453900295141D+01  2.441577141168D+01  2.428963329224D+01
  2.416064663456D+01  2.402887667707D+01  2.389439313480D+01  2.375727254368D+01
  2.361759544544D+01  2.347544863325D+01  2.333092223432D+01  2.318411185021D+01
  2.303511553164D+01  2.288403580902D+01  2.273097655656D+01  2.257604491180D+01
  2.241934802951D+01  2.226099489308D+01  2.210109296358D+01  2.193974989140D+01
  2.177707007250D+01  2.161315627649D+01  2.144810613158D+01  2.128201369670D+01
  2.111496591021D+01  2.094704415034D+01  2.077832070278D+01  2.060886037775D+01
  2.043871708035D+01  2.026793558636D+01  2.009654833835D+01  1.992457752646D+01
  1.975203228110D+01  1.957891125438D+01  1.940520042753D+01  1.923087642710D+01
  1.905590518613D+01  1.888024622144D+01  1.870385233647D+01  1.852667497589D+01
  1.834866497442D+01  1.816977883742D+01  1.798998018788D+01  1.780924639913D+01
  1.762756993351D+01  1.744496431497D+01  1.726146420877D+01  1.707712955421D+01
  1.689204331724D+01  1.670631297811D+01  1.652006554864D+01  1.633344649025D+01
  1.614661257174D+01  1.595972923322D+01  1.577296261141D+01  1.558647681865D+01
  1.540042656948D+01  1.521495562045D+01  1.503019095016D+01  1.484624296925D+01
  1.466320152423D+01  1.448113785259D+01  1.430010215716D+01  1.412012689919D+01
  1.394122545264D+01  1.376339621919D+01  1.358662186366D+01  1.341087379790D+01
  1.323611160504D+01  1.306228756592D+01  1.288934601093D+01  1.271722768709D+01
  1.254586888698D+01  1.237520554962D+01  1.220517209497D+01  1.203570521485D+01
  1.186674239122D+01  1.169822537172D+01  1.153009837860D+01  1.136231128450D+01
  1.119481753387D+01  1.102757704498D+01  1.086055387223D+01  1.069371886387D+01
  1.052704709493D+01  1.036052030967D+01  1.019412415257D+01  1.002785042080D+01
  9.861694115914D+00  9.695655525621D+00  9.529737111521D+00  9.363945431085D+00
  9.198287867719D+00  9.032774393894D+00  8.867414139215D+00  8.702216985130D+00
  8.537189956676D+00  8.372338630342D+00  8.207663329876D+00  8.043160325492D+00
  7.878817815684D+00  7.714616973098D+00  7.550527495982D+00  7.386508764873D+00
  7.222505009495D+00
Vac0 POTENTIAL                      exc: Vosko,Wilk,Nusair      
  2.20033126  6.33750000  2.17664358
   0.00000
   2.40560   0.9811932559   0.9240466103
353
 0.25000000D-01 0.36265835D-03
 0 1
  8.824991052268D-01  8.824699428350D-01  8.824392804867D-01  8.824303668415D-01
  8.824253727806D-01  8.824231344900D-01  8.824213185348D-01  8.824210892805D-01
  8.824207828427D-01  8.824218260173D-01  8.824226802228D-01  8.824248416643D-01
  8.824268153828D-01  8.824301284799D-01  8.824333104682D-01  8.824379098899D-01
  8.824424765383D-01  8.824485793841D-01  8.824547898309D-01  8.824627003201D-01
  8.824709082394D-01  8.824810352575D-01  8.824917119754D-01  8.825045979588D-01
  8.825183673418D-01  8.825347298112D-01  8.825524173815D-01  8.825732067394D-01
  8.825959075766D-01  8.826223867720D-01  8.826515588759D-01  8.826854128682D-01
  8.827230056030D-01  8.827664920932D-01  8.828151231288D-01  8.828712803896D-01
  8.829344774483D-01  8.830072862667D-01  8.830818339719D-01  8.831150001774D-01
  8.830854348480D-01  8.830581631001D-01  8.830315695426D-01  8.830070578770D-01
  8.829830322268D-01  8.829609136072D-01  8.829391215545D-01  8.829190908226D-01
  8.828992532435D-01  8.828810545905D-01  8.828629365978D-01  8.828463539627D-01
  8.828297564708D-01  8.828146060981D-01  8.827993592315D-01  8.827854838429D-01
  8.827714417690D-01  8.827587059467D-01  8.827457427521D-01  8.827340292633D-01
  8.827220356547D-01  8.827112424884D-01  8.827001231340D-01  8.826901610964D-01
  8.826798324541D-01  8.826706232116D-01  8.826610117532D-01  8.826524862195D-01
  8.826435269688D-01  8.826356239698D-01  8.826272592790D-01  8.826199244453D-01
  8.826121029892D-01  8.826052878227D-01  8.825979637399D-01  8.825916248381D-01
  8.825847570180D-01  8.825788554098D-01  8.825724068798D-01  8.825669074644D-01
  8.825608448755D-01  8.825557159405D-01  8.825500091189D-01  8.825452219356D-01
  8.825398435039D-01  8.825353719661D-01  8.825302970156D-01  8.825261173376D-01
  8.825213231388D-01  8.825174135884D-01  8.825128793465D-01  8.825092200118D-01
  8.825049266481D-01  8.825014992345D-01  8.824974291951D-01  8.824942168480D-01
  8.824903539370D-01  8.824873410815D-01  8.824836703106D-01  8.824808425121D-01
  8.824773499691D-01  8.824746938087D-01  8.824713665387D-01  8.824688694987D-01
  8.824656953969D-01  8.824633457613D-01  8.824603134781D-01  8.824581002405D-01
  8.824551990905D-01  8.824531118688D-01  8.824503317533D-01  8.824483607137D-01
  8.824456920457D-01  8.824438278293D-01  8.824412614631D-01  8.824394951210D-01
  8.824370222880D-01  8.824353452168D-01  8.824329574640D-01  8.824313613460D-01
  8.824290504762D-01  8.824275272211D-01  8.824252852370D-01  8.824238269262D-01
  8.824216459740D-01  8.824202448046D-01  8.824181171190D-01  8.824167653499D-01
  8.824146831996D-01  8.824133730953D-01  8.824113287273D-01  8.824100525033D-01
  8.824080380862D-01  8.824067878504D-01  8.824047954177D-01  8.824035631129D-01
  8.824015845008D-01  8.824003618423D-01  8.823983886290D-01  8.823971670399D-01
  8.823951904772D-01  8.823939610208D-01  8.823919719648D-01  8.823907252716D-01
  8.823887141074D-01  8.823874402968D-01  8.823853968580D-01  8.823840854558D-01
  8.823819989372D-01  8.823806387842D-01  8.823784976484D-01  8.823770768032D-01
  8.823748686783D-01  8.823733743111D-01  8.823710858800D-01  8.823695041561D-01
  8.823671210351D-01  8.823654369890D-01  8.823629435961D-01  8.823611409925D-01
  8.823585204018D-01  8.823565815843D-01  8.823538153673D-01  8.823517210920D-01
  8.823487891430D-01  8.823465183948D-01  8.823433987393D-01  8.823409285314D-01
  8.823375971149D-01  8.823349022670D-01  8.823313327226D-01  8.823283856172D-01
  8.823245490096D-01  8.823213193232D-01  8.823171838666D-01  8.823136382735D-01
  8.823091690205D-01  8.823052708657D-01  8.823004293642D-01  8.822961383037D-01
  8.822908822179D-01  8.822861538201D-01  8.822804365130D-01  8.822752218199D-01
  8.822689918915D-01  8.822632369338D-01  8.822564377120D-01  8.822500829741D-01
  8.822426519517D-01  8.822356317799D-01  8.822274999937D-01  8.822197419436D-01
  8.822108332875D-01  8.822022574023D-01  8.821924878698D-01  8.821830058835D-01
  8.821722827293D-01  8.821617971863D-01  8.821500180012D-01  8.821384212833D-01
  8.821254729715D-01  8.821126462230D-01  8.820984038721D-01  8.820842158118D-01
  8.820685414441D-01  8.820528470531D-01  8.820355882455D-01  8.820182273158D-01
  8.819992156753D-01  8.819800112073D-01  8.819590606850D-01  8.819378171154D-01
  8.819147221441D-01  8.818912233876D-01  8.818657568232D-01  8.818397641082D-01
  8.818116749540D-01  8.817829244303D-01  8.817519353221D-01  8.817201354169D-01
  8.816859398427D-01  8.816507683373D-01  8.816130275647D-01  8.815741283641D-01
  8.815324680432D-01  8.814894476047D-01  8.814434540131D-01  8.813958773977D-01
  8.813450932897D-01  8.812924797980D-01  8.812363998149D-01  8.811782181616D-01
  8.811162837585D-01  8.810519467378D-01  8.809835405742D-01  8.809123991612D-01
  8.808368388986D-01  8.807581757279D-01  8.806747071722D-01  8.805877293263D-01
  8.804955188440D-01  8.803993498786D-01  8.802974760113D-01  8.801911471364D-01
  8.800785913256D-01  8.799610316517D-01  8.798366679810D-01  8.797066937304D-01
  8.795692775792D-01  8.794255801521D-01  8.792737356430D-01  8.791148684149D-01
  8.789470745264D-01  8.787714382399D-01  8.785860134400D-01  8.783918400398D-01
  8.781869252798D-01  8.779722600216D-01  8.777457999133D-01  8.775084815589D-01
  8.772582035358D-01  8.769958424255D-01  8.767192336675D-01  8.764291874361D-01
  8.761234693119D-01  8.758028159879D-01  8.754649157388D-01  8.751104239363D-01
  8.747369432938D-01  8.743450391694D-01  8.739322195606D-01  8.734989501706D-01
  8.730426341235D-01  8.725636267675D-01  8.720592150778D-01  8.715296321650D-01
  8.709720363294D-01  8.703865252389D-01  8.697701145934D-01  8.691227519308D-01
  8.684412948536D-01  8.677255244172D-01  8.669721228630D-01  8.661806865353D-01
  8.653477030568D-01  8.644725637114D-01  8.635515399885D-01  8.625837953576D-01
  8.615653610939D-01  8.604951473580D-01  8.593689182002D-01  8.581853018406D-01
  8.569397647299D-01  8.556306209050D-01  8.542530049584D-01  8.528048803172D-01
  8.512810109432D-01  8.496789683490D-01  8.479931018101D-01  8.462205438891D-01
  8.443551788905D-01  8.423936466083D-01  8.403293086894D-01  8.381582502486D-01
  8.358732437242D-01  8.334697479124D-01  8.309398687928D-01  8.282783554170D-01
  8.254765570463D-01  8.225284151791D-01  8.194244161702D-01  8.161575784886D-01
  8.127173997674D-01  8.090958381389D-01  8.052812523817D-01  8.012643758674D-01
  7.970322481143D-01  7.925741794799D-01  7.878756719772D-01  7.829243723399D-01
  7.777039793776D-01  7.722001823961D-01  7.663945516327D-01  7.602704581901D-01
  7.538069431581D-01  7.469846141721D-01  7.397794876330D-01  7.321688556641D-01
  7.241250943218D-01  7.156214930176D-01  7.066260196744D-01  6.971071025086D-01
  6.870273406272D-01  6.763492253113D-01  6.650287814461D-01  6.530212119937D-01
  6.402744517823D-01  6.267347145921D-01  6.123399361238D-01  5.970251980046D-01
  5.807160312288D-01  5.633336855613D-01  5.447882586421D-01  5.249837732795D-01
  5.038110915962D-01  4.811527565203D-01  4.568756518489D-01  4.308355551532D-01
  4.028694977557D-01  3.728002124097D-01  3.404274597696D-01  3.055330328657D-01
  2.678712997883D-01
Vac0 POTENTIAL                      exc: Vosko,Wilk,Nusair      
  1.68057905  6.33750000  1.68945972
   0.00000
   1.96292   0.9811932559   0.9240466103
353
 0.25000000D-01 0.29592158D-03
 0 1
  6.706251463346D-01  6.705819669866D-01  6.705372583159D-01  6.705237069021D-01
  6.705161919873D-01  6.705117057438D-01  6.705081788055D-01  6.705059635771D-01
  6.705039443426D-01  6.705028419261D-01  6.705017119788D-01  6.705013659298D-01
  6.705009122153D-01  6.705011956096D-01  6.705013471380D-01  6.705022280266D-01
  6.705029821157D-01  6.705044811739D-01  6.705058783456D-01  6.705080541069D-01
  6.705101700781D-01  6.705131153381D-01  6.705160605082D-01  6.705199043266D-01
  6.705238279515D-01  6.705287417374D-01  6.705338397983D-01  6.705400470336D-01
  6.705465739646D-01  6.705543640993D-01  6.705626491032D-01  6.705723966054D-01
  6.705828658054D-01  6.705950558486D-01  6.706082620908D-01  6.706235251596D-01
  6.706401876957D-01  6.706593228931D-01  6.706785251590D-01  6.706858339797D-01
  6.706762873661D-01  6.706676632017D-01  6.706590645989D-01  6.706513210532D-01
  6.706435418708D-01  6.706365620488D-01  6.706294957890D-01  6.706231824586D-01
  6.706167401673D-01  6.706110117859D-01  6.706051185743D-01  6.705999062418D-01
  6.705944986099D-01  6.705897437028D-01  6.705847674452D-01  6.705804197708D-01
  6.705758283363D-01  6.705718446570D-01  6.705675978339D-01  6.705639407043D-01
  6.705600035766D-01  6.705566403972D-01  6.705529824945D-01  6.705498847501D-01
  6.705464793542D-01  6.705436219862D-01  6.705404455714D-01  6.705378064674D-01
  6.705348382283D-01  6.705323977943D-01  6.705296192609D-01  6.705273600685D-01
  6.705247547809D-01  6.705226612716D-01  6.705202145071D-01  6.705182727403D-01
  6.705159712882D-01  6.705141687310D-01  6.705120006929D-01  6.705103260407D-01
  6.705082806667D-01  6.705067236885D-01  6.705047912343D-01  6.705033426415D-01
  6.705015142453D-01  6.705001655779D-01  6.704984331548D-01  6.704971766811D-01
  6.704955328322D-01  6.704943614625D-01  6.704927993916D-01  6.704917066056D-01
  6.704902200493D-01  6.704891998270D-01  6.704877829935D-01  6.704868297564D-01
  6.704854772685D-01  6.704845858287D-01  6.704832926755D-01  6.704824581873D-01
  6.704812196779D-01  6.704804375965D-01  6.704792493219D-01  6.704785153649D-01
  6.704773731601D-01  6.704766832706D-01  6.704755831803D-01  6.704749334968D-01
  6.704738717451D-01  6.704732585702D-01  6.704722315302D-01  6.704716513014D-01
  6.704706554687D-01  6.704701047325D-01  6.704691366978D-01  6.704686120819D-01
  6.704676685055D-01  6.704671666960D-01  6.704662442822D-01  6.704657619970D-01
  6.704648574699D-01  6.704643914333D-01  6.704635015128D-01  6.704630484322D-01
  6.704621698068D-01  6.704617263466D-01  6.704608556496D-01  6.704604184052D-01
  6.704595521872D-01  6.704591176579D-01  6.704582523601D-01  6.704578169213D-01
  6.704569488457D-01  6.704565087186D-01  6.704556339981D-01  6.704551852191D-01
  6.704542997847D-01  6.704538381708D-01  6.704529377168D-01  6.704524588301D-01
  6.704515387767D-01  6.704510378855D-01  6.704500933384D-01  6.704495653748D-01
  6.704485910811D-01  6.704480305953D-01  6.704470208964D-01  6.704464220076D-01
  6.704453707863D-01  6.704447271273D-01  6.704436277519D-01  6.704429324109D-01
  6.704417776724D-01  6.704410231263D-01  6.704398051709D-01  6.704389832157D-01
  6.704376934690D-01  6.704367951400D-01  6.704354242256D-01  6.704344397119D-01
  6.704329773605D-01  6.704318959095D-01  6.704303308593D-01  6.704291406726D-01
  6.704274605597D-01  6.704261486777D-01  6.704243399150D-01  6.704228920899D-01
  6.704209397341D-01  6.704193402900D-01  6.704172278937D-01  6.704154595716D-01
  6.704131690219D-01  6.704112128098D-01  6.704087241485D-01  6.704065590928D-01
  6.704038503187D-01  6.704014533164D-01  6.703985001673D-01  6.703958457362D-01
  6.703926214471D-01  6.703896814729D-01  6.703861565098D-01  6.703828999658D-01
  6.703790417319D-01  6.703754343694D-01  6.703712068793D-01  6.703672108865D-01
  6.703625744073D-01  6.703581480313D-01  6.703530586860D-01  6.703481558158D-01
  6.703425651443D-01  6.703371348499D-01  6.703309893248D-01  6.703249753476D-01
  6.703182158386D-01  6.703115560287D-01  6.703041172108D-01  6.702967429048D-01
  6.702885526042D-01  6.702803879374D-01  6.702713664088D-01  6.702623275556D-01
  6.702523866833D-01  6.702423810170D-01  6.702314234315D-01  6.702203485962D-01
  6.702082666985D-01  6.701960095826D-01  6.701826844652D-01  6.701691200672D-01
  6.701544203213D-01  6.701394104959D-01  6.701231908933D-01  6.701065829651D-01
  6.700886830006D-01  6.700703082319D-01  6.700505505120D-01  6.700302224086D-01
  6.700084108702D-01  6.699859233083D-01  6.699618412494D-01  6.699369664047D-01
  6.699103743067D-01  6.698828603646D-01  6.698534934845D-01  6.698230621085D-01
  6.697906278165D-01  6.697569713478D-01  6.697211461829D-01  6.696839245447D-01
  6.696443509584D-01  6.696031882310D-01  6.695594709861D-01  6.695139516195D-01
  6.694656538065D-01  6.694153184308D-01  6.693619570615D-01  6.693062978520D-01
  6.692473389841D-01  6.691857945337D-01  6.691206478774D-01  6.690525975226D-01
  6.689806104720D-01  6.689053680138D-01  6.688258190409D-01  6.687426257960D-01
  6.686547171396D-01  6.685627342467D-01  6.684655838180D-01  6.683638837213D-01
  6.682565161412D-01  6.681440731587D-01  6.680254098318D-01  6.679010897082D-01
  6.677699378280D-01  6.676324861614D-01  6.674875265267D-01  6.673355559435D-01
  6.671753294560D-01  6.670073053936D-01  6.668301980879D-01  6.666444230303D-01
  6.664486494714D-01  6.662432454630D-01  6.660268303263D-01  6.657997195661D-01
  6.655604771925D-01  6.653093604912D-01  6.650448721831D-01  6.647672050335D-01
  6.644747938298D-01  6.641677598119D-01  6.638444624452D-01  6.635049436509D-01
  6.631474793509D-01  6.627720234724D-01  6.623767592367D-01  6.619615429114D-01
  6.615244548111D-01  6.610652427645D-01  6.605818727922D-01  6.600739722518D-01
  6.595393801506D-01  6.589775899279D-01  6.583862993549D-01  6.577648529048D-01
  6.571107911859D-01  6.564232928436D-01  6.556997234617D-01  6.549390769322D-01
  6.541385237503D-01  6.532968517746D-01  6.524110138302D-01  6.514795677685D-01
  6.504992232765D-01  6.494682811299D-01  6.483831790868D-01  6.472419302087D-01
  6.460406676949D-01  6.447770821185D-01  6.434469650308D-01  6.420476449307D-01
  6.405745294310D-01  6.390245397413D-01  6.373926511462D-01  6.356753257334D-01
  6.338670508793D-01  6.319637698942D-01  6.299594181421D-01  6.278493511996D-01
  6.256268781508D-01  6.232866867601D-01  6.208213733745D-01  6.182248644896D-01
  6.154889425515D-01  6.126066631414D-01  6.095688757934D-01  6.063676358240D-01
  6.029927190574D-01  5.994350270730D-01  5.956830944401D-01  5.917264858316D-01
  5.875522939986D-01  5.831485267803D-01  5.785005935704D-01  5.735946797126D-01
  5.684142185936D-01  5.629432502142D-01  5.571628752448D-01  5.510545936550D-01
  5.445967360294D-01  5.377677769616D-01  5.305427375780D-01  5.228964668673D-01
  5.148000076033D-01  5.062238367809D-01  4.971341848412D-01  4.874962237805D-01
  4.772703266072D-01  4.664151883147D-01  4.548840086382D-01  4.426275267742D-01
  4.295901055848D-01  4.157126547803D-01  4.009285915569D-01  3.851666158412D-01
  3.683465083573D-01  3.503818820256D-01  3.311752234706D-01  3.106211568281D-01
  2.886007569548D-01
