In49 POTENTIAL                      exc: Vosko,Wilk,Nusair      
  2.20033126  6.33750000  2.17664358
  49.00000
   2.40560   0.9811931870   0.9240466115
353
 0.25000000D-01 0.36265835D-03
 9 1
    0  -1.96656160000D+03
    0  -2.87428550000D+02
    0  -5.37136240000D+01
    0  -7.39818510000D+00
    1  -2.68528840000D+02
    1  -4.59639090000D+01
    1  -4.86454470000D+00
    2  -3.15522220000D+01
    2  -7.38539920000D-01
  4.726906034827D+02  4.727162941423D+02  4.727425734446D+02  4.727694480747D+02
  4.727969265356D+02  4.728250225763D+02  4.728537456553D+02  4.728831096571D+02
  4.729131242939D+02  4.729438036185D+02  4.729751575331D+02  4.730072002289D+02
  4.730399417527D+02  4.730733964003D+02  4.731075743180D+02  4.731424898650D+02
  4.731781532381D+02  4.732145788111D+02  4.732517767762D+02  4.732897614652D+02
  4.733285430031D+02  4.733681356146D+02  4.734085492868D+02  4.734497980626D+02
  4.734918917110D+02  4.735348440090D+02  4.735786644166D+02  4.736233663493D+02
  4.736689588563D+02  4.737154548839D+02  4.737628629558D+02  4.738111954285D+02
  4.738604601719D+02  4.739106688173D+02  4.739618284378D+02  4.740139497882D+02
  4.740670389854D+02  4.741211057400D+02  4.741761550348D+02  4.742321953499D+02
  4.742892303464D+02  4.743472670579D+02  4.744063075894D+02  4.744663573177D+02
  4.745274165603D+02  4.745894887766D+02  4.746525722329D+02  4.747166681943D+02
  4.747817725857D+02  4.748478841748D+02  4.749149962269D+02  4.749831046799D+02
  4.750521997924D+02  4.751222743093D+02  4.751933151036D+02  4.752653113318D+02
  4.753382460687D+02  4.754121044526D+02  4.754868653122D+02  4.755625093019D+02
  4.756390105195D+02  4.757163446311D+02  4.757944804803D+02  4.758733882014D+02
  4.759530308195D+02  4.760333723528D+02  4.761143694024D+02  4.761959792432D+02
  4.762781514038D+02  4.763608357459D+02  4.764439740337D+02  4.765275080016D+02
  4.766113709135D+02  4.766954956187D+02  4.767798061009D+02  4.768642255230D+02
  4.769486677657D+02  4.770330454616D+02  4.771172615240D+02  4.772012171707D+02
  4.772848034437D+02  4.773679092238D+02  4.774504127419D+02  4.775321895851D+02
  4.776131042017D+02  4.776930178998D+02  4.777717803474D+02  4.778492375655D+02
  4.779252234253D+02  4.779995676380D+02  4.780720872511D+02  4.781425946385D+02
  4.782108889980D+02  4.782767643445D+02  4.783400010133D+02  4.784003736596D+02
  4.784576427709D+02  4.785115626779D+02  4.785618730805D+02  4.786083070747D+02
  4.786505826978D+02  4.786884109766D+02  4.787214874977D+02  4.787495004835D+02
  4.787721223943D+02  4.787890180384D+02  4.787998362136D+02  4.788042178600D+02
  4.788017877474D+02  4.787921626791D+02  4.787749432350D+02  4.787497220345D+02
  4.787160755442D+02  4.786735724094D+02  4.786217653358D+02  4.785601994999D+02
  4.784884045136D+02  4.784059029235D+02  4.783122022689D+02  4.782068036787D+02
  4.780891940331D+02  4.779588546677D+02  4.778152536469D+02  4.776578545844D+02
  4.774861090369D+02  4.772994654475D+02  4.770973616665D+02  4.768792340238D+02
  4.766445099812D+02  4.763926173372D+02  4.761229770124D+02  4.758350123874D+02
  4.755281422201D+02  4.752017901128D+02  4.748553775558D+02  4.744883335165D+02
  4.741000875981D+02  4.736900797367D+02  4.732577534599D+02  4.728025656719D+02
  4.723239799878D+02  4.718214765807D+02  4.712945455612D+02  4.707426968505D+02
  4.701654535668D+02  4.695623618814D+02  4.689329843634D+02  4.682769097662D+02
  4.675937462738D+02  4.668831311569D+02  4.661447238537D+02  4.653782154262D+02
  4.645833214017D+02  4.637597909503D+02  4.629073994079D+02  4.620259570912D+02
  4.611153014161D+02  4.601753052664D+02  4.592058686221D+02  4.582069263970D+02
  4.571784394988D+02  4.561204020613D+02  4.550328318684D+02  4.539157769239D+02
  4.527693052031D+02  4.515935105306D+02  4.503885016443D+02  4.491544074133D+02
  4.478913652644D+02  4.465995258176D+02  4.452790408039D+02  4.439300672890D+02
  4.425527553048D+02  4.411472519427D+02  4.397136890413D+02  4.382521875567D+02
  4.367628457822D+02  4.352457445357D+02  4.337009365110D+02  4.321284529325D+02
  4.305282947188D+02  4.289004412912D+02  4.272448442101D+02  4.255614387246D+02
  4.238501403424D+02  4.221108593984D+02  4.203435005830D+02  4.185479802359D+02
  4.167242281670D+02  4.148722065937D+02  4.129919127421D+02  4.110833975096D+02
  4.091467665880D+02  4.071821963680D+02  4.051899310401D+02  4.031702933337D+02
  4.011236755422D+02  3.990505436119D+02  3.969514213557D+02  3.948268880260D+02
  3.926775567665D+02  3.905040675882D+02  3.883070627144D+02  3.860871781503D+02
  3.838450193965D+02  3.815811551055D+02  3.792960964253D+02  3.769902955603D+02
  3.746641309640D+02  3.723179123325D+02  3.699518724584D+02  3.675661787796D+02
  3.651609313919D+02  3.627361801250D+02  3.602919272660D+02  3.578281484032D+02
  3.553447978961D+02  3.528418314091D+02  3.503192120132D+02  3.477769323227D+02
  3.452150192234D+02  3.426335537292D+02  3.400326725989D+02  3.374125843659D+02
  3.347735665135D+02  3.321159765571D+02  3.294402439200D+02  3.267468755006D+02
  3.240364419844D+02  3.213095779788D+02  3.185669632212D+02  3.158093181642D+02
  3.130373813905D+02  3.102519024666D+02  3.074536179172D+02  3.046432441440D+02
  3.018214552571D+02  2.989888797808D+02  2.961460842872D+02  2.932935778537D+02
  2.904318051404D+02  2.875611614751D+02  2.846819969630D+02  2.817946419506D+02
  2.788994196035D+02  2.759966765958D+02  2.730867964906D+02  2.701702260325D+02
  2.672474788171D+02  2.643191472775D+02  2.613858890203D+02  2.584484206769D+02
  2.555074878254D+02  2.525638464963D+02  2.496182265524D+02  2.466713132695D+02
  2.437237172237D+02  2.407759677445D+02  2.378284983866D+02  2.348816577686D+02
  2.319357123863D+02  2.289908731933D+02  2.260473114098D+02  2.231051946499D+02
  2.201647084977D+02  2.172260946638D+02  2.142896710732D+02  2.113558653830D+02
  2.084252277969D+02  2.054984551604D+02  2.025763927326D+02  1.996600461271D+02
  1.967505702485D+02  1.938492682593D+02  1.909575677453D+02  1.880770074943D+02
  1.852092024919D+02  1.823558208041D+02  1.795185403614D+02  1.766990196183D+02
  1.738988504950D+02  1.711195279858D+02  1.683624053503D+02  1.656286698430D+02
  1.629193085599D+02  1.602350999990D+02  1.575766014052D+02  1.549441674887D+02
  1.523379696673D+02  1.497580490047D+02  1.472043676817D+02  1.446768859861D+02
  1.421756225872D+02  1.397007191649D+02  1.372524651895D+02  1.348313080810D+02
  1.324378149969D+02  1.300726254631D+02  1.277363739194D+02  1.254296286302D+02
  1.231528258126D+02  1.209062390076D+02  1.186899531966D+02  1.165038747548D+02
  1.143477403662D+02  1.122211527298D+02  1.101236055450D+02  1.080545266242D+02
  1.060133034349D+02  1.039993218399D+02  1.020119841335D+02  1.000507384812D+02
  9.811508696282D+01  9.620460506398D+01  9.431894025825D+01  9.245782292157D+01
  9.062105736199D+01  8.880852630869D+01  8.702017666659D+01  8.525601985702D+01
  8.351611449378D+01  8.180056463277D+01  8.010950124847D+01  7.844308006622D+01
  7.680146329406D+01  7.518481826699D+01  7.359330044187D+01  7.202705364800D+01
  7.048619494172D+01  6.897081688126D+01  6.748097450476D+01  6.601668976315D+01
  6.457794065395D+01  6.316466776905D+01  6.177676549071D+01  6.041409052887D+01
  5.907645503324D+01  5.776363694949D+01  5.647537483268D+01  5.521137972227D+01
  5.397133121486D+01  5.275489020786D+01  5.156169532172D+01  5.039137533156D+01
  4.924354454597D+01  4.811781346285D+01  4.701378178673D+01  4.593104636148D+01
  4.486919144732D+01  4.382779434959D+01  4.280641325691D+01  4.180459243644D+01
  4.082184896988D+01
N_07 POTENTIAL                      exc: Vosko,Wilk,Nusair      
  1.68057905  6.33750000  1.68945972
   7.00000
   1.96292   0.9811931870   0.9240466115
353
 0.25000000D-01 0.29592158D-03
 2 1
    0  -2.69998930000D+01
    0  -4.29582100000D-01
  2.622127578803D+01  2.622164794726D+01  2.622202910524D+01  2.622244507100D+01
  2.622287634240D+01  2.622332082191D+01  2.622377719490D+01  2.622424597412D+01
  2.622472659920D+01  2.622521988219D+01  2.622572540852D+01  2.622624407329D+01
  2.622677551567D+01  2.622732066945D+01  2.622787920432D+01  2.622845207977D+01
  2.622903898839D+01  2.622964091087D+01  2.623025755997D+01  2.623088993594D+01
  2.623153777082D+01  2.623220208399D+01  2.623288262667D+01  2.623358043751D+01
  2.623429528717D+01  2.623502823399D+01  2.623577906859D+01  2.623654886958D+01
  2.623733744819D+01  2.623814590397D+01  2.623897406947D+01  2.623982306594D+01
  2.624069274804D+01  2.624158425954D+01  2.624249747802D+01  2.624343357061D+01
  2.624439243869D+01  2.624537527363D+01  2.624638200167D+01  2.624741384369D+01
  2.624847113260D+01  2.624955471833D+01  2.625066457931D+01  2.625180198536D+01
  2.625296694235D+01  2.625416074797D+01  2.625538343649D+01  2.625663633446D+01
  2.625791950551D+01  2.625923430603D+01  2.626058082998D+01  2.626196046458D+01
  2.626337333508D+01  2.626482086048D+01  2.626630319830D+01  2.626782180028D+01
  2.626937685713D+01  2.627096985427D+01  2.627260101656D+01  2.627427186398D+01
  2.627598265639D+01  2.627773494925D+01  2.627952903829D+01  2.628136651522D+01
  2.628324771243D+01  2.628517425870D+01  2.628714652382D+01  2.628916617429D+01
  2.629123361796D+01  2.629335055969D+01  2.629551744594D+01  2.629773602044D+01
  2.630000676875D+01  2.630233147383D+01  2.630471066066D+01  2.630714615172D+01
  2.630963851158D+01  2.631218960234D+01  2.631480002816D+01  2.631747169066D+01
  2.632020523342D+01  2.632300259731D+01  2.632586446487D+01  2.632879281567D+01
  2.633178837059D+01  2.633485314706D+01  2.633798790331D+01  2.634119469354D+01
  2.634447431202D+01  2.634782884822D+01  2.635125913080D+01  2.635476728261D+01
  2.635835416461D+01  2.636202193071D+01  2.636577147161D+01  2.636960496945D+01
  2.637352334154D+01  2.637752879490D+01  2.638162226977D+01  2.638580599403D+01
  2.639008092649D+01  2.639444931119D+01  2.639891212045D+01  2.640347160897D+01
  2.640812875669D+01  2.641288582265D+01  2.641774378763D+01  2.642270490771D+01
  2.642777015671D+01  2.643294177946D+01  2.643822073392D+01  2.644360924418D+01
  2.644910824228D+01  2.645471992083D+01  2.646044517449D+01  2.646628615229D+01
  2.647224369865D+01  2.647831990534D+01  2.648451555210D+01  2.649083265810D+01
  2.649727192220D+01  2.650383527387D+01  2.651052331296D+01  2.651733786015D+01
  2.652427939612D+01  2.653134961149D+01  2.653854884541D+01  2.654587863482D+01
  2.655333915254D+01  2.656093175577D+01  2.656865642351D+01  2.657651430445D+01
  2.658450515354D+01  2.659262987919D+01  2.660088797905D+01  2.660928008639D+01
  2.661780540504D+01  2.662646425493D+01  2.663525550611D+01  2.664417912336D+01
  2.665323359930D+01  2.666241849800D+01  2.667173188707D+01  2.668117288028D+01
  2.669073906855D+01  2.670042906149D+01  2.671023991734D+01  2.672016968327D+01
  2.673021482422D+01  2.674037276206D+01  2.675063930312D+01  2.676101117621D+01
  2.677148345889D+01  2.678205211419D+01  2.679271141568D+01  2.680345648285D+01
  2.681428070490D+01  2.682517827485D+01  2.683614161200D+01  2.684716389476D+01
  2.685823648187D+01  2.686935144385D+01  2.688049898303D+01  2.689166996379D+01
  2.690285333133D+01  2.691403864074D+01  2.692521347465D+01  2.693636597128D+01
  2.694748224096D+01  2.695854889328D+01  2.696955045277D+01  2.698047188520D+01
  2.699129601259D+01  2.700200603891D+01  2.701258296464D+01  2.702300811217D+01
  2.703326054011D+01  2.704331956872D+01  2.705316219436D+01  2.706276561525D+01
  2.707210464652D+01  2.708115424670D+01  2.708988693383D+01  2.709827531324D+01
  2.710628949521D+01  2.711389962459D+01  2.712107330072D+01  2.712777810957D+01
  2.713397904650D+01  2.713964105172D+01  2.714472643673D+01  2.714919742392D+01
  2.715301357755D+01  2.715613434835D+01  2.715851651012D+01  2.716011671031D+01
  2.716088891322D+01  2.716078695771D+01  2.715976200811D+01  2.715776512026D+01
  2.715474470128D+01  2.715064908517D+01  2.714542400270D+01  2.713901516787D+01
  2.713136575919D+01  2.712241901825D+01  2.711211574378D+01  2.710039690357D+01
  2.708720114255D+01  2.707246740941D+01  2.705613247989D+01  2.703813359921D+01
  2.701840602179D+01  2.699688567051D+01  2.697350669377D+01  2.694820414250D+01
  2.692091154534D+01  2.689156360397D+01  2.686009378687D+01  2.682643704331D+01
  2.679052741574D+01  2.675230077240D+01  2.671169243803D+01  2.666863994441D+01
  2.662308067859D+01  2.657495465030D+01  2.652420215609D+01  2.647076656185D+01
  2.641459198080D+01  2.635562606841D+01  2.629381771137D+01  2.622911983164D+01
  2.616148708248D+01  2.609087865739D+01  2.601725598859D+01  2.594058555563D+01
  2.586083658063D+01  2.577798383048D+01  2.569200530223D+01  2.560288501177D+01
  2.551061066183D+01  2.541517640914D+01  2.531658050660D+01  2.521482804009D+01
  2.510992853562D+01  2.500189865617D+01  2.489075976401D+01  2.477654056752D+01
  2.465927462830D+01  2.453900294765D+01  2.441577140783D+01  2.428963328828D+01
  2.416064663050D+01  2.402887667291D+01  2.389439313055D+01  2.375727253933D+01
  2.361759544100D+01  2.347544862871D+01  2.333092222969D+01  2.318411184550D+01
  2.303511552684D+01  2.288403580414D+01  2.273097655160D+01  2.257604490677D+01
  2.241934802441D+01  2.226099488790D+01  2.210109295835D+01  2.193974988611D+01
  2.177707006715D+01  2.161315627110D+01  2.144810612615D+01  2.128201369124D+01
  2.111496590471D+01  2.094704414482D+01  2.077832069724D+01  2.060886037221D+01
  2.043871707479D+01  2.026793558080D+01  2.009654833280D+01  1.992457752092D+01
  1.975203227557D+01  1.957891124887D+01  1.940520042204D+01  1.923087642163D+01
  1.905590518069D+01  1.888024621602D+01  1.870385233108D+01  1.852667497052D+01
  1.834866496908D+01  1.816977883210D+01  1.798998018257D+01  1.780924639383D+01
  1.762756992822D+01  1.744496430968D+01  1.726146420347D+01  1.707712954890D+01
  1.689204331191D+01  1.670631297276D+01  1.652006554325D+01  1.633344648483D+01
  1.614661256628D+01  1.595972922772D+01  1.577296260588D+01  1.558647681308D+01
  1.540042656387D+01  1.521495561480D+01  1.503019094449D+01  1.484624296355D+01
  1.466320151850D+01  1.448113784685D+01  1.430010215140D+01  1.412012689343D+01
  1.394122544688D+01  1.376339621343D+01  1.358662185792D+01  1.341087379218D+01
  1.323611159933D+01  1.306228756024D+01  1.288934600528D+01  1.271722768147D+01
  1.254586888141D+01  1.237520554409D+01  1.220517208949D+01  1.203570520943D+01
  1.186674238586D+01  1.169822536643D+01  1.153009837338D+01  1.136231127936D+01
  1.119481752881D+01  1.102757704002D+01  1.086055386737D+01  1.069371885912D+01
  1.052704709029D+01  1.036052030516D+01  1.019412414819D+01  1.002785041656D+01
  9.861694111830D+00  9.695655521700D+00  9.529737107771D+00  9.363945427516D+00
  9.198287864340D+00  9.032774390713D+00  8.867414136241D+00  8.702216982369D+00
  8.537189954136D+00  8.372338628026D+00  8.207663327788D+00  8.043160323634D+00
  7.878817814056D+00  7.714616971697D+00  7.550527494805D+00  7.386508763914D+00
  7.222505008746D+00
Vac0 POTENTIAL                      exc: Vosko,Wilk,Nusair      
  2.20033126  6.33750000  2.17664358
   0.00000
   2.40560   0.9811931870   0.9240466115
353
 0.25000000D-01 0.36265835D-03
 0 1
  8.824991078568D-01  8.824699443910D-01  8.824392809414D-01  8.824303672398D-01
  8.824253731560D-01  8.824231348737D-01  8.824213189335D-01  8.824210896948D-01
  8.824207832338D-01  8.824218264190D-01  8.824226806128D-01  8.824248420631D-01
  8.824268157734D-01  8.824301288755D-01  8.824333108652D-01  8.824379102841D-01
  8.824424769298D-01  8.824485797755D-01  8.824547902236D-01  8.824627007122D-01
  8.824709086297D-01  8.824810356484D-01  8.824917123659D-01  8.825045983461D-01
  8.825183677302D-01  8.825347301960D-01  8.825524177700D-01  8.825732071299D-01
  8.825959079587D-01  8.826223871526D-01  8.826515592561D-01  8.826854132449D-01
  8.827230059776D-01  8.827664924648D-01  8.828151234940D-01  8.828712807497D-01
  8.829344778015D-01  8.830072866169D-01  8.830818343107D-01  8.831150005131D-01
  8.830854351883D-01  8.830581634400D-01  8.830315698867D-01  8.830070582215D-01
  8.829830325707D-01  8.829609139518D-01  8.829391219004D-01  8.829190911689D-01
  8.828992535914D-01  8.828810549393D-01  8.828629369477D-01  8.828463543138D-01
  8.828297568219D-01  8.828146064499D-01  8.827993595841D-01  8.827854841961D-01
  8.827714421230D-01  8.827587063004D-01  8.827457431046D-01  8.827340296186D-01
  8.827220360107D-01  8.827112428447D-01  8.827001234898D-01  8.826901614531D-01
  8.826798328112D-01  8.826706235687D-01  8.826610121118D-01  8.826524865791D-01
  8.826435273279D-01  8.826356243295D-01  8.826272596400D-01  8.826199248056D-01
  8.826121033494D-01  8.826052881834D-01  8.825979641009D-01  8.825916251998D-01
  8.825847573802D-01  8.825788557720D-01  8.825724072430D-01  8.825669078274D-01
  8.825608452384D-01  8.825557163037D-01  8.825500094825D-01  8.825452222991D-01
  8.825398438677D-01  8.825353723305D-01  8.825302973800D-01  8.825261177021D-01
  8.825213235037D-01  8.825174139531D-01  8.825128797120D-01  8.825092203769D-01
  8.825049270134D-01  8.825014996003D-01  8.824974295607D-01  8.824942172139D-01
  8.824903543031D-01  8.824873414475D-01  8.824836706770D-01  8.824808428788D-01
  8.824773503360D-01  8.824746941755D-01  8.824713669057D-01  8.824688698656D-01
  8.824656957643D-01  8.824633461289D-01  8.824603138453D-01  8.824581006083D-01
  8.824551994579D-01  8.824531122363D-01  8.824503321212D-01  8.824483610813D-01
  8.824456924135D-01  8.824438281971D-01  8.824412618311D-01  8.824394954891D-01
  8.824370226563D-01  8.824353455852D-01  8.824329578325D-01  8.824313617142D-01
  8.824290508447D-01  8.824275275896D-01  8.824252856057D-01  8.824238272949D-01
  8.824216463427D-01  8.824202451735D-01  8.824181174879D-01  8.824167657188D-01
  8.824146835686D-01  8.824133734646D-01  8.824113290962D-01  8.824100528723D-01
  8.824080384555D-01  8.824067882198D-01  8.824047957869D-01  8.824035634822D-01
  8.824015848705D-01  8.824003622118D-01  8.823983889986D-01  8.823971674097D-01
  8.823951908468D-01  8.823939613904D-01  8.823919723345D-01  8.823907256413D-01
  8.823887144772D-01  8.823874406667D-01  8.823853972279D-01  8.823840858257D-01
  8.823819993072D-01  8.823806391542D-01  8.823784980184D-01  8.823770771734D-01
  8.823748690485D-01  8.823733746813D-01  8.823710862503D-01  8.823695045264D-01
  8.823671214055D-01  8.823654373593D-01  8.823629439665D-01  8.823611413630D-01
  8.823585207722D-01  8.823565819549D-01  8.823538157378D-01  8.823517214626D-01
  8.823487895136D-01  8.823465187655D-01  8.823433991101D-01  8.823409289022D-01
  8.823375974858D-01  8.823349026379D-01  8.823313330936D-01  8.823283859882D-01
  8.823245493807D-01  8.823213196943D-01  8.823171842378D-01  8.823136386446D-01
  8.823091693918D-01  8.823052712371D-01  8.823004297356D-01  8.822961386751D-01
  8.822908825895D-01  8.822861541917D-01  8.822804368847D-01  8.822752221916D-01
  8.822689922633D-01  8.822632373058D-01  8.822564380840D-01  8.822500833462D-01
  8.822426523239D-01  8.822356321523D-01  8.822275003662D-01  8.822197423162D-01
  8.822108336602D-01  8.822022577752D-01  8.821924882427D-01  8.821830062566D-01
  8.821722831025D-01  8.821617975597D-01  8.821500183748D-01  8.821384216571D-01
  8.821254733455D-01  8.821126465971D-01  8.820984042465D-01  8.820842161864D-01
  8.820685418190D-01  8.820528474281D-01  8.820355886209D-01  8.820182276914D-01
  8.819992160512D-01  8.819800115835D-01  8.819590610615D-01  8.819378174921D-01
  8.819147225213D-01  8.818912237651D-01  8.818657572011D-01  8.818397644865D-01
  8.818116753328D-01  8.817829248095D-01  8.817519357018D-01  8.817201357970D-01
  8.816859402234D-01  8.816507687185D-01  8.816130279465D-01  8.815741287466D-01
  8.815324684263D-01  8.814894479884D-01  8.814434543977D-01  8.813958777830D-01
  8.813450936758D-01  8.812924801849D-01  8.812364002027D-01  8.811782185503D-01
  8.811162841482D-01  8.810519471285D-01  8.809835409660D-01  8.809123995541D-01
  8.808368392928D-01  8.807581761233D-01  8.806747075689D-01  8.805877297244D-01
  8.804955192436D-01  8.803993502798D-01  8.802974764141D-01  8.801911475410D-01
  8.800785917319D-01  8.799610320599D-01  8.798366683912D-01  8.797066941427D-01
  8.795692779937D-01  8.794255805690D-01  8.792737360623D-01  8.791148688368D-01
  8.789470749509D-01  8.787714386673D-01  8.785860138703D-01  8.783918404732D-01
  8.781869257165D-01  8.779722604618D-01  8.777458003571D-01  8.775084820065D-01
  8.772582039874D-01  8.769958428813D-01  8.767192341277D-01  8.764291879009D-01
  8.761234697816D-01  8.758028164627D-01  8.754649162189D-01  8.751104244220D-01
  8.747369437854D-01  8.743450396672D-01  8.739322200648D-01  8.734989506816D-01
  8.730426346416D-01  8.725636272930D-01  8.720592156111D-01  8.715296327064D-01
  8.709720368793D-01  8.703865257978D-01  8.697701151616D-01  8.691227525088D-01
  8.684412954418D-01  8.677255250161D-01  8.669721234730D-01  8.661806871570D-01
  8.653477036906D-01  8.644725643579D-01  8.635515406482D-01  8.625837960311D-01
  8.615653617818D-01  8.604951480608D-01  8.593689189186D-01  8.581853025752D-01
  8.569397654814D-01  8.556306216740D-01  8.542530057455D-01  8.528048811232D-01
  8.512810117687D-01  8.496789691948D-01  8.479931026769D-01  8.462205447776D-01
  8.443551798014D-01  8.423936475422D-01  8.403293096471D-01  8.381582512308D-01
  8.358732447317D-01  8.334697489458D-01  8.309398698529D-01  8.282783565043D-01
  8.254765581614D-01  8.225284163227D-01  8.194244173427D-01  8.161575796906D-01
  8.127174009993D-01  8.090958394011D-01  8.052812536746D-01  8.012643771911D-01
  7.970322494690D-01  7.925741808657D-01  7.878756733941D-01  7.829243737876D-01
  7.777039808560D-01  7.722001839048D-01  7.663945531710D-01  7.602704597575D-01
  7.538069447536D-01  7.469846157948D-01  7.397794892817D-01  7.321688573374D-01
  7.241250960182D-01  7.156214947353D-01  7.066260214115D-01  6.971071042630D-01
  6.870273423964D-01  6.763492270929D-01  6.650287832373D-01  6.530212137914D-01
  6.402744535835D-01  6.267347163935D-01  6.123399379219D-01  5.970251997958D-01
  5.807160330094D-01  5.633336873275D-01  5.447882603902D-01  5.249837750056D-01
  5.038110932966D-01  4.811527581916D-01  4.568756534879D-01  4.308355567569D-01
  4.028694993218D-01  3.728002139365D-01  3.404274612564D-01  3.055330343128D-01
  2.678713011975D-01
Vac0 POTENTIAL                      exc: Vosko,Wilk,Nusair      
  1.68057905  6.33750000  1.68945972
   0.00000
   1.96292   0.9811931870   0.9240466115
353
 0.25000000D-01 0.29592158D-03
 0 1
  6.706251496074D-01  6.705819702901D-01  6.705372616510D-01  6.705237101910D-01
  6.705161952763D-01  6.705117090464D-01  6.705081820900D-01  6.705059668546D-01
  6.705039476189D-01  6.705028452130D-01  6.705017152604D-01  6.705013692167D-01
  6.705009155004D-01  6.705011988937D-01  6.705013504250D-01  6.705022313179D-01
  6.705029853975D-01  6.705044844619D-01  6.705058816298D-01  6.705080573966D-01
  6.705101733662D-01  6.705131186204D-01  6.705160637916D-01  6.705199076117D-01
  6.705238312361D-01  6.705287450235D-01  6.705338430809D-01  6.705400503131D-01
  6.705465772422D-01  6.705543673776D-01  6.705626523811D-01  6.705723998767D-01
  6.705828690783D-01  6.705950591150D-01  6.706082653546D-01  6.706235284116D-01
  6.706401909415D-01  6.706593261270D-01  6.706785283825D-01  6.706858371962D-01
  6.706762905833D-01  6.706676664220D-01  6.706590678238D-01  6.706513242793D-01
  6.706435451006D-01  6.706365652782D-01  6.706294990190D-01  6.706231856926D-01
  6.706167434018D-01  6.706110150210D-01  6.706051218118D-01  6.705999094807D-01
  6.705945018492D-01  6.705897469439D-01  6.705847706889D-01  6.705804230145D-01
  6.705758315813D-01  6.705718479030D-01  6.705676010809D-01  6.705639439529D-01
  6.705600068269D-01  6.705566436475D-01  6.705529857459D-01  6.705498880020D-01
  6.705464826070D-01  6.705436252406D-01  6.705404488259D-01  6.705378097227D-01
  6.705348414838D-01  6.705324010511D-01  6.705296225186D-01  6.705273633264D-01
  6.705247580389D-01  6.705226645308D-01  6.705202177675D-01  6.705182760006D-01
  6.705159745496D-01  6.705141719927D-01  6.705120039548D-01  6.705103293027D-01
  6.705082839295D-01  6.705067269515D-01  6.705047944977D-01  6.705033459055D-01
  6.705015175098D-01  6.705001688423D-01  6.704984364207D-01  6.704971799466D-01
  6.704955360982D-01  6.704943647291D-01  6.704928026586D-01  6.704917098729D-01
  6.704902233163D-01  6.704892030949D-01  6.704877862609D-01  6.704868330247D-01
  6.704854805370D-01  6.704845890973D-01  6.704832959443D-01  6.704824614566D-01
  6.704812229473D-01  6.704804408666D-01  6.704792525919D-01  6.704785186350D-01
  6.704773764304D-01  6.704766865414D-01  6.704755864511D-01  6.704749367679D-01
  6.704738750163D-01  6.704732618418D-01  6.704722348022D-01  6.704716545735D-01
  6.704706587409D-01  6.704701080045D-01  6.704691399703D-01  6.704686153546D-01
  6.704676717783D-01  6.704671699691D-01  6.704662475552D-01  6.704657652700D-01
  6.704648607432D-01  6.704643947068D-01  6.704635047863D-01  6.704630517060D-01
  6.704621730807D-01  6.704617296207D-01  6.704608589237D-01  6.704604216794D-01
  6.704595554616D-01  6.704591209324D-01  6.704582556348D-01  6.704578201959D-01
  6.704569521205D-01  6.704565119935D-01  6.704556372730D-01  6.704551884942D-01
  6.704543030598D-01  6.704538414461D-01  6.704529409921D-01  6.704524621055D-01
  6.704515420522D-01  6.704510411611D-01  6.704500966141D-01  6.704495686505D-01
  6.704485943570D-01  6.704480338713D-01  6.704470241724D-01  6.704464252836D-01
  6.704453740625D-01  6.704447304035D-01  6.704436310284D-01  6.704429356871D-01
  6.704417809487D-01  6.704410264028D-01  6.704398084475D-01  6.704389864923D-01
  6.704376967456D-01  6.704367984167D-01  6.704354275024D-01  6.704344429888D-01
  6.704329806374D-01  6.704318991864D-01  6.704303341364D-01  6.704291439497D-01
  6.704274638369D-01  6.704261519549D-01  6.704243431924D-01  6.704228953673D-01
  6.704209430115D-01  6.704193435674D-01  6.704172311712D-01  6.704154628492D-01
  6.704131722995D-01  6.704112160876D-01  6.704087274262D-01  6.704065623706D-01
  6.704038535967D-01  6.704014565944D-01  6.703985034453D-01  6.703958490143D-01
  6.703926247252D-01  6.703896847511D-01  6.703861597882D-01  6.703829032442D-01
  6.703790450104D-01  6.703754376480D-01  6.703712101580D-01  6.703672141652D-01
  6.703625776862D-01  6.703581513103D-01  6.703530619651D-01  6.703481590950D-01
  6.703425684236D-01  6.703371381293D-01  6.703309926043D-01  6.703249786273D-01
  6.703182191184D-01  6.703115593086D-01  6.703041204909D-01  6.702967461850D-01
  6.702885558845D-01  6.702803912179D-01  6.702713696895D-01  6.702623308365D-01
  6.702523899643D-01  6.702423842982D-01  6.702314267130D-01  6.702203518778D-01
  6.702082699804D-01  6.701960128647D-01  6.701826877475D-01  6.701691233498D-01
  6.701544236042D-01  6.701394137790D-01  6.701231941768D-01  6.701065862489D-01
  6.700886862847D-01  6.700703115164D-01  6.700505537969D-01  6.700302256939D-01
  6.700084141559D-01  6.699859265943D-01  6.699618445359D-01  6.699369696916D-01
  6.699103775942D-01  6.698828636526D-01  6.698534967731D-01  6.698230653976D-01
  6.697906311062D-01  6.697569746382D-01  6.697211494739D-01  6.696839278365D-01
  6.696443542509D-01  6.696031915243D-01  6.695594742802D-01  6.695139549145D-01
  6.694656571024D-01  6.694153217277D-01  6.693619603593D-01  6.693063011510D-01
  6.692473422841D-01  6.691857978349D-01  6.691206511799D-01  6.690526008264D-01
  6.689806137771D-01  6.689053713204D-01  6.688258223490D-01  6.687426291056D-01
  6.686547204509D-01  6.685627375598D-01  6.684655871329D-01  6.683638870382D-01
  6.682565194601D-01  6.681440764797D-01  6.680254131551D-01  6.679010930338D-01
  6.677699411561D-01  6.676324894922D-01  6.674875298602D-01  6.673355592799D-01
  6.671753327955D-01  6.670073087362D-01  6.668302014338D-01  6.666444263798D-01
  6.664486528246D-01  6.662432488199D-01  6.660268336873D-01  6.657997229314D-01
  6.655604805622D-01  6.653093638657D-01  6.650448755625D-01  6.647672084181D-01
  6.644747972198D-01  6.641677632075D-01  6.638444658467D-01  6.635049470587D-01
  6.631474827652D-01  6.627720268935D-01  6.623767626651D-01  6.619615463472D-01
  6.615244582547D-01  6.610652462164D-01  6.605818762527D-01  6.600739757213D-01
  6.595393836295D-01  6.589775934167D-01  6.583863028539D-01  6.577648564146D-01
  6.571107947069D-01  6.564232963762D-01  6.556997270066D-01  6.549390804898D-01
  6.541385273212D-01  6.532968553593D-01  6.524110174294D-01  6.514795713827D-01
  6.504992269064D-01  6.494682847759D-01  6.483831827497D-01  6.472419338892D-01
  6.460406713935D-01  6.447770858359D-01  6.434469687677D-01  6.420476486878D-01
  6.405745332090D-01  6.390245435409D-01  6.373926549680D-01  6.356753295781D-01
  6.338670547476D-01  6.319637737868D-01  6.299594220596D-01  6.278493551427D-01
  6.256268821199D-01  6.232866907560D-01  6.208213773976D-01  6.182248685404D-01
  6.154889466304D-01  6.126066672487D-01  6.095688799294D-01  6.063676399889D-01
  6.029927232513D-01  5.994350312960D-01  5.956830986920D-01  5.917264901121D-01
  5.875522983073D-01  5.831485311166D-01  5.785005979336D-01  5.735946841016D-01
  5.684142230074D-01  5.629432546514D-01  5.571628797036D-01  5.510545981336D-01
  5.445967405254D-01  5.377677814726D-01  5.305427421012D-01  5.228964713993D-01
  5.148000121407D-01  5.062238413196D-01  4.971341893768D-01  4.874962283081D-01
  4.772703311216D-01  4.664151928102D-01  4.548840131086D-01  4.426275312128D-01
  4.295901099844D-01  4.157126591333D-01  4.009285958553D-01  3.851666200765D-01
  3.683465125205D-01  3.503818861075D-01  3.311752274616D-01  3.106211607185D-01
  2.886007607348D-01
