In49 POTENTIAL                      exc: Vosko,Wilk,Nusair      
  2.31897314  6.66250000  2.29182178
  49.00000
   2.53289   0.8007018824   0.8498776284
353
 0.25000000D-01 0.38184860D-03
 9 1
    0  -1.96656160000D+03
    0  -2.87428550000D+02
    0  -5.37136240000D+01
    0  -7.39818510000D+00
    1  -2.68528840000D+02
    1  -4.59639090000D+01
    1  -4.86454470000D+00
    2  -3.15522220000D+01
    2  -7.38539920000D-01
  4.724941001655D+02  4.725211480325D+02  4.725488123269D+02  4.725770992006D+02
  4.726060174810D+02  4.726355811997D+02  4.726658001136D+02  4.726966883629D+02
  4.727282559346D+02  4.727605171045D+02  4.727934820185D+02  4.728271650543D+02
  4.728615764651D+02  4.728967306901D+02  4.729326380382D+02  4.729693129626D+02
  4.730067657710D+02  4.730450108746D+02  4.730840585162D+02  4.731239230000D+02
  4.731646144328D+02  4.732061469370D+02  4.732485304024D+02  4.732917786854D+02
  4.733359013675D+02  4.733809119430D+02  4.734268195828D+02  4.734736373110D+02
  4.735213737728D+02  4.735700414009D+02  4.736196481858D+02  4.736702058329D+02
  4.737217215342D+02  4.737742061163D+02  4.738276658121D+02  4.738821104009D+02
  4.739375449785D+02  4.739939780891D+02  4.740514134942D+02  4.741098582956D+02
  4.741693147102D+02  4.742297881594D+02  4.742912790580D+02  4.743537909116D+02
  4.744173220760D+02  4.744818738546D+02  4.745474422528D+02  4.746140260666D+02
  4.746816186320D+02  4.747502159039D+02  4.748198081996D+02  4.748903882684D+02
  4.749619430285D+02  4.750344616263D+02  4.751079271663D+02  4.751823247604D+02
  4.752576332501D+02  4.753338332446D+02  4.754108988350D+02  4.754888056220D+02
  4.755675224206D+02  4.756470192769D+02  4.757272591635D+02  4.758082059848D+02
  4.758898162630D+02  4.759720471312D+02  4.760548480099D+02  4.761381685882D+02
  4.762219504902D+02  4.763061352442D+02  4.763906559388D+02  4.764754451808D+02
  4.765604267406D+02  4.766455234988D+02  4.767306490817D+02  4.768157157968D+02
  4.769006262587D+02  4.769852813138D+02  4.770695716580D+02  4.771533857514D+02
  4.772366014277D+02  4.773190938011D+02  4.774007268685D+02  4.774813614095D+02
  4.775608465834D+02  4.776390278241D+02  4.777157384339D+02  4.777908074753D+02
  4.778640513642D+02  4.779352817615D+02  4.780042971681D+02  4.780708908196D+02
  4.781348422870D+02  4.781959253777D+02  4.782538997464D+02  4.783085188062D+02
  4.783595213544D+02  4.784066394993D+02  4.784495903053D+02  4.784880837417D+02
  4.785218143525D+02  4.785504692338D+02  4.785737197350D+02  4.785912294716D+02
  4.786026460654D+02  4.786076091998D+02  4.786057424074D+02  4.785966611762D+02
  4.785799647929D+02  4.785552445090D+02  4.785220754490D+02  4.784800248456D+02
  4.784286440223D+02  4.783674767076D+02  4.782960511020D+02  4.782138882804D+02
  4.781204943534D+02  4.780153689686D+02  4.778979975750D+02  4.777678600323D+02
  4.776244229880D+02  4.774671486034D+02  4.772954870512D+02  4.771088853651D+02
  4.769067800653D+02  4.766886061372D+02  4.764537897888D+02  4.762017575625D+02
  4.759319292256D+02  4.756437270159D+02  4.753365686642D+02  4.750098767692D+02
  4.746630719469D+02  4.742955823267D+02  4.739068368166D+02  4.734962747073D+02
  4.730633390362D+02  4.726074862800D+02  4.721281797939D+02  4.716248995646D+02
  4.710971356951D+02  4.705443981828D+02  4.699662104091D+02  4.693621189003D+02
  4.687316867733D+02  4.680745034260D+02  4.673901778829D+02  4.666783483519D+02
  4.659386754040D+02  4.651708513266D+02  4.643745930620D+02  4.635496512793D+02
  4.626958029907D+02  4.618128602590D+02  4.609006624057D+02  4.599590842685D+02
  4.589880279166D+02  4.579874303737D+02  4.569572547613D+02  4.558974974135D+02
  4.548081783810D+02  4.536893478811D+02  4.525410761256D+02  4.513634590776D+02
  4.501566075907D+02  4.489206525035D+02  4.476557331427D+02  4.463620018364D+02
  4.450396119094D+02  4.436887217889D+02  4.423094827194D+02  4.409020427444D+02
  4.394665344862D+02  4.380030794160D+02  4.365117761784D+02  4.349927056943D+02
  4.334459206340D+02  4.318714520057D+02  4.302693004615D+02  4.286394450604D+02
  4.269818370654D+02  4.252964114664D+02  4.235830837254D+02  4.218417643259D+02
  4.200723584788D+02  4.182747833895D+02  4.164489702376D+02  4.145948830577D+02
  4.127125214581D+02  4.108019391727D+02  4.088632452411D+02  4.068966197361D+02
  4.049023108545D+02  4.028806454172D+02  4.008320198352D+02  3.987569039264D+02
  3.966558250570D+02  3.945293654543D+02  3.923781406208D+02  3.902027921066D+02
  3.880039628902D+02  3.857822888293D+02  3.835383744996D+02  3.812727868201D+02
  3.789860346015D+02  3.766785671431D+02  3.743507596801D+02  3.720029184465D+02
  3.696352727991D+02  3.672479868328D+02  3.648411576476D+02  3.624148324606D+02
  3.599690115445D+02  3.575036690609D+02  3.550187586929D+02  3.525142361133D+02
  3.499900651929D+02  3.474462400171D+02  3.448827896660D+02  3.422997979015D+02
  3.396974047897D+02  3.370758225186D+02  3.344353325445D+02  3.317762964333D+02
  3.290991476855D+02  3.264043970513D+02  3.236926187888D+02  3.209644505544D+02
  3.182205745790D+02  3.154617130419D+02  3.126886055023D+02  3.099020016058D+02
  3.071026371533D+02  3.042912269668D+02  3.014684429209D+02  2.986349107084D+02
  2.957911937903D+02  2.929377980193D+02  2.900751651184D+02  2.872036879815D+02
  2.843237151789D+02  2.814355765655D+02  2.785395961065D+02  2.756361224887D+02
  2.727255424692D+02  2.698083067820D+02  2.668849334867D+02  2.639560193464D+02
  2.610222257330D+02  2.580842719013D+02  2.551429046549D+02  2.521988795693D+02
  2.492529244851D+02  2.463057211902D+02  2.433578757649D+02  2.404099124002D+02
  2.374622594822D+02  2.345152608417D+02  2.315691791261D+02  2.286242226572D+02
  2.256805616142D+02  2.227383642239D+02  2.197978184891D+02  2.168591701945D+02
  2.139227429536D+02  2.109889714073D+02  2.080584138572D+02  2.051317759351D+02
  2.022099121144D+02  1.992938371771D+02  1.963847148684D+02  1.934838563942D+02
  1.905926963337D+02  1.877127789981D+02  1.848457232462D+02  1.819931990378D+02
  1.791568841477D+02  1.763384346276D+02  1.735394378284D+02  1.707613819880D+02
  1.680056117076D+02  1.652733038957D+02  1.625654341701D+02  1.598827689300D+02
  1.572258535637D+02  1.545950319586D+02  1.519904667926D+02  1.494121932595D+02
  1.468601712935D+02  1.443343626770D+02  1.418347910338D+02  1.393616053252D+02
  1.369151031693D+02  1.344957391228D+02  1.321040849759D+02  1.297407812412D+02
  1.274064594950D+02  1.251016815960D+02  1.228268748289D+02  1.205823023252D+02
  1.183680384108D+02  1.161839794026D+02  1.140298532998D+02  1.119052557928D+02
  1.098096755122D+02  1.077425370262D+02  1.057032263385D+02  1.036911293125D+02
  1.017056495522D+02  9.974623748067D+01  9.781239823367D+01  9.590371082845D+01
  9.401982665640D+01  9.216048014809D+01  9.032547979350D+01  8.851471246329D+01
  8.672812923443D+01  8.496574564014D+01  8.322762448875D+01  8.151387408778D+01
  7.982462992148D+01  7.816005250789D+01  7.652030937403D+01  7.490557375882D+01
  7.331600787604D+01  7.175176323876D+01  7.021296578634D+01  6.869971822453D+01
  6.721208725184D+01  6.575010801447D+01  6.431377342098D+01  6.290304061512D+01
  6.151782222044D+01  6.015799463091D+01  5.882339096027D+01  5.751381090709D+01
  5.622901514620D+01  5.496873647118D+01  5.373267527003D+01  5.252051148811D+01
  5.133190059345D+01  5.016648559872D+01  4.902389258924D+01  4.790374175830D+01
  4.680564143404D+01  4.572919718874D+01  4.467400370903D+01  4.363965172457D+01
  4.262571792697D+01  4.163177045904D+01  4.065735737069D+01  3.970201219013D+01
  3.876524184984D+01
N_07 POTENTIAL                      exc: Vosko,Wilk,Nusair      
  1.76095821  6.66250000  1.77099661
   7.00000
   2.05765   0.8007018824   0.8498776284
353
 0.25000000D-01 0.31020338D-03
 2 1
    0  -2.69998930000D+01
    0  -4.29582100000D-01
  2.602658843168D+01  2.602697981827D+01  2.602738073888D+01  2.602781723490D+01
  2.602826967347D+01  2.602873581259D+01  2.602921445320D+01  2.602970599971D+01
  2.603021001794D+01  2.603072721603D+01  2.603125730803D+01  2.603180108662D+01
  2.603235832074D+01  2.603292984274D+01  2.603351545291D+01  2.603411601010D+01
  2.603473133828D+01  2.603536231822D+01  2.603600879481D+01  2.603667166912D+01
  2.603735080605D+01  2.603804712658D+01  2.603876051550D+01  2.603949191382D+01
  2.604024122657D+01  2.604100941521D+01  2.604179640553D+01  2.604260318005D+01
  2.604342968595D+01  2.604427692754D+01  2.604514487414D+01  2.604603455259D+01
  2.604694595517D+01  2.604788013207D+01  2.604883709939D+01  2.604981793154D+01
  2.605082266929D+01  2.605185241218D+01  2.605290722672D+01  2.605398824163D+01
  2.605509593578D+01  2.605623106567D+01  2.605739375189D+01  2.605858517521D+01
  2.605980548456D+01  2.606105588954D+01  2.606233656841D+01  2.606364876057D+01
  2.606499267458D+01  2.606636958064D+01  2.606777971858D+01  2.606922439032D+01
  2.607070386794D+01  2.607221948608D+01  2.607377154998D+01  2.607536142793D+01
  2.607698945926D+01  2.607865704682D+01  2.608036456494D+01  2.608211345189D+01
  2.608390411784D+01  2.608573803732D+01  2.608761565715D+01  2.608953848887D+01
  2.609150701669D+01  2.609352278989D+01  2.609558633071D+01  2.609769922678D+01
  2.609986203897D+01  2.610207639375D+01  2.610434289108D+01  2.610666319671D+01
  2.610903795000D+01  2.611146885624D+01  2.611395659440D+01  2.611650290939D+01
  2.611910851983D+01  2.612177521018D+01  2.612450373851D+01  2.612729592855D+01
  2.613015257741D+01  2.613307554758D+01  2.613606567456D+01  2.613912485879D+01
  2.614225397319D+01  2.614545495504D+01  2.614872871343D+01  2.615207722101D+01
  2.615550142137D+01  2.615900332068D+01  2.616258389496D+01  2.616624518162D+01
  2.616998818653D+01  2.617381497555D+01  2.617772658137D+01  2.618172509489D+01
  2.618581157199D+01  2.618998812465D+01  2.619425582760D+01  2.619861680923D+01
  2.620307215809D+01  2.620762401355D+01  2.621227347211D+01  2.621702267785D+01
  2.622187272846D+01  2.622682576549D+01  2.623188288012D+01  2.623704620308D+01
  2.624231681019D+01  2.624769681198D+01  2.625318725886D+01  2.625879023047D+01
  2.626450674047D+01  2.627033882556D+01  2.627628744985D+01  2.628235459351D+01
  2.628854115672D+01  2.629484904787D+01  2.630127908711D+01  2.630783309403D+01
  2.631451179071D+01  2.632131688894D+01  2.632824899268D+01  2.633530968474D+01
  2.634249942872D+01  2.634981965499D+01  2.635727066203D+01  2.636485370183D+01
  2.637256888047D+01  2.638041724285D+01  2.638839867255D+01  2.639651397579D+01
  2.640476278053D+01  2.641314561959D+01  2.642166182895D+01  2.643031162999D+01
  2.643909402689D+01  2.644800888797D+01  2.645705484214D+01  2.646623135926D+01
  2.647553664558D+01  2.648496972307D+01  2.649452832385D+01  2.650421096838D+01
  2.651401485878D+01  2.652393795592D+01  2.653397687159D+01  2.654412894436D+01
  2.655439013057D+01  2.656475707899D+01  2.657522502054D+01  2.658578984171D+01
  2.659644597297D+01  2.660718846098D+01  2.661801085565D+01  2.662890728105D+01
  2.663987032124D+01  2.665089308981D+01  2.666196711442D+01  2.667308440515D+01
  2.668423533769D+01  2.669541072047D+01  2.670659967668D+01  2.671779171014D+01
  2.672897458629D+01  2.674013639691D+01  2.675126344006D+01  2.676234228390D+01
  2.677335764570D+01  2.678429445487D+01  2.679513573127D+01  2.680586464763D+01
  2.681646240740D+01  2.682691030682D+01  2.683718761257D+01  2.684727362377D+01
  2.685714554982D+01  2.686678057270D+01  2.687615372534D+01  2.688523995469D+01
  2.689401200107D+01  2.690244246253D+01  2.691050167572D+01  2.691815978210D+01
  2.692538461094D+01  2.693214374808D+01  2.693840242175D+01  2.694412557458D+01
  2.694927575309D+01  2.695381518373D+01  2.695770366693D+01  2.696090065815D+01
  2.696336316737D+01  2.696504784612D+01  2.696590889360D+01  2.696590015073D+01
  2.696497301388D+01  2.696307853728D+01  2.696016535554D+01  2.695618179553D+01
  2.695107380902D+01  2.694478709532D+01  2.693726504530D+01  2.692845087608D+01
  2.691828558776D+01  2.690671011143D+01  2.689366327990D+01  2.687908399034D+01
  2.686290919018D+01  2.684507605559D+01  2.682551999371D+01  2.680417683798D+01
  2.678098086771D+01  2.675586702115D+01  2.672876893319D+01  2.669962116673D+01
  2.666835726904D+01  2.663491202183D+01  2.659921951629D+01  2.656121542181D+01
  2.652083507945D+01  2.647801578875D+01  2.643269491879D+01  2.638481221194D+01
  2.633430791114D+01  2.628112507888D+01  2.622520773846D+01  2.616650320570D+01
  2.610496024143D+01  2.604053139252D+01  2.597317115182D+01  2.590283830439D+01
  2.582949409021D+01  2.575310455053D+01  2.567363868769D+01  2.559107080555D+01
  2.550537865985D+01  2.541654578569D+01  2.532455963096D+01  2.522941386283D+01
  2.513110647597D+01  2.502964206919D+01  2.492502991922D+01  2.481728621806D+01
  2.470643210247D+01  2.459249584194D+01  2.447551081363D+01  2.435551763051D+01
  2.423256205113D+01  2.410669703812D+01  2.397798059206D+01  2.384647772921D+01
  2.371225823070D+01  2.357539853010D+01  2.343597936829D+01  2.329408758261D+01
  2.314981365978D+01  2.300325341982D+01  2.285450546117D+01  2.270367273479D+01
  2.255085987826D+01  2.239617467845D+01  2.223972529464D+01  2.208162161203D+01
  2.192197235873D+01  2.176088635772D+01  2.159846954873D+01  2.143482615378D+01
  2.127005562405D+01  2.110425374503D+01  2.093750954147D+01  2.076990636403D+01
  2.060151880484D+01  2.043241383074D+01  2.026264778972D+01  2.009226768905D+01
  1.992130841151D+01  1.974979428042D+01  1.957773665299D+01  1.940513596545D+01
  1.923197992078D+01  1.905824625032D+01  1.888390174159D+01  1.870890595489D+01
  1.853321129838D+01  1.835676784330D+01  1.817952448609D+01  1.800143475333D+01
  1.782245874911D+01  1.764256942019D+01  1.746175451732D+01  1.728002232567D+01
  1.709740248079D+01  1.691394994419D+01  1.672974353317D+01  1.654488723728D+01
  1.635950594065D+01  1.617374404434D+01  1.598775886688D+01  1.580171753290D+01
  1.561578936634D+01  1.543014254365D+01  1.524493697632D+01  1.506032205751D+01
  1.487643107493D+01  1.469338074247D+01  1.451126748000D+01  1.433016875123D+01
  1.415014098333D+01  1.397122231248D+01  1.379343164790D+01  1.361677229536D+01
  1.344123164848D+01  1.326678521697D+01  1.309339653341D+01  1.292102124257D+01
  1.274960694764D+01  1.257909714672D+01  1.240943085888D+01  1.224054629425D+01
  1.207238018360D+01  1.190487113525D+01  1.173795864473D+01  1.157158613261D+01
  1.140569964130D+01  1.124025057051D+01  1.107519408477D+01  1.091049157457D+01
  1.074610880584D+01  1.058201813966D+01  1.041819645716D+01  1.025462717132D+01
  1.009129796007D+01  9.928202601366D+00  9.765338543945D+00  9.602708592661D+00
  9.440318340907D+00  9.278177726901D+00  9.116298344579D+00  8.954694883221D+00
  8.793382324572D+00  8.632377268381D+00  8.471695013067D+00  8.311350759090D+00
  8.151356559968D+00  7.991722385533D+00  7.832452922592D+00  7.673548473839D+00
  7.515001584413D+00  7.356797804153D+00  7.198911967391D+00  7.041308990579D+00
  6.883939822369D+00
Vac0 POTENTIAL                      exc: Vosko,Wilk,Nusair      
  2.31897314  6.66250000  2.29182178
   0.00000
   2.53289   0.8007018824   0.8498776284
353
 0.25000000D-01 0.38184860D-03
 0 1
  7.879439082135D-01  7.879191331183D-01  7.878929128630D-01  7.878854172030D-01
  7.878811320075D-01  7.878793943746D-01  7.878778814368D-01  7.878779194990D-01
  7.878777583449D-01  7.878789490844D-01  7.878798489780D-01  7.878820686247D-01
  7.878840027848D-01  7.878872885987D-01  7.878903419352D-01  7.878948183388D-01
  7.878991509921D-01  7.879050129732D-01  7.879108558196D-01  7.879183724755D-01
  7.879260364510D-01  7.879355652681D-01  7.879454602347D-01  7.879574704811D-01
  7.879701335019D-01  7.879852399159D-01  7.880013749368D-01  7.880203842603D-01
  7.880409166767D-01  7.880648914754D-01  7.880910427278D-01  7.881213886574D-01
  7.881547782735D-01  7.881933634848D-01  7.882361489343D-01  7.882854678831D-01
  7.883405346433D-01  7.884038330366D-01  7.884683367076D-01  7.884957321630D-01
  7.884678244701D-01  7.884421770652D-01  7.884170698213D-01  7.883940233624D-01
  7.883713359504D-01  7.883505445334D-01  7.883299618990D-01  7.883111379434D-01
  7.882923970389D-01  7.882752994700D-01  7.882581789461D-01  7.882426041566D-01
  7.882269164010D-01  7.882126912291D-01  7.881982761601D-01  7.881852523985D-01
  7.881719725943D-01  7.881600226340D-01  7.881477594444D-01  7.881367728186D-01
  7.881254232606D-01  7.881153038438D-01  7.881047780881D-01  7.880954418367D-01
  7.880856611649D-01  7.880770342707D-01  7.880679294046D-01  7.880599467728D-01
  7.880514564867D-01  7.880440604807D-01  7.880361304644D-01  7.880292698579D-01
  7.880218517527D-01  7.880154808562D-01  7.880085314581D-01  7.880026093821D-01
  7.879960899608D-01  7.879905799925D-01  7.879844557210D-01  7.879793247961D-01
  7.879735642606D-01  7.879687825091D-01  7.879633572892D-01  7.879588976529D-01
  7.879537819652D-01  7.879496198604D-01  7.879447902478D-01  7.879409032766D-01
  7.879363383387D-01  7.879327060395D-01  7.879283861991D-01  7.879249898286D-01
  7.879208971284D-01  7.879177194684D-01  7.879138373890D-01  7.879108625792D-01
  7.879071758827D-01  7.879043892731D-01  7.879008838626D-01  7.878982718791D-01
  7.878949346743D-01  7.878924847015D-01  7.878893035265D-01  7.878870038035D-01
  7.878839672870D-01  7.878818068105D-01  7.878789042956D-01  7.878768727337D-01
  7.878740941947D-01  7.878721818094D-01  7.878695177780D-01  7.878677153512D-01
  7.878651568439D-01  7.878634556123D-01  7.878609940682D-01  7.878593856582D-01
  7.878570128776D-01  7.878554892487D-01  7.878531973350D-01  7.878517507221D-01
  7.878495320287D-01  7.878481548889D-01  7.878460019636D-01  7.878446869238D-01
  7.878425924599D-01  7.878413322656D-01  7.878392890491D-01  7.878380765143D-01
  7.878360773736D-01  7.878349053290D-01  7.878329430847D-01  7.878318043270D-01
  7.878298717387D-01  7.878287589782D-01  7.878268486924D-01  7.878257544978D-01
  7.878238589925D-01  7.878227757360D-01  7.878208872623D-01  7.878198070594D-01
  7.878179175819D-01  7.878168322299D-01  7.878149333617D-01  7.878138342727D-01
  7.878119172072D-01  7.878107953377D-01  7.878088507755D-01  7.878076965500D-01
  7.878057146192D-01  7.878045178484D-01  7.878024880197D-01  7.878012378111D-01
  7.877991488052D-01  7.877978334674D-01  7.877956731539D-01  7.877942800903D-01
  7.877920353782D-01  7.877905509731D-01  7.877882076905D-01  7.877866171831D-01
  7.877841599459D-01  7.877824472926D-01  7.877798593604D-01  7.877780070844D-01
  7.877752702021D-01  7.877732592270D-01  7.877703534513D-01  7.877681629189D-01
  7.877650664268D-01  7.877626734969D-01  7.877593623755D-01  7.877567420043D-01
  7.877531900186D-01  7.877503147161D-01  7.877464930539D-01  7.877433326151D-01
  7.877392096045D-01  7.877357308137D-01  7.877312716134D-01  7.877274379176D-01
  7.877226041734D-01  7.877183753225D-01  7.877131247887D-01  7.877084564376D-01
  7.877027425601D-01  7.876975858297D-01  7.876913572839D-01  7.876856582771D-01
  7.876788584590D-01  7.876725577248D-01  7.876651241889D-01  7.876581561314D-01
  7.876500199684D-01  7.876423121943D-01  7.876333973459D-01  7.876248699421D-01
  7.876150924422D-01  7.876056571797D-01  7.875949243164D-01  7.875844837697D-01
  7.875726931601D-01  7.875611397334D-01  7.875481783008D-01  7.875353931537D-01
  7.875211359969D-01  7.875069878558D-01  7.874912970006D-01  7.874756408457D-01
  7.874583638642D-01  7.874410394786D-01  7.874220079641D-01  7.874028383299D-01
  7.873818662105D-01  7.873606557363D-01  7.873375374118D-01  7.873140699740D-01
  7.872885782562D-01  7.872626150334D-01  7.872344988699D-01  7.872057759497D-01
  7.871747579071D-01  7.871429836407D-01  7.871087571239D-01  7.870736092015D-01
  7.870358353787D-01  7.869969575975D-01  7.869552620016D-01  7.869122606917D-01
  7.868662294632D-01  7.868186695374D-01  7.867678452704D-01  7.867152458569D-01
  7.866591230071D-01  7.866009526207D-01  7.865389724280D-01  7.864746436315D-01
  7.864061885066D-01  7.863350520077D-01  7.862594393247D-01  7.861807774489D-01
  7.860972526812D-01  7.860102721537D-01  7.859180012838D-01  7.858218252470D-01
  7.857198863717D-01  7.856135455569D-01  7.855009196022D-01  7.853833425646D-01
  7.852589030159D-01  7.851289053327D-01  7.849914068731D-01  7.848476791932D-01
  7.846957451339D-01  7.845368399558D-01  7.843689483272D-01  7.841932653678D-01
  7.840077335270D-01  7.838135035275D-01  7.836084711214D-01  7.833937379221D-01
  7.831671480258D-01  7.829297487191D-01  7.826793269507D-01  7.824168699018D-01
  7.821401012908D-01  7.818499417908D-01  7.815440451501D-01  7.812232584382D-01
  7.808851579619D-01  7.805305093213D-01  7.801568030965D-01  7.797647146931D-01
  7.793516397733D-01  7.789181538657D-01  7.784615475118D-01  7.779822856119D-01
  7.774775422536D-01  7.769476597623D-01  7.763896831733D-01  7.758038189511D-01
  7.751869690615D-01  7.745391893178D-01  7.738572230032D-01  7.731409587960D-01
  7.723869638844D-01  7.715949414146D-01  7.707612630312D-01  7.698854257829D-01
  7.689635840090D-01  7.679950056259D-01  7.669756032672D-01  7.659043898577D-01
  7.647770088976D-01  7.635921892127D-01  7.623452742497D-01  7.610346758687D-01
  7.596554024883D-01  7.582055117563D-01  7.566796373486D-01  7.550754403146D-01
  7.533871342892D-01  7.516119352599D-01  7.497435848939D-01  7.477787984106D-01
  7.457107856512D-01  7.435356966600D-01  7.412461400285D-01  7.388376256846D-01
  7.363020799224D-01  7.336342847634D-01  7.308253889285D-01  7.278693429632D-01
  7.247564052096D-01  7.214795716670D-01  7.180280757682D-01  7.143938116643D-01
  7.105648262858D-01  7.065317343797D-01  7.022812009216D-01  6.978023457716D-01
  6.930802139740D-01  6.881021673076D-01  6.828513393335D-01  6.773130103551D-01
  6.714680432069D-01  6.652992371649D-01  6.587847393521D-01  6.519043718848D-01
  6.446330123316D-01  6.369468867594D-01  6.288169108305D-01  6.202149393182D-01
  6.111070570355D-01  6.014597726965D-01  5.912332458019D-01  5.803874092714D-01
  5.688751145011D-01  5.566481628230D-01  5.436503460472D-01  5.298233613775D-01
  5.150997187517D-01  4.994085073337D-01  4.826681339205D-01  4.647919018184D-01
  4.456805370007D-01  4.252275319081D-01  4.033114131415D-01  3.798007914939D-01
  3.545463147410D-01  3.273855394491D-01  2.981339889368D-01  2.665903105480D-01
  2.325266097661D-01
Vac0 POTENTIAL                      exc: Vosko,Wilk,Nusair      
  1.76095821  6.66250000  1.77099661
   0.00000
   2.05765   0.8007018824   0.8498776284
353
 0.25000000D-01 0.31020338D-03
 0 1
  5.909184505046D-01  5.908803649320D-01  5.908409193981D-01  5.908289707820D-01
  5.908223343484D-01  5.908183786746D-01  5.908152565752D-01  5.908133006820D-01
  5.908115047474D-01  5.908105261527D-01  5.908095097727D-01  5.908091927160D-01
  5.908087662505D-01  5.908089966970D-01  5.908090950814D-01  5.908098419693D-01
  5.908104593342D-01  5.908117367372D-01  5.908129039980D-01  5.908147578426D-01
  5.908165350058D-01  5.908190391941D-01  5.908215143344D-01  5.908247717995D-01
  5.908280637936D-01  5.908322107533D-01  5.908364749538D-01  5.908416880803D-01
  5.908471250136D-01  5.908536316789D-01  5.908604991054D-01  5.908685915433D-01
  5.908772208593D-01  5.908872751146D-01  5.908980933700D-01  5.909105947929D-01
  5.909241538323D-01  5.909397137259D-01  5.909552549830D-01  5.909607593638D-01
  5.909522700940D-01  5.909446087010D-01  5.909369620297D-01  5.909300833320D-01
  5.909231649711D-01  5.909169650795D-01  5.909106803731D-01  5.909050728696D-01
  5.908993427528D-01  5.908942551626D-01  5.908890130787D-01  5.908843841620D-01
  5.908795736715D-01  5.908753513251D-01  5.908709242505D-01  5.908670638607D-01
  5.908629788266D-01  5.908594419657D-01  5.908556632329D-01  5.908524166181D-01
  5.908489131520D-01  5.908459278096D-01  5.908426725252D-01  5.908399231100D-01
  5.908368922636D-01  5.908343565031D-01  5.908315291845D-01  5.908291874243D-01
  5.908265451378D-01  5.908243799645D-01  5.908219062950D-01  5.908199022165D-01
  5.908175825351D-01  5.908157257219D-01  5.908135469437D-01  5.908118250061D-01
  5.908097753872D-01  5.908081771852D-01  5.908062461514D-01  5.908047616376D-01
  5.908029396334D-01  5.908015597143D-01  5.907998380785D-01  5.907985544984D-01
  5.907969253554D-01  5.907957305940D-01  5.907941867578D-01  5.907930739427D-01
  5.907916088368D-01  5.907905716685D-01  5.907891792513D-01  5.907882119332D-01
  5.907868866391D-01  5.907859838209D-01  5.907847205010D-01  5.907838772245D-01
  5.907826711005D-01  5.907818827545D-01  5.907807293718D-01  5.907799916496D-01
  5.907788868404D-01  5.907781957026D-01  5.907771355472D-01  5.907764871877D-01
  5.907754679841D-01  5.907748587977D-01  5.907738770313D-01  5.907733035856D-01
  5.907723559004D-01  5.907718149092D-01  5.907708980824D-01  5.907703863799D-01
  5.907694972961D-01  5.907690118131D-01  5.907681474427D-01  5.907676851830D-01
  5.907668425583D-01  5.907664005759D-01  5.907655767679D-01  5.907651521462D-01
  5.907643442442D-01  5.907639340732D-01  5.907631391619D-01  5.907627405152D-01
  5.907619556525D-01  5.907615655660D-01  5.907607877599D-01  5.907604032085D-01
  5.907596293947D-01  5.907592472676D-01  5.907584742833D-01  5.907580913602D-01
  5.907573159199D-01  5.907569288435D-01  5.907561475113D-01  5.907557527597D-01
  5.907549619202D-01  5.907545557770D-01  5.907537516051D-01  5.907533301273D-01
  5.907525085539D-01  5.907520675377D-01  5.907512242143D-01  5.907507591573D-01
  5.907498894176D-01  5.907493954780D-01  5.907484942942D-01  5.907479662475D-01
  5.907470281855D-01  5.907464603751D-01  5.907454795430D-01  5.907448658284D-01
  5.907438358222D-01  5.907431695203D-01  5.907420833623D-01  5.907413571846D-01
  5.907402072579D-01  5.907394132405D-01  5.907381912153D-01  5.907373206424D-01
  5.907360173957D-01  5.907350607152D-01  5.907336662426D-01  5.907326129732D-01
  5.907311162909D-01  5.907299549199D-01  5.907283439581D-01  5.907270618283D-01
  5.907253233117D-01  5.907239064974D-01  5.907220258152D-01  5.907204589845D-01
  5.907184200459D-01  5.907166863094D-01  5.907144713849D-01  5.907125521286D-01
  5.907101416734D-01  5.907080163737D-01  5.907053888345D-01  5.907030348548D-01
  5.907001664551D-01  5.906975588202D-01  5.906944233241D-01  5.906915344715D-01
  5.906881029216D-01  5.906849024272D-01  5.906811428564D-01  5.906775971303D-01
  5.906734742424D-01  5.906695461941D-01  5.906650210115D-01  5.906606696789D-01
  5.906556991530D-01  5.906508792932D-01  5.906454158737D-01  5.906400775105D-01
  5.906340686701D-01  5.906281565937D-01  5.906215443022D-01  5.906149975168D-01
  5.906077176602D-01  5.906004687732D-01  5.905924505115D-01  5.905844250584D-01
  5.905755901161D-01  5.905667058144D-01  5.905569676961D-01  5.905471336206D-01
  5.905363967438D-01  5.905255124153D-01  5.905136711522D-01  5.905016255298D-01
  5.904885631479D-01  5.904752335149D-01  5.904608210061D-01  5.904460717395D-01
  5.904301665254D-01  5.904138477340D-01  5.903962922349D-01  5.903782382550D-01
  5.903588583077D-01  5.903388860396D-01  5.903174891480D-01  5.902953962164D-01
  5.902717696180D-01  5.902473323384D-01  5.902212408651D-01  5.901942119953D-01
  5.901653957094D-01  5.901355019629D-01  5.901036735419D-01  5.900706128379D-01
  5.900354546830D-01  5.899988931056D-01  5.899600541434D-01  5.899196225779D-01
  5.898767147230D-01  5.898320051358D-01  5.897845993779D-01  5.897351607007D-01
  5.896827827763D-01  5.896281163535D-01  5.895702419561D-01  5.895097965068D-01
  5.894458459885D-01  5.893790120323D-01  5.893083445389D-01  5.892344482265D-01
  5.891563552071D-01  5.890746514912D-01  5.889883495134D-01  5.888980145888D-01
  5.888026373835D-01  5.887027603163D-01  5.885973499683D-01  5.884869234248D-01
  5.883704206158D-01  5.882483305923D-01  5.881195637906D-01  5.879845782345D-01
  5.878422517156D-01  5.876930079129D-01  5.875356884798D-01  5.873706790719D-01
  5.871967813300D-01  5.870143388058D-01  5.868221088285D-01  5.866203883176D-01
  5.864078855195D-01  5.861848456938D-01  5.859499227056D-01  5.857033045702D-01
  5.854435848842D-01  5.851708882118D-01  5.848837413363D-01  5.845821984685D-01
  5.842647122969D-01  5.839312589977D-01  5.835802090585D-01  5.832114520653D-01
  5.828232672728D-01  5.824154481405D-01  5.819861726169D-01  5.815351273936D-01
  5.810603778678D-01  5.805614920765D-01  5.800364102962D-01  5.794845686158D-01
  5.789037681244D-01  5.782932980742D-01  5.776508046015D-01  5.769754134223D-01
  5.762645980218D-01  5.755173018164D-01  5.747308057360D-01  5.739038497744D-01
  5.730334998760D-01  5.721182687814D-01  5.711549821141D-01  5.701418984125D-01
  5.690755742909D-01  5.679539835268D-01  5.667733811480D-01  5.655314214175D-01
  5.642240206669D-01  5.628484739893D-01  5.614003166022D-01  5.598764390152D-01
  5.582719466598D-01  5.565832732482D-01  5.548050383454D-01  5.529331585708D-01
  5.509617027135D-01  5.488860003434D-01  5.466994939771D-01  5.443968445580D-01
  5.419707800579D-01  5.394151971512D-01  5.367220054809D-01  5.338842246780D-01
  5.308928233210D-01  5.277398102273D-01  5.244150668799D-01  5.209094316265D-01
  5.172115240159D-01  5.133108201680D-01  5.091944670323D-01  5.048503467052D-01
  5.002638780675D-01  4.954210671923D-01  4.903052930922D-01  4.849003405354D-01
  4.791871656837D-01  4.731469065531D-01  4.667576230788D-01  4.599972790347D-01
  4.528404494247D-01  4.452612658020D-01  4.372300817321D-01  4.287163709814D-01
  4.196853389547D-01  4.101007599726D-01  3.999215188354D-01  3.891043691659D-01
  3.776003843665D-01  3.653576129673D-01  3.523174141489D-01  3.384169758291D-01
  3.235854968637D-01  3.077466532102D-01  2.908141630630D-01  2.726945957239D-01
  2.532823281224D-01
