In49 POTENTIAL                      exc: Vosko,Wilk,Nusair      
  2.31897314  6.66250000  2.29182178
  49.00000
   2.53289   0.8007018790   0.8498776285
353
 0.25000000D-01 0.38184860D-03
 9 1
    0  -1.96656160000D+03
    0  -2.87428550000D+02
    0  -5.37136240000D+01
    0  -7.39818510000D+00
    1  -2.68528840000D+02
    1  -4.59639090000D+01
    1  -4.86454470000D+00
    2  -3.15522220000D+01
    2  -7.38539920000D-01
  4.724941001656D+02  4.725211480326D+02  4.725488123270D+02  4.725770992007D+02
  4.726060174811D+02  4.726355811998D+02  4.726658001137D+02  4.726966883630D+02
  4.727282559347D+02  4.727605171046D+02  4.727934820187D+02  4.728271650544D+02
  4.728615764652D+02  4.728967306902D+02  4.729326380383D+02  4.729693129627D+02
  4.730067657711D+02  4.730450108747D+02  4.730840585163D+02  4.731239230001D+02
  4.731646144329D+02  4.732061469371D+02  4.732485304026D+02  4.732917786855D+02
  4.733359013676D+02  4.733809119431D+02  4.734268195829D+02  4.734736373111D+02
  4.735213737729D+02  4.735700414010D+02  4.736196481859D+02  4.736702058330D+02
  4.737217215343D+02  4.737742061164D+02  4.738276658122D+02  4.738821104010D+02
  4.739375449786D+02  4.739939780892D+02  4.740514134943D+02  4.741098582957D+02
  4.741693147103D+02  4.742297881595D+02  4.742912790581D+02  4.743537909117D+02
  4.744173220762D+02  4.744818738547D+02  4.745474422529D+02  4.746140260667D+02
  4.746816186321D+02  4.747502159040D+02  4.748198081997D+02  4.748903882685D+02
  4.749619430286D+02  4.750344616264D+02  4.751079271664D+02  4.751823247606D+02
  4.752576332502D+02  4.753338332447D+02  4.754108988351D+02  4.754888056221D+02
  4.755675224207D+02  4.756470192770D+02  4.757272591636D+02  4.758082059849D+02
  4.758898162631D+02  4.759720471313D+02  4.760548480100D+02  4.761381685883D+02
  4.762219504903D+02  4.763061352443D+02  4.763906559389D+02  4.764754451809D+02
  4.765604267407D+02  4.766455234989D+02  4.767306490818D+02  4.768157157969D+02
  4.769006262588D+02  4.769852813139D+02  4.770695716581D+02  4.771533857515D+02
  4.772366014278D+02  4.773190938012D+02  4.774007268686D+02  4.774813614096D+02
  4.775608465835D+02  4.776390278242D+02  4.777157384340D+02  4.777908074754D+02
  4.778640513643D+02  4.779352817616D+02  4.780042971682D+02  4.780708908197D+02
  4.781348422871D+02  4.781959253778D+02  4.782538997465D+02  4.783085188063D+02
  4.783595213545D+02  4.784066394994D+02  4.784495903054D+02  4.784880837418D+02
  4.785218143526D+02  4.785504692339D+02  4.785737197351D+02  4.785912294717D+02
  4.786026460655D+02  4.786076091999D+02  4.786057424075D+02  4.785966611763D+02
  4.785799647930D+02  4.785552445091D+02  4.785220754491D+02  4.784800248457D+02
  4.784286440224D+02  4.783674767078D+02  4.782960511021D+02  4.782138882805D+02
  4.781204943535D+02  4.780153689687D+02  4.778979975751D+02  4.777678600324D+02
  4.776244229881D+02  4.774671486035D+02  4.772954870513D+02  4.771088853652D+02
  4.769067800654D+02  4.766886061373D+02  4.764537897890D+02  4.762017575626D+02
  4.759319292257D+02  4.756437270160D+02  4.753365686643D+02  4.750098767693D+02
  4.746630719470D+02  4.742955823268D+02  4.739068368167D+02  4.734962747074D+02
  4.730633390363D+02  4.726074862802D+02  4.721281797940D+02  4.716248995647D+02
  4.710971356952D+02  4.705443981829D+02  4.699662104092D+02  4.693621189004D+02
  4.687316867734D+02  4.680745034261D+02  4.673901778830D+02  4.666783483520D+02
  4.659386754041D+02  4.651708513267D+02  4.643745930621D+02  4.635496512794D+02
  4.626958029908D+02  4.618128602591D+02  4.609006624058D+02  4.599590842686D+02
  4.589880279167D+02  4.579874303738D+02  4.569572547614D+02  4.558974974136D+02
  4.548081783811D+02  4.536893478812D+02  4.525410761257D+02  4.513634590777D+02
  4.501566075908D+02  4.489206525035D+02  4.476557331428D+02  4.463620018365D+02
  4.450396119095D+02  4.436887217890D+02  4.423094827195D+02  4.409020427445D+02
  4.394665344863D+02  4.380030794161D+02  4.365117761785D+02  4.349927056944D+02
  4.334459206341D+02  4.318714520058D+02  4.302693004616D+02  4.286394450604D+02
  4.269818370655D+02  4.252964114664D+02  4.235830837255D+02  4.218417643260D+02
  4.200723584789D+02  4.182747833896D+02  4.164489702377D+02  4.145948830578D+02
  4.127125214582D+02  4.108019391727D+02  4.088632452411D+02  4.068966197362D+02
  4.049023108545D+02  4.028806454173D+02  4.008320198353D+02  3.987569039265D+02
  3.966558250571D+02  3.945293654544D+02  3.923781406209D+02  3.902027921067D+02
  3.880039628903D+02  3.857822888294D+02  3.835383744997D+02  3.812727868202D+02
  3.789860346016D+02  3.766785671432D+02  3.743507596801D+02  3.720029184466D+02
  3.696352727992D+02  3.672479868329D+02  3.648411576477D+02  3.624148324607D+02
  3.599690115446D+02  3.575036690610D+02  3.550187586930D+02  3.525142361133D+02
  3.499900651930D+02  3.474462400171D+02  3.448827896660D+02  3.422997979016D+02
  3.396974047898D+02  3.370758225187D+02  3.344353325446D+02  3.317762964333D+02
  3.290991476856D+02  3.264043970514D+02  3.236926187889D+02  3.209644505545D+02
  3.182205745790D+02  3.154617130420D+02  3.126886055024D+02  3.099020016059D+02
  3.071026371534D+02  3.042912269669D+02  3.014684429209D+02  2.986349107085D+02
  2.957911937904D+02  2.929377980194D+02  2.900751651185D+02  2.872036879815D+02
  2.843237151789D+02  2.814355765656D+02  2.785395961066D+02  2.756361224887D+02
  2.727255424692D+02  2.698083067821D+02  2.668849334868D+02  2.639560193464D+02
  2.610222257331D+02  2.580842719014D+02  2.551429046549D+02  2.521988795694D+02
  2.492529244851D+02  2.463057211902D+02  2.433578757650D+02  2.404099124002D+02
  2.374622594822D+02  2.345152608417D+02  2.315691791261D+02  2.286242226573D+02
  2.256805616143D+02  2.227383642240D+02  2.197978184891D+02  2.168591701945D+02
  2.139227429536D+02  2.109889714073D+02  2.080584138573D+02  2.051317759351D+02
  2.022099121145D+02  1.992938371771D+02  1.963847148685D+02  1.934838563942D+02
  1.905926963337D+02  1.877127789981D+02  1.848457232462D+02  1.819931990378D+02
  1.791568841478D+02  1.763384346276D+02  1.735394378284D+02  1.707613819880D+02
  1.680056117076D+02  1.652733038958D+02  1.625654341701D+02  1.598827689300D+02
  1.572258535637D+02  1.545950319586D+02  1.519904667926D+02  1.494121932596D+02
  1.468601712935D+02  1.443343626770D+02  1.418347910338D+02  1.393616053252D+02
  1.369151031693D+02  1.344957391228D+02  1.321040849760D+02  1.297407812413D+02
  1.274064594950D+02  1.251016815960D+02  1.228268748289D+02  1.205823023253D+02
  1.183680384108D+02  1.161839794026D+02  1.140298532998D+02  1.119052557928D+02
  1.098096755123D+02  1.077425370263D+02  1.057032263386D+02  1.036911293126D+02
  1.017056495523D+02  9.974623748077D+01  9.781239823376D+01  9.590371082855D+01
  9.401982665650D+01  9.216048014820D+01  9.032547979362D+01  8.851471246340D+01
  8.672812923455D+01  8.496574564026D+01  8.322762448888D+01  8.151387408791D+01
  7.982462992160D+01  7.816005250802D+01  7.652030937416D+01  7.490557375895D+01
  7.331600787617D+01  7.175176323889D+01  7.021296578646D+01  6.869971822465D+01
  6.721208725196D+01  6.575010801458D+01  6.431377342110D+01  6.290304061523D+01
  6.151782222055D+01  6.015799463101D+01  5.882339096037D+01  5.751381090719D+01
  5.622901514630D+01  5.496873647128D+01  5.373267527012D+01  5.252051148821D+01
  5.133190059355D+01  5.016648559881D+01  4.902389258934D+01  4.790374175841D+01
  4.680564143415D+01  4.572919718885D+01  4.467400370913D+01  4.363965172468D+01
  4.262571792708D+01  4.163177045914D+01  4.065735737078D+01  3.970201219022D+01
  3.876524184992D+01
N_07 POTENTIAL                      exc: Vosko,Wilk,Nusair      
  1.76095821  6.66250000  1.77099661
   7.00000
   2.05765   0.8007018790   0.8498776285
353
 0.25000000D-01 0.31020338D-03
 2 1
    0  -2.69998930000D+01
    0  -4.29582100000D-01
  2.602658843163D+01  2.602697981822D+01  2.602738073883D+01  2.602781723485D+01
  2.602826967342D+01  2.602873581254D+01  2.602921445315D+01  2.602970599966D+01
  2.603021001788D+01  2.603072721598D+01  2.603125730798D+01  2.603180108657D+01
  2.603235832069D+01  2.603292984269D+01  2.603351545286D+01  2.603411601005D+01
  2.603473133823D+01  2.603536231817D+01  2.603600879476D+01  2.603667166907D+01
  2.603735080600D+01  2.603804712653D+01  2.603876051545D+01  2.603949191377D+01
  2.604024122652D+01  2.604100941516D+01  2.604179640548D+01  2.604260318000D+01
  2.604342968590D+01  2.604427692749D+01  2.604514487409D+01  2.604603455254D+01
  2.604694595512D+01  2.604788013202D+01  2.604883709934D+01  2.604981793149D+01
  2.605082266924D+01  2.605185241213D+01  2.605290722667D+01  2.605398824158D+01
  2.605509593573D+01  2.605623106562D+01  2.605739375185D+01  2.605858517516D+01
  2.605980548451D+01  2.606105588949D+01  2.606233656836D+01  2.606364876052D+01
  2.606499267453D+01  2.606636958059D+01  2.606777971853D+01  2.606922439027D+01
  2.607070386789D+01  2.607221948603D+01  2.607377154993D+01  2.607536142788D+01
  2.607698945921D+01  2.607865704677D+01  2.608036456489D+01  2.608211345184D+01
  2.608390411780D+01  2.608573803727D+01  2.608761565710D+01  2.608953848882D+01
  2.609150701664D+01  2.609352278984D+01  2.609558633067D+01  2.609769922673D+01
  2.609986203892D+01  2.610207639370D+01  2.610434289103D+01  2.610666319666D+01
  2.610903794995D+01  2.611146885619D+01  2.611395659435D+01  2.611650290934D+01
  2.611910851978D+01  2.612177521013D+01  2.612450373846D+01  2.612729592850D+01
  2.613015257736D+01  2.613307554753D+01  2.613606567451D+01  2.613912485874D+01
  2.614225397314D+01  2.614545495500D+01  2.614872871338D+01  2.615207722097D+01
  2.615550142132D+01  2.615900332064D+01  2.616258389492D+01  2.616624518157D+01
  2.616998818649D+01  2.617381497550D+01  2.617772658132D+01  2.618172509484D+01
  2.618581157194D+01  2.618998812461D+01  2.619425582755D+01  2.619861680919D+01
  2.620307215804D+01  2.620762401351D+01  2.621227347206D+01  2.621702267780D+01
  2.622187272841D+01  2.622682576545D+01  2.623188288007D+01  2.623704620304D+01
  2.624231681015D+01  2.624769681194D+01  2.625318725881D+01  2.625879023042D+01
  2.626450674043D+01  2.627033882551D+01  2.627628744981D+01  2.628235459346D+01
  2.628854115667D+01  2.629484904782D+01  2.630127908707D+01  2.630783309399D+01
  2.631451179067D+01  2.632131688889D+01  2.632824899263D+01  2.633530968470D+01
  2.634249942868D+01  2.634981965494D+01  2.635727066199D+01  2.636485370179D+01
  2.637256888043D+01  2.638041724281D+01  2.638839867251D+01  2.639651397575D+01
  2.640476278049D+01  2.641314561955D+01  2.642166182891D+01  2.643031162995D+01
  2.643909402685D+01  2.644800888793D+01  2.645705484210D+01  2.646623135922D+01
  2.647553664553D+01  2.648496972303D+01  2.649452832381D+01  2.650421096834D+01
  2.651401485873D+01  2.652393795588D+01  2.653397687155D+01  2.654412894432D+01
  2.655439013053D+01  2.656475707895D+01  2.657522502050D+01  2.658578984166D+01
  2.659644597293D+01  2.660718846093D+01  2.661801085560D+01  2.662890728101D+01
  2.663987032120D+01  2.665089308976D+01  2.666196711438D+01  2.667308440511D+01
  2.668423533765D+01  2.669541072043D+01  2.670659967663D+01  2.671779171010D+01
  2.672897458625D+01  2.674013639687D+01  2.675126344002D+01  2.676234228386D+01
  2.677335764566D+01  2.678429445482D+01  2.679513573122D+01  2.680586464758D+01
  2.681646240735D+01  2.682691030677D+01  2.683718761252D+01  2.684727362372D+01
  2.685714554977D+01  2.686678057265D+01  2.687615372529D+01  2.688523995464D+01
  2.689401200102D+01  2.690244246248D+01  2.691050167567D+01  2.691815978204D+01
  2.692538461089D+01  2.693214374802D+01  2.693840242169D+01  2.694412557452D+01
  2.694927575303D+01  2.695381518366D+01  2.695770366687D+01  2.696090065809D+01
  2.696336316730D+01  2.696504784605D+01  2.696590889353D+01  2.696590015065D+01
  2.696497301381D+01  2.696307853720D+01  2.696016535546D+01  2.695618179544D+01
  2.695107380893D+01  2.694478709523D+01  2.693726504521D+01  2.692845087599D+01
  2.691828558767D+01  2.690671011133D+01  2.689366327980D+01  2.687908399023D+01
  2.686290919007D+01  2.684507605548D+01  2.682551999360D+01  2.680417683786D+01
  2.678098086759D+01  2.675586702102D+01  2.672876893306D+01  2.669962116659D+01
  2.666835726890D+01  2.663491202169D+01  2.659921951614D+01  2.656121542165D+01
  2.652083507929D+01  2.647801578859D+01  2.643269491861D+01  2.638481221176D+01
  2.633430791096D+01  2.628112507869D+01  2.622520773826D+01  2.616650320550D+01
  2.610496024122D+01  2.604053139230D+01  2.597317115159D+01  2.590283830416D+01
  2.582949408997D+01  2.575310455028D+01  2.567363868744D+01  2.559107080529D+01
  2.550537865958D+01  2.541654578541D+01  2.532455963067D+01  2.522941386254D+01
  2.513110647567D+01  2.502964206888D+01  2.492502991890D+01  2.481728621773D+01
  2.470643210213D+01  2.459249584160D+01  2.447551081327D+01  2.435551763015D+01
  2.423256205076D+01  2.410669703774D+01  2.397798059168D+01  2.384647772881D+01
  2.371225823030D+01  2.357539852969D+01  2.343597936787D+01  2.329408758218D+01
  2.314981365935D+01  2.300325341938D+01  2.285450546071D+01  2.270367273433D+01
  2.255085987780D+01  2.239617467798D+01  2.223972529417D+01  2.208162161154D+01
  2.192197235824D+01  2.176088635723D+01  2.159846954824D+01  2.143482615328D+01
  2.127005562355D+01  2.110425374452D+01  2.093750954096D+01  2.076990636352D+01
  2.060151880433D+01  2.043241383023D+01  2.026264778921D+01  2.009226768855D+01
  1.992130841101D+01  1.974979427991D+01  1.957773665249D+01  1.940513596495D+01
  1.923197992028D+01  1.905824624983D+01  1.888390174110D+01  1.870890595441D+01
  1.853321129790D+01  1.835676784282D+01  1.817952448561D+01  1.800143475286D+01
  1.782245874864D+01  1.764256941971D+01  1.746175451685D+01  1.728002232519D+01
  1.709740248031D+01  1.691394994372D+01  1.672974353269D+01  1.654488723681D+01
  1.635950594017D+01  1.617374404386D+01  1.598775886639D+01  1.580171753241D+01
  1.561578936584D+01  1.543014254315D+01  1.524493697582D+01  1.506032205700D+01
  1.487643107443D+01  1.469338074196D+01  1.451126747950D+01  1.433016875073D+01
  1.415014098282D+01  1.397122231197D+01  1.379343164739D+01  1.361677229485D+01
  1.344123164798D+01  1.326678521647D+01  1.309339653291D+01  1.292102124208D+01
  1.274960694715D+01  1.257909714623D+01  1.240943085840D+01  1.224054629378D+01
  1.207238018313D+01  1.190487113478D+01  1.173795864427D+01  1.157158613215D+01
  1.140569964085D+01  1.124025057006D+01  1.107519408432D+01  1.091049157413D+01
  1.074610880541D+01  1.058201813924D+01  1.041819645674D+01  1.025462717091D+01
  1.009129795966D+01  9.928202600971D+00  9.765338543558D+00  9.602708592284D+00
  9.440318340540D+00  9.278177726544D+00  9.116298344234D+00  8.954694882889D+00
  8.793382324253D+00  8.632377268076D+00  8.471695012777D+00  8.311350758816D+00
  8.151356559710D+00  7.991722385294D+00  7.832452922371D+00  7.673548473638D+00
  7.515001584232D+00  7.356797803993D+00  7.198911967253D+00  7.041308990463D+00
  6.883939822276D+00
Vac0 POTENTIAL                      exc: Vosko,Wilk,Nusair      
  2.31897314  6.66250000  2.29182178
   0.00000
   2.53289   0.8007018790   0.8498776285
353
 0.25000000D-01 0.38184860D-03
 0 1
  7.879439066955D-01  7.879191323397D-01  7.878929128427D-01  7.878854172275D-01
  7.878811319718D-01  7.878793943338D-01  7.878778814159D-01  7.878779194685D-01
  7.878777583241D-01  7.878789490784D-01  7.878798489543D-01  7.878820686007D-01
  7.878840027623D-01  7.878872885790D-01  7.878903419180D-01  7.878948183150D-01
  7.878991509692D-01  7.879050129491D-01  7.879108557957D-01  7.879183724535D-01
  7.879260364279D-01  7.879355652474D-01  7.879454602112D-01  7.879574704645D-01
  7.879701334808D-01  7.879852398940D-01  7.880013749142D-01  7.880203842369D-01
  7.880409166524D-01  7.880648914514D-01  7.880910427028D-01  7.881213886336D-01
  7.881547782499D-01  7.881933634613D-01  7.882361489102D-01  7.882854678582D-01
  7.883405346158D-01  7.884038330099D-01  7.884683366809D-01  7.884957321332D-01
  7.884678244446D-01  7.884421770374D-01  7.884170697959D-01  7.883940233340D-01
  7.883713359243D-01  7.883505445071D-01  7.883299618725D-01  7.883111379143D-01
  7.882923970121D-01  7.882752994445D-01  7.882581789204D-01  7.882426041300D-01
  7.882269163742D-01  7.882126912035D-01  7.881982761349D-01  7.881852523712D-01
  7.881719725674D-01  7.881600226072D-01  7.881477594194D-01  7.881367727926D-01
  7.881254232345D-01  7.881153038176D-01  7.881047780620D-01  7.880954418111D-01
  7.880856611389D-01  7.880770342456D-01  7.880679293788D-01  7.880599467469D-01
  7.880514564617D-01  7.880440604550D-01  7.880361304394D-01  7.880292698326D-01
  7.880218517277D-01  7.880154808309D-01  7.880085314331D-01  7.880026093574D-01
  7.879960899353D-01  7.879905799679D-01  7.879844556964D-01  7.879793247713D-01
  7.879735642342D-01  7.879687824838D-01  7.879633572637D-01  7.879588976284D-01
  7.879537819402D-01  7.879496198357D-01  7.879447902229D-01  7.879409032521D-01
  7.879363383138D-01  7.879327060143D-01  7.879283861752D-01  7.879249898038D-01
  7.879208971036D-01  7.879177194433D-01  7.879138373640D-01  7.879108625547D-01
  7.879071758582D-01  7.879043892485D-01  7.879008838381D-01  7.878982718545D-01
  7.878949346496D-01  7.878924846770D-01  7.878893035020D-01  7.878870037789D-01
  7.878839672622D-01  7.878818067857D-01  7.878789042711D-01  7.878768727091D-01
  7.878740941705D-01  7.878721817851D-01  7.878695177531D-01  7.878677153267D-01
  7.878651568193D-01  7.878634555876D-01  7.878609940434D-01  7.878593856338D-01
  7.878570128530D-01  7.878554892240D-01  7.878531973108D-01  7.878517506977D-01
  7.878495320042D-01  7.878481548642D-01  7.878460019393D-01  7.878446868993D-01
  7.878425924355D-01  7.878413322413D-01  7.878392890247D-01  7.878380764899D-01
  7.878360773491D-01  7.878349053047D-01  7.878329430603D-01  7.878318043026D-01
  7.878298717144D-01  7.878287589537D-01  7.878268486679D-01  7.878257544736D-01
  7.878238589680D-01  7.878227757115D-01  7.878208872379D-01  7.878198070351D-01
  7.878179175575D-01  7.878168322055D-01  7.878149333371D-01  7.878138342484D-01
  7.878119171829D-01  7.878107953135D-01  7.878088507511D-01  7.878076965257D-01
  7.878057145949D-01  7.878045178241D-01  7.878024879954D-01  7.878012377869D-01
  7.877991487810D-01  7.877978334431D-01  7.877956731297D-01  7.877942800661D-01
  7.877920353540D-01  7.877905509488D-01  7.877882076663D-01  7.877866171589D-01
  7.877841599217D-01  7.877824472684D-01  7.877798593362D-01  7.877780070602D-01
  7.877752701779D-01  7.877732592028D-01  7.877703534271D-01  7.877681628947D-01
  7.877650664027D-01  7.877626734727D-01  7.877593623513D-01  7.877567419801D-01
  7.877531899945D-01  7.877503146920D-01  7.877464930297D-01  7.877433325909D-01
  7.877392095804D-01  7.877357307895D-01  7.877312715893D-01  7.877274378935D-01
  7.877226041493D-01  7.877183752984D-01  7.877131247647D-01  7.877084564135D-01
  7.877027425360D-01  7.876975858057D-01  7.876913572598D-01  7.876856582531D-01
  7.876788584351D-01  7.876725577008D-01  7.876651241649D-01  7.876581561074D-01
  7.876500199445D-01  7.876423121703D-01  7.876333973220D-01  7.876248699182D-01
  7.876150924183D-01  7.876056571558D-01  7.875949242925D-01  7.875844837458D-01
  7.875726931362D-01  7.875611397096D-01  7.875481782769D-01  7.875353931299D-01
  7.875211359731D-01  7.875069878320D-01  7.874912969768D-01  7.874756408220D-01
  7.874583638406D-01  7.874410394550D-01  7.874220079405D-01  7.874028383063D-01
  7.873818661869D-01  7.873606557127D-01  7.873375373883D-01  7.873140699505D-01
  7.872885782328D-01  7.872626150100D-01  7.872344988465D-01  7.872057759263D-01
  7.871747578838D-01  7.871429836174D-01  7.871087571006D-01  7.870736091784D-01
  7.870358353556D-01  7.869969575744D-01  7.869552619786D-01  7.869122606687D-01
  7.868662294403D-01  7.868186695146D-01  7.867678452476D-01  7.867152458342D-01
  7.866591229844D-01  7.866009525981D-01  7.865389724056D-01  7.864746436091D-01
  7.864061884844D-01  7.863350519855D-01  7.862594393026D-01  7.861807774269D-01
  7.860972526594D-01  7.860102721319D-01  7.859180012622D-01  7.858218252255D-01
  7.857198863503D-01  7.856135455357D-01  7.855009195811D-01  7.853833425437D-01
  7.852589029951D-01  7.851289053121D-01  7.849914068527D-01  7.848476791729D-01
  7.846957451138D-01  7.845368399359D-01  7.843689483076D-01  7.841932653483D-01
  7.840077335078D-01  7.838135035086D-01  7.836084711028D-01  7.833937379037D-01
  7.831671480077D-01  7.829297487012D-01  7.826793269332D-01  7.824168698846D-01
  7.821401012739D-01  7.818499417743D-01  7.815440451339D-01  7.812232584225D-01
  7.808851579466D-01  7.805305093064D-01  7.801568030821D-01  7.797647146791D-01
  7.793516397598D-01  7.789181538527D-01  7.784615474993D-01  7.779822856000D-01
  7.774775422423D-01  7.769476597516D-01  7.763896831633D-01  7.758038189418D-01
  7.751869690529D-01  7.745391893099D-01  7.738572229961D-01  7.731409587897D-01
  7.723869638789D-01  7.715949414100D-01  7.707612630276D-01  7.698854257802D-01
  7.689635840073D-01  7.679950056252D-01  7.669756032676D-01  7.659043898592D-01
  7.647770089002D-01  7.635921892166D-01  7.623452742549D-01  7.610346758752D-01
  7.596554024961D-01  7.582055117655D-01  7.566796373593D-01  7.550754403268D-01
  7.533871343029D-01  7.516119352753D-01  7.497435849109D-01  7.477787984293D-01
  7.457107856717D-01  7.435356966823D-01  7.412461400527D-01  7.388376257107D-01
  7.363020799504D-01  7.336342847934D-01  7.308253889606D-01  7.278693429974D-01
  7.247564052460D-01  7.214795717056D-01  7.180280758090D-01  7.143938117073D-01
  7.105648263310D-01  7.065317344272D-01  7.022812009714D-01  6.978023458237D-01
  6.930802140284D-01  6.881021673643D-01  6.828513393925D-01  6.773130104164D-01
  6.714680432704D-01  6.652992372307D-01  6.587847394201D-01  6.519043719549D-01
  6.446330124037D-01  6.369468868335D-01  6.288169109065D-01  6.202149393961D-01
  6.111070571150D-01  6.014597727777D-01  5.912332458846D-01  5.803874093555D-01
  5.688751145864D-01  5.566481629095D-01  5.436503461348D-01  5.298233614659D-01
  5.150997188409D-01  4.994085074236D-01  4.826681340110D-01  4.647919019093D-01
  4.456805370919D-01  4.252275319997D-01  4.033114132334D-01  3.798007915861D-01
  3.545463148335D-01  3.273855395419D-01  2.981339890301D-01  2.665903106420D-01
  2.325266098610D-01
Vac0 POTENTIAL                      exc: Vosko,Wilk,Nusair      
  1.76095821  6.66250000  1.77099661
   0.00000
   2.05765   0.8007018790   0.8498776285
353
 0.25000000D-01 0.31020338D-03
 0 1
  5.909184503797D-01  5.908803649067D-01  5.908409194751D-01  5.908289708956D-01
  5.908223344350D-01  5.908183787706D-01  5.908152566674D-01  5.908133007832D-01
  5.908115048452D-01  5.908105262551D-01  5.908095098701D-01  5.908091928117D-01
  5.908087663501D-01  5.908089967989D-01  5.908090951803D-01  5.908098420761D-01
  5.908104594318D-01  5.908117368421D-01  5.908129040975D-01  5.908147579445D-01
  5.908165351091D-01  5.908190392943D-01  5.908215144353D-01  5.908247718995D-01
  5.908280638919D-01  5.908322108550D-01  5.908364750560D-01  5.908416881773D-01
  5.908471251106D-01  5.908536317766D-01  5.908604992038D-01  5.908685916379D-01
  5.908772209507D-01  5.908872752027D-01  5.908980934584D-01  5.909105948742D-01
  5.909241539105D-01  5.909397137970D-01  5.909552550463D-01  5.909607594229D-01
  5.909522701564D-01  5.909446087631D-01  5.909369620953D-01  5.909300833992D-01
  5.909231650380D-01  5.909169651478D-01  5.909106804427D-01  5.909050729388D-01
  5.908993428263D-01  5.908942552349D-01  5.908890131521D-01  5.908843842370D-01
  5.908795737479D-01  5.908753514008D-01  5.908709243281D-01  5.908670639397D-01
  5.908629789061D-01  5.908594420457D-01  5.908556633133D-01  5.908524166994D-01
  5.908489132332D-01  5.908459278918D-01  5.908426726090D-01  5.908399231941D-01
  5.908368923486D-01  5.908343565881D-01  5.908315292696D-01  5.908291875098D-01
  5.908265452238D-01  5.908243800508D-01  5.908219063822D-01  5.908199023035D-01
  5.908175826232D-01  5.908157258102D-01  5.908135470322D-01  5.908118250947D-01
  5.908097754770D-01  5.908081772754D-01  5.908062462415D-01  5.908047617280D-01
  5.908029397241D-01  5.908015598051D-01  5.907998381700D-01  5.907985545901D-01
  5.907969254474D-01  5.907957306862D-01  5.907941868505D-01  5.907930740354D-01
  5.907916089297D-01  5.907905717615D-01  5.907891793441D-01  5.907882120268D-01
  5.907868867330D-01  5.907859839148D-01  5.907847205952D-01  5.907838773189D-01
  5.907826711951D-01  5.907818828492D-01  5.907807294668D-01  5.907799917449D-01
  5.907788869355D-01  5.907781957981D-01  5.907771356430D-01  5.907764872836D-01
  5.907754680800D-01  5.907748588939D-01  5.907738771276D-01  5.907733036819D-01
  5.907723559970D-01  5.907718150060D-01  5.907708981789D-01  5.907703864766D-01
  5.907694973930D-01  5.907690119103D-01  5.907681475399D-01  5.907676852804D-01
  5.907668426554D-01  5.907664006734D-01  5.907655768656D-01  5.907651522440D-01
  5.907643443422D-01  5.907639341709D-01  5.907631392600D-01  5.907627406134D-01
  5.907619557506D-01  5.907615656641D-01  5.907607878585D-01  5.907604033069D-01
  5.907596294931D-01  5.907592473661D-01  5.907584743820D-01  5.907580914590D-01
  5.907573160188D-01  5.907569289425D-01  5.907561476103D-01  5.907557528585D-01
  5.907549620194D-01  5.907545558761D-01  5.907537517043D-01  5.907533302266D-01
  5.907525086531D-01  5.907520676370D-01  5.907512243138D-01  5.907507592568D-01
  5.907498895170D-01  5.907493955776D-01  5.907484943939D-01  5.907479663472D-01
  5.907470282851D-01  5.907464604749D-01  5.907454796429D-01  5.907448659283D-01
  5.907438359220D-01  5.907431696202D-01  5.907420834623D-01  5.907413572846D-01
  5.907402073580D-01  5.907394133406D-01  5.907381913154D-01  5.907373207426D-01
  5.907360174959D-01  5.907350608154D-01  5.907336663429D-01  5.907326130734D-01
  5.907311163913D-01  5.907299550203D-01  5.907283440585D-01  5.907270619287D-01
  5.907253234122D-01  5.907239065979D-01  5.907220259157D-01  5.907204590850D-01
  5.907184201465D-01  5.907166864101D-01  5.907144714855D-01  5.907125522292D-01
  5.907101417740D-01  5.907080164744D-01  5.907053889352D-01  5.907030349556D-01
  5.907001665560D-01  5.906975589211D-01  5.906944234249D-01  5.906915345724D-01
  5.906881030225D-01  5.906849025281D-01  5.906811429573D-01  5.906775972312D-01
  5.906734743434D-01  5.906695462951D-01  5.906650211126D-01  5.906606697800D-01
  5.906556992541D-01  5.906508793944D-01  5.906454159749D-01  5.906400776117D-01
  5.906340687713D-01  5.906281566950D-01  5.906215444035D-01  5.906149976181D-01
  5.906077177615D-01  5.906004688746D-01  5.905924506129D-01  5.905844251598D-01
  5.905755902176D-01  5.905667059158D-01  5.905569677976D-01  5.905471337221D-01
  5.905363968454D-01  5.905255125169D-01  5.905136712538D-01  5.905016256314D-01
  5.904885632496D-01  5.904752336167D-01  5.904608211079D-01  5.904460718414D-01
  5.904301666273D-01  5.904138478359D-01  5.903962923369D-01  5.903782383571D-01
  5.903588584098D-01  5.903388861417D-01  5.903174892502D-01  5.902953963187D-01
  5.902717697202D-01  5.902473324408D-01  5.902212409675D-01  5.901942120978D-01
  5.901653958119D-01  5.901355020655D-01  5.901036736446D-01  5.900706129407D-01
  5.900354547859D-01  5.899988932086D-01  5.899600542465D-01  5.899196226811D-01
  5.898767148263D-01  5.898320052391D-01  5.897845994814D-01  5.897351608043D-01
  5.896827828800D-01  5.896281164573D-01  5.895702420601D-01  5.895097966109D-01
  5.894458460927D-01  5.893790121367D-01  5.893083446434D-01  5.892344483312D-01
  5.891563553120D-01  5.890746515963D-01  5.889883496187D-01  5.888980146943D-01
  5.888026374892D-01  5.887027604222D-01  5.885973500745D-01  5.884869235311D-01
  5.883704207224D-01  5.882483306992D-01  5.881195638978D-01  5.879845783420D-01
  5.878422518234D-01  5.876930080210D-01  5.875356885882D-01  5.873706791807D-01
  5.871967814392D-01  5.870143389154D-01  5.868221089385D-01  5.866203884280D-01
  5.864078856304D-01  5.861848458052D-01  5.859499228175D-01  5.857033046826D-01
  5.854435849971D-01  5.851708883254D-01  5.848837414504D-01  5.845821985833D-01
  5.842647124124D-01  5.839312591139D-01  5.835802091754D-01  5.832114521830D-01
  5.828232673913D-01  5.824154482598D-01  5.819861727371D-01  5.815351275147D-01
  5.810603779899D-01  5.805614921996D-01  5.800364104204D-01  5.794845687410D-01
  5.789037682508D-01  5.782932982018D-01  5.776508047303D-01  5.769754135524D-01
  5.762645981533D-01  5.755173019493D-01  5.747308058705D-01  5.739038499105D-01
  5.730335000137D-01  5.721182689207D-01  5.711549822552D-01  5.701418985555D-01
  5.690755744358D-01  5.679539836738D-01  5.667733812970D-01  5.655314215686D-01
  5.642240208203D-01  5.628484741451D-01  5.614003167603D-01  5.598764391759D-01
  5.582719468231D-01  5.565832734142D-01  5.548050385142D-01  5.529331587425D-01
  5.509617028881D-01  5.488860005211D-01  5.466994941579D-01  5.443968447422D-01
  5.419707802454D-01  5.394151973422D-01  5.367220056754D-01  5.338842248761D-01
  5.308928235228D-01  5.277398104330D-01  5.244150670894D-01  5.209094318399D-01
  5.172115242334D-01  5.133108203895D-01  5.091944672580D-01  5.048503469350D-01
  5.002638783015D-01  4.954210674306D-01  4.903052933347D-01  4.849003407821D-01
  4.791871659346D-01  4.731469068082D-01  4.667576233381D-01  4.599972792981D-01
  4.528404496921D-01  4.452612660734D-01  4.372300820073D-01  4.287163712604D-01
  4.196853392372D-01  4.101007602585D-01  3.999215191245D-01  3.891043694581D-01
  3.776003846615D-01  3.653576132649D-01  3.523174144488D-01  3.384169761311D-01
  3.235854971676D-01  3.077466535156D-01  2.908141633698D-01  2.726945960317D-01
  2.532823284308D-01
