In49 POTENTIAL                      exc: Vosko,Wilk,Nusair      
  2.37798540  6.82500000  2.34921590
  49.00000
   2.59633   0.7247599569   0.8163262739
353
 0.25000000D-01 0.39141124D-03
 9 1
    0  -1.96656160000D+03
    0  -2.87428550000D+02
    0  -5.37136240000D+01
    0  -7.39818510000D+00
    1  -2.68528840000D+02
    1  -4.59639090000D+01
    1  -4.86454470000D+00
    2  -3.15522220000D+01
    2  -7.38539920000D-01
  4.724081912505D+02  4.724359153333D+02  4.724642695763D+02  4.724932598155D+02
  4.725228950546D+02  4.725531894215D+02  4.725841528415D+02  4.726157995372D+02
  4.726481396511D+02  4.726811875237D+02  4.727149534398D+02  4.727494518218D+02
  4.727846930415D+02  4.728206915602D+02  4.728574577816D+02  4.728950061545D+02
  4.729333470540D+02  4.729724948565D+02  4.730124598403D+02  4.730532562403D+02
  4.730948941620D+02  4.731373876193D+02  4.731807464591D+02  4.732249843843D+02
  4.732701108862D+02  4.733161392550D+02  4.733630785180D+02  4.734109414382D+02
  4.734597364569D+02  4.735094756815D+02  4.735601668311D+02  4.736118212141D+02
  4.736644456752D+02  4.737180505642D+02  4.737726416821D+02  4.738282282421D+02
  4.738848148142D+02  4.739424092775D+02  4.740010147634D+02  4.740606375988D+02
  4.741212792552D+02  4.741829442576D+02  4.742456321481D+02  4.743093454023D+02
  4.743740813629D+02  4.744398401561D+02  4.745066166202D+02  4.745744082126D+02
  4.746432069333D+02  4.747130072218D+02  4.747837978749D+02  4.748555699336D+02
  4.749283085940D+02  4.750020010843D+02  4.750766285680D+02  4.751521740102D+02
  4.752286140737D+02  4.753059269737D+02  4.753840843654D+02  4.754630591880D+02
  4.755428175431D+02  4.756233265272D+02  4.757045461008D+02  4.757864369093D+02
  4.758689521419D+02  4.759520453414D+02  4.760356622527D+02  4.761197486205D+02
  4.762042420281D+02  4.762890796828D+02  4.763741902445D+02  4.764595016000D+02
  4.765449326809D+02  4.766304012263D+02  4.767158155920D+02  4.768010825015D+02
  4.768860988456D+02  4.769707594243D+02  4.770549487375D+02  4.771385487175D+02
  4.772214305126D+02  4.773034622117D+02  4.773845006216D+02  4.774643989861D+02
  4.775429987587D+02  4.776201373171D+02  4.776956397344D+02  4.777693264918D+02
  4.778410052506D+02  4.779104785653D+02  4.779775356602D+02  4.780419601472D+02
  4.781035218091D+02  4.781619843269D+02  4.782170970743D+02  4.782686028587D+02
  4.783162297327D+02  4.783596987531D+02  4.783987158148D+02  4.784329794348D+02
  4.784621726148D+02  4.784859706559D+02  4.785040330568D+02  4.785160113679D+02
  4.785215411318D+02  4.785202497846D+02  4.785117486476D+02  4.784956408836D+02
  4.784715135499D+02  4.784389456179D+02  4.783975000964D+02  4.783467321251D+02
  4.782861811769D+02  4.782153792360D+02  4.781338430885D+02  4.780410825947D+02
  4.779365930787D+02  4.778198637036D+02  4.776903699698D+02  4.775475822026D+02
  4.773909581670D+02  4.772199516762D+02  4.770340053308D+02  4.768325592536D+02
  4.766150439598D+02  4.763808892230D+02  4.761295170785D+02  4.758603508233D+02
  4.755728081528D+02  4.752663102929D+02  4.749402752670D+02  4.745941271541D+02
  4.742272894783D+02  4.738391945826D+02  4.734292771263D+02  4.729969835587D+02
  4.725417657044D+02  4.720630903130D+02  4.715604327057D+02  4.710332863697D+02
  4.704811566312D+02  4.699035702550D+02  4.693000691002D+02  4.686702196764D+02
  4.680136067298D+02  4.673298426989D+02  4.666185611682D+02  4.658794261582D+02
  4.651121253755D+02  4.643163792619D+02  4.634919339647D+02  4.626385700629D+02
  4.617560951728D+02  4.608443522678D+02  4.599032118331D+02  4.589325796924D+02
  4.579323886297D+02  4.569026056424D+02  4.558432229550D+02  4.547542646333D+02
  4.536357769317D+02  4.524878342313D+02  4.513105286930D+02  4.501039755053D+02
  4.488683018743D+02  4.476036516330D+02  4.463101736481D+02  4.449880259194D+02
  4.436373635763D+02  4.422583426926D+02  4.408511081558D+02  4.394157975431D+02
  4.379525292739D+02  4.364614070264D+02  4.349425087170D+02  4.333958920611D+02
  4.318215850332D+02  4.302195932554D+02  4.285898926288D+02  4.269324392105D+02
  4.252471646039D+02  4.235339887848D+02  4.217928185222D+02  4.200235631717D+02
  4.182261358248D+02  4.164004713896D+02  4.145465293700D+02  4.126643127057D+02
  4.107538702445D+02  4.088153140647D+02  4.068488191436D+02  4.048546366087D+02
  4.028330881922D+02  4.007845733624D+02  3.987095570942D+02  3.966085701669D+02
  3.944821904134D+02  3.923310372671D+02  3.901557484415D+02  3.879569714136D+02
  3.857353387501D+02  3.834914600195D+02  3.812258992685D+02  3.789391706240D+02
  3.766317207276D+02  3.743039302308D+02  3.719561026964D+02  3.695884727746D+02
  3.672012016676D+02  3.647943914630D+02  3.623680861112D+02  3.599222904470D+02
  3.574569749070D+02  3.549720972634D+02  3.524676089922D+02  3.499434775996D+02
  3.473996925520D+02  3.448362861872D+02  3.422533373263D+02  3.396509890351D+02
  3.370294483748D+02  3.343889996923D+02  3.317299993975D+02  3.290528839337D+02
  3.263581590275D+02  3.236464020890D+02  3.209182460317D+02  3.181743765820D+02
  3.154155115715D+02  3.126423944873D+02  3.098557710802D+02  3.070563815326D+02
  3.042449372016D+02  3.014221147257D+02  2.985885366418D+02  2.957447713828D+02
  2.928913217302D+02  2.900286343231D+02  2.871570987782D+02  2.842770682304D+02
  2.813888687794D+02  2.784928283868D+02  2.755892913798D+02  2.726786479371D+02
  2.697613439588D+02  2.668379006176D+02  2.639089097500D+02  2.609750359880D+02
  2.580369940360D+02  2.550955345225D+02  2.521514091580D+02  2.492053503292D+02
  2.462580366312D+02  2.433100792357D+02  2.403619995024D+02  2.374142310543D+02
  2.344671148108D+02  2.315209183649D+02  2.285758466546D+02  2.256320741926D+02
  2.226897651180D+02  2.197491110185D+02  2.168103528445D+02  2.138738170911D+02
  2.109399329401D+02  2.080092610582D+02  2.050825012316D+02  2.021605100599D+02
  1.992442963971D+02  1.963350261943D+02  1.934340049708D+02  1.905426699094D+02
  1.876625601803D+02  1.847952979242D+02  1.819425487546D+02  1.791059946175D+02
  1.762872881744D+02  1.734880219400D+02  1.707096817525D+02  1.679536183192D+02
  1.652210069881D+02  1.625128301536D+02  1.598298530818D+02  1.571726280408D+02
  1.545414974874D+02  1.519366302242D+02  1.493580587899D+02  1.468057476117D+02
  1.442796539345D+02  1.417798039968D+02  1.393063406644D+02  1.368595632403D+02
  1.344399200877D+02  1.320479854461D+02  1.296843950923D+02  1.273497848917D+02
  1.250447138257D+02  1.227696150323D+02  1.205247498368D+02  1.183101989277D+02
  1.161258568003D+02  1.139714573798D+02  1.118465938053D+02  1.097507597377D+02
  1.076833762371D+02  1.056438334033D+02  1.036315127362D+02  1.016458211972D+02
  9.968620424688D+01  9.775216992852D+01  9.584329199979D+01  9.395922461266D+01
  9.209969693666D+01  9.026452035839D+01  8.845357675402D+01  8.666682048491D+01
  8.490426259225D+01  8.316596977717D+01  8.145204656498D+01  7.976263313650D+01
  7.809788712330D+01  7.645798173069D+01  7.484308837913D+01  7.325337611005D+01
  7.168899585010D+01  7.015008167509D+01  6.863673708981D+01  6.714903838059D+01
  6.568702300305D+01  6.425069500101D+01  6.284001539022D+01  6.145490946447D+01
  6.009525895035D+01  5.876091094550D+01  5.745167157109D+01  5.616731625262D+01
  5.490758455860D+01  5.367219147321D+01  5.246082300585D+01  5.127314794537D+01
  5.010881361044D+01  4.896745732634D+01  4.784870145200D+01  4.675216367253D+01
  4.567745045559D+01  4.462416549521D+01  4.359190123312D+01  4.258024545477D+01
  4.158877125011D+01  4.061704254091D+01  3.966460295393D+01  3.873098158405D+01
  3.781568150588D+01
N_07 POTENTIAL                      exc: Vosko,Wilk,Nusair      
  1.80145647  6.82500000  1.81203139
   7.00000
   2.10533   0.7247599569   0.8163262739
353
 0.25000000D-01 0.31739093D-03
 2 1
    0  -2.69998930000D+01
    0  -4.29582100000D-01
  2.594276474042D+01  2.594316579489D+01  2.594357664662D+01  2.594402347929D+01
  2.594448657263D+01  2.594496362069D+01  2.594545347149D+01  2.594595648521D+01
  2.594647228050D+01  2.594700152367D+01  2.594754398287D+01  2.594810040976D+01
  2.594867062799D+01  2.594925542939D+01  2.594985466937D+01  2.595046916667D+01
  2.595109880076D+01  2.595174441270D+01  2.595240590324D+01  2.595308413409D+01
  2.595377902640D+01  2.595449146214D+01  2.595522138276D+01  2.595596969062D+01
  2.595673634778D+01  2.595752227747D+01  2.595832746287D+01  2.595915284866D+01
  2.595999843985D+01  2.596086520330D+01  2.596175316654D+01  2.596266331940D+01
  2.596359571280D+01  2.596455136033D+01  2.596553033713D+01  2.596653368147D+01
  2.596756149361D+01  2.596861483735D+01  2.596969383914D+01  2.597079959189D+01
  2.597193263743D+01  2.597309369539D+01  2.597428294722D+01  2.597550153931D+01
  2.597674968190D+01  2.597802855067D+01  2.597933838565D+01  2.598068039280D+01
  2.598205484289D+01  2.598346297312D+01  2.598490508600D+01  2.598638245091D+01
  2.598789540304D+01  2.598944524494D+01  2.599103234541D+01  2.599265804106D+01
  2.599432273522D+01  2.599602779948D+01  2.599777367258D+01  2.599956176192D+01
  2.600139254247D+01  2.600326745825D+01  2.600518702126D+01  2.600715271287D+01
  2.600916508279D+01  2.601122565043D+01  2.601333500383D+01  2.601549470102D+01
  2.601770536888D+01  2.601996860452D+01  2.602228507409D+01  2.602465641412D+01
  2.602708333028D+01  2.602956749873D+01  2.603210966478D+01  2.603471154423D+01
  2.603737392198D+01  2.604009855329D+01  2.604288626236D+01  2.604573884353D+01
  2.604865715979D+01  2.605164304391D+01  2.605469739687D+01  2.605782208893D+01
  2.606101805797D+01  2.606428721047D+01  2.606763051977D+01  2.607104992693D+01
  2.607454643890D+01  2.607812202927D+01  2.608177773633D+01  2.608551556365D+01
  2.608933657808D+01  2.609324281017D+01  2.609723535197D+01  2.610131625733D+01
  2.610548663960D+01  2.610974857166D+01  2.611410318346D+01  2.611855256193D+01
  2.612309784822D+01  2.612774113746D+01  2.613248357578D+01  2.613732725978D+01
  2.614227333338D+01  2.614732388695D+01  2.615248005396D+01  2.615774390979D+01
  2.616311656806D+01  2.616860007919D+01  2.617419552632D+01  2.617990492361D+01
  2.618572931172D+01  2.619167065576D+01  2.619772994044D+01  2.620390906751D+01
  2.621020895050D+01  2.621663141178D+01  2.622317727674D+01  2.622984827041D+01
  2.623664511112D+01  2.624356940658D+01  2.625062174700D+01  2.625780360055D+01
  2.626511540594D+01  2.627255846720D+01  2.628013304566D+01  2.628784025403D+01
  2.629568014764D+01  2.630365361788D+01  2.631176048262D+01  2.632000137891D+01
  2.632837585257D+01  2.633688425005D+01  2.634552580719D+01  2.635430054017D+01
  2.636320733337D+01  2.637224582936D+01  2.638141451578D+01  2.639071261433D+01
  2.640013816667D+01  2.640968992229D+01  2.641936542336D+01  2.642916289150D+01
  2.643907931147D+01  2.644911231681D+01  2.645925827234D+01  2.646951415860D+01
  2.647987565311D+01  2.649033901358D+01  2.650089915796D+01  2.651155154630D+01
  2.652229025955D+01  2.653310988018D+01  2.654400356960D+01  2.655496494752D+01
  2.656598616810D+01  2.657705979798D+01  2.658817689113D+01  2.659932886571D+01
  2.661050557761D+01  2.662169719605D+01  2.663289227605D+01  2.664407963281D+01
  2.665524641312D+01  2.666637996870D+01  2.667746592664D+01  2.668849006186D+01
  2.669943636670D+01  2.671028892272D+01  2.672102996965D+01  2.673164177672D+01
  2.674210471124D+01  2.675239910971D+01  2.676250334641D+01  2.677239570455D+01
  2.678205244517D+01  2.679144967891D+01  2.680056143557D+01  2.680936153686D+01
  2.681782166720D+01  2.682591324803D+01  2.683360551041D+01  2.684086737142D+01
  2.684766550929D+01  2.685396624261D+01  2.685973360865D+01  2.686493124624D+01
  2.686952047809D+01  2.687346219815D+01  2.687671495895D+01  2.687923686437D+01
  2.688098366291D+01  2.688191064698D+01  2.688197075327D+01  2.688111646959D+01
  2.687929794345D+01  2.687646489774D+01  2.687256474876D+01  2.686754453191D+01
  2.686134903045D+01  2.685392271256D+01  2.684520787208D+01  2.683514657825D+01
  2.682367882974D+01  2.681074451834D+01  2.679628159756D+01  2.678022806152D+01
  2.676252012928D+01  2.674309424008D+01  2.672188525454D+01  2.669882846712D+01
  2.667385782514D+01  2.664690795929D+01  2.661791242101D+01  2.658680573166D+01
  2.655352163858D+01  2.651799518301D+01  2.648016097481D+01  2.643995527886D+01
  2.639731430796D+01  2.635217632683D+01  2.630447996212D+01  2.625416632270D+01
  2.620117732490D+01  2.614545782709D+01  2.608695396776D+01  2.602561531139D+01
  2.596139319610D+01  2.589424288719D+01  2.582412193020D+01  2.575099230746D+01
  2.567481879149D+01  2.559557109896D+01  2.551322223850D+01  2.542775065550D+01
  2.533913856725D+01  2.524737409123D+01  2.515244955958D+01  2.505436362259D+01
  2.495311953370D+01  2.484872721893D+01  2.474120152307D+01  2.463056423520D+01
  2.451684228590D+01  2.440006971868D+01  2.428028582782D+01  2.415753706496D+01
  2.403187510781D+01  2.390335869118D+01  2.377205159523D+01  2.363802439234D+01
  2.350135234539D+01  2.336211706058D+01  2.322040428764D+01  2.307630547079D+01
  2.292991544388D+01  2.278133387360D+01  2.263066284478D+01  2.247800819242D+01
  2.232347697528D+01  2.216717869666D+01  2.200922266816D+01  2.184971912362D+01
  2.168877648035D+01  2.152650235668D+01  2.136300074524D+01  2.119837295341D+01
  2.103271471375D+01  2.086611707952D+01  2.069866351281D+01  2.053043078614D+01
  2.036148611166D+01  2.019188812719D+01  2.002168416256D+01  1.985091142649D+01
  1.967959454981D+01  1.950774713820D+01  1.933536978350D+01  1.916245219871D+01
  1.898897193423D+01  1.881489734341D+01  1.864018724792D+01  1.846479495050D+01
  1.828866900707D+01  1.811175834539D+01  1.793401405831D+01  1.775539535286D+01
  1.757587186175D+01  1.739542967462D+01  1.721407318726D+01  1.703183005655D+01
  1.684875135066D+01  1.666491425145D+01  1.648041954906D+01  1.629539150734D+01
  1.610997260302D+01  1.592432098360D+01  1.573860337289D+01  1.555299142057D+01
  1.536765428152D+01  1.518275538375D+01  1.499844605443D+01  1.481486379713D+01
  1.463212770403D+01  1.445033861958D+01  1.426957639009D+01  1.408990170491D+01
  1.391135479292D+01  1.373395844571D+01  1.355771762512D+01  1.338262314194D+01
  1.320865169045D+01  1.303576975983D+01  1.286393374206D+01  1.269309379115D+01
  1.252319378324D+01  1.235417495837D+01  1.218597561470D+01  1.201853445326D+01
  1.185178995735D+01  1.168568341531D+01  1.152015797830D+01  1.135516136783D+01
  1.119064462873D+01  1.102656454521D+01  1.086288211787D+01  1.069956472033D+01
  1.053658433418D+01  1.037391948118D+01  1.021155325113D+01  1.004947504415D+01
  9.887678425128D+00  9.726162707763D+00  9.564930665436D+00  9.403989984444D+00
  9.243350855582D+00  9.083027317500D+00  8.923034746142D+00  8.763391101014D+00
  8.604114320659D+00  8.445223474959D+00  8.286736064584D+00  8.128669071911D+00
  7.971036151899D+00  7.813848564191D+00  7.657112234755D+00  7.500828544590D+00
  7.344991236871D+00  7.189587079917D+00  7.034592464946D+00  6.879974079604D+00
  6.725685202312D+00
Vac0 POTENTIAL                      exc: Vosko,Wilk,Nusair      
  2.37798540  6.82500000  2.34921590
   0.00000
   2.59633   0.7247599569   0.8163262739
353
 0.25000000D-01 0.39141124D-03
 0 1
  7.465635905088D-01  7.465406902692D-01  7.465163697958D-01  7.465094782870D-01
  7.465054930782D-01  7.465039628608D-01  7.465025722325D-01  7.465027136629D-01
  7.465026028997D-01  7.465038410719D-01  7.465047436977D-01  7.465069671038D-01
  7.465088616584D-01  7.465121083696D-01  7.465150771523D-01  7.465194660455D-01
  7.465236610572D-01  7.465293763652D-01  7.465350149027D-01  7.465423091309D-01
  7.465496821038D-01  7.465588888058D-01  7.465683776859D-01  7.465799325475D-01
  7.465920347472D-01  7.466065057728D-01  7.466218702484D-01  7.466399994815D-01
  7.466594755292D-01  7.466822360353D-01  7.467069398056D-01  7.467356133765D-01
  7.467670186538D-01  7.468033018812D-01  7.468433641004D-01  7.468895134473D-01
  7.469408378476D-01  7.469997790453D-01  7.470596940188D-01  7.470844987781D-01
  7.470574016627D-01  7.470325437581D-01  7.470081635478D-01  7.469858289834D-01
  7.469637964014D-01  7.469436495891D-01  7.469236589625D-01  7.469054208867D-01
  7.468872170154D-01  7.468706537912D-01  7.468540219279D-01  7.468389360196D-01
  7.468236941429D-01  7.468099175550D-01  7.467959103679D-01  7.467832993102D-01
  7.467703934848D-01  7.467588241651D-01  7.467469045959D-01  7.467362698426D-01
  7.467252366190D-01  7.467154431764D-01  7.467052091528D-01  7.466961754904D-01
  7.466866643027D-01  7.466783188146D-01  7.466694632528D-01  7.466617427919D-01
  7.466534834631D-01  7.466463321137D-01  7.466386163303D-01  7.466319844018D-01
  7.466247652531D-01  7.466186084228D-01  7.466118439982D-01  7.466061226000D-01
  7.465997753300D-01  7.465944537532D-01  7.465884898533D-01  7.465835360256D-01
  7.465779250249D-01  7.465733099729D-01  7.465680243070D-01  7.465637217842D-01
  7.465587364440D-01  7.465547226078D-01  7.465500148433D-01  7.465462679703D-01
  7.465418170264D-01  7.465383172739D-01  7.465341041659D-01  7.465308333572D-01
  7.465268406708D-01  7.465237821112D-01  7.465199938301D-01  7.465171321417D-01
  7.465135334926D-01  7.465108544732D-01  7.465074317906D-01  7.465049222825D-01
  7.465016628884D-01  7.464993106653D-01  7.464962027594D-01  7.464939964248D-01
  7.464910289916D-01  7.464889578851D-01  7.464861206003D-01  7.464841747156D-01
  7.464814578698D-01  7.464796277777D-01  7.464770222039D-01  7.464752989821D-01
  7.464727959870D-01  7.464711711544D-01  7.464687624552D-01  7.464672279134D-01
  7.464649055806D-01  7.464634535553D-01  7.464612099568D-01  7.464598329444D-01
  7.464576606921D-01  7.464563514076D-01  7.464542433067D-01  7.464529946328D-01
  7.464509436321D-01  7.464497485713D-01  7.464477477139D-01  7.464465993380D-01
  7.464446417128D-01  7.464435331155D-01  7.464416118080D-01  7.464405360547D-01
  7.464386440972D-01  7.464375941742D-01  7.464357244955D-01  7.464346932596D-01
  7.464328386301D-01  7.464318187532D-01  7.464299717321D-01  7.464289556451D-01
  7.464271085205D-01  7.464260883538D-01  7.464242330820D-01  7.464232006019D-01
  7.464213287420D-01  7.464202752824D-01  7.464183779260D-01  7.464172943168D-01
  7.464153620120D-01  7.464142384997D-01  7.464122611702D-01  7.464110873333D-01
  7.464090541895D-01  7.464078188464D-01  7.464057182895D-01  7.464044093978D-01
  7.464022289145D-01  7.464008334617D-01  7.463985595099D-01  7.463970633932D-01
  7.463946812770D-01  7.463930691722D-01  7.463905629033D-01  7.463888181208D-01
  7.463861702685D-01  7.463842745950D-01  7.463814661200D-01  7.463793996448D-01
  7.463764097169D-01  7.463741506400D-01  7.463709564373D-01  7.463684808595D-01
  7.463650573470D-01  7.463623390370D-01  7.463586587234D-01  7.463556688624D-01
  7.463517015310D-01  7.463484084303D-01  7.463441208425D-01  7.463404896324D-01
  7.463358452013D-01  7.463318374874D-01  7.463267959165D-01  7.463223694005D-01
  7.463168862853D-01  7.463119943469D-01  7.463060207357D-01  7.463006119698D-01
  7.462940938771D-01  7.462881115841D-01  7.462809894549D-01  7.462743710766D-01
  7.462665791937D-01  7.462592556905D-01  7.462507215202D-01  7.462426166835D-01
  7.462332601524D-01  7.462242898443D-01  7.462140225405D-01  7.462040938547D-01
  7.461928181452D-01  7.461818284784D-01  7.461694365339D-01  7.461572725612D-01
  7.461436452780D-01  7.461301818197D-01  7.461151876292D-01  7.461002863988D-01
  7.460837799510D-01  7.460672881717D-01  7.460491088807D-01  7.460308577559D-01
  7.460108281924D-01  7.459906312159D-01  7.459685553300D-01  7.459462064181D-01
  7.459218675760D-01  7.458971390024D-01  7.458702978155D-01  7.458429379296D-01
  7.458133298552D-01  7.457830605597D-01  7.457503932489D-01  7.457169072111D-01
  7.456808575772D-01  7.456438151467D-01  7.456040261247D-01  7.455630519265D-01
  7.455191288901D-01  7.454738080573D-01  7.454253148584D-01  7.453751888681D-01
  7.453216434584D-01  7.452662055273D-01  7.452070751171D-01  7.451457651114D-01
  7.450804608164D-01  7.450126596232D-01  7.449405305466D-01  7.448655538499D-01
  7.447858805372D-01  7.447029719359D-01  7.446149591376D-01  7.445232825342D-01
  7.444260512017D-01  7.443246823845D-01  7.442172608168D-01  7.441051781492D-01
  7.439864922006D-01  7.438625663218D-01  7.437314285694D-01  7.435944110001D-01
  7.434495087587D-01  7.432980192944D-01  7.431379013549D-01  7.429704141157D-01
  7.427934760695D-01  7.426083040601D-01  7.424127720550D-01  7.422080500739D-01
  7.419919628316D-01  7.417656285490D-01  7.415268174526D-01  7.412765904551D-01
  7.410126574953D-01  7.407360160742D-01  7.404443094170D-01  7.401384648485D-01
  7.398160517577D-01  7.394779197941D-01  7.391215566128D-01  7.387477258705D-01
  7.383538247264D-01  7.379405216147D-01  7.375051134732D-01  7.370481632653D-01
  7.365668569049D-01  7.360616404981D-01  7.355295769270D-01  7.349709827778D-01
  7.343827845418D-01  7.337651551902D-01  7.331148699449D-01  7.324319424547D-01
  7.317129800803D-01  7.309578196194D-01  7.301628820423D-01  7.293278077033D-01
  7.284488104520D-01  7.275253122585D-01  7.265532966114D-01  7.255319424695D-01
  7.244569768424D-01  7.233273079630D-01  7.221383769246D-01  7.208887899480D-01
  7.195736689213D-01  7.181912826072D-01  7.167363958997D-01  7.152068997786D-01
  7.135971590553D-01  7.119046408365D-01  7.101232604750D-01  7.082500082449D-01
  7.062782931448D-01  7.042045674092D-01  7.020216677211D-01  6.997254370862D-01
  6.973080628974D-01  6.947646955719D-01  6.920867827617D-01  6.892686839902D-01
  6.863010001166D-01  6.831771829985D-01  6.798868590756D-01  6.764224328187D-01
  6.727724029893D-01  6.689279582911D-01  6.648762844682D-01  6.606071501340D-01
  6.561062023656D-01  6.513615401203D-01  6.463569953332D-01  6.410786906038D-01
  6.355083019711D-01  6.296295966115D-01  6.234216723870D-01  6.168654700836D-01
  6.099369834316D-01  6.026137388370D-01  5.948679677648D-01  5.866730448691D-01
  5.779966122844D-01  5.688069644042D-01  5.590661105895D-01  5.487360914166D-01
  5.377719624055D-01  5.261280221695D-01  5.137506948070D-01  5.005846448550D-01
  4.865655298200D-01  4.716259700730D-01  4.556881355770D-01  4.386695310130D-01
  4.204753724476D-01  4.010041388279D-01  3.801396895704D-01  3.577565213485D-01
  3.337115658324D-01  3.078492393148D-01  2.799924029774D-01  2.499475874103D-01
  2.174952525397D-01
Vac0 POTENTIAL                      exc: Vosko,Wilk,Nusair      
  1.80145647  6.82500000  1.81203139
   0.00000
   2.10533   0.7247599569   0.8163262739
353
 0.25000000D-01 0.31739093D-03
 0 1
  5.566128427938D-01  5.565770485324D-01  5.565399714550D-01  5.565287433464D-01
  5.565225021378D-01  5.565187841067D-01  5.565158439213D-01  5.565140032166D-01
  5.565123071386D-01  5.565113824499D-01  5.565104161728D-01  5.565101100572D-01
  5.565096945442D-01  5.565098988473D-01  5.565099718120D-01  5.565106559271D-01
  5.565112102690D-01  5.565123855801D-01  5.565134481130D-01  5.565151551768D-01
  5.565167793083D-01  5.565190840717D-01  5.565213484580D-01  5.565243428587D-01
  5.565273536200D-01  5.565311591729D-01  5.565350547521D-01  5.565398286508D-01
  5.565447872028D-01  5.565507311936D-01  5.565569810458D-01  5.565643535579D-01
  5.565721873166D-01  5.565813198110D-01  5.565911132548D-01  5.566024321174D-01
  5.566146692474D-01  5.566287098382D-01  5.566427000770D-01  5.566474610490D-01
  5.566394535732D-01  5.566322301747D-01  5.566250172986D-01  5.566185320133D-01
  5.566120059590D-01  5.566061608145D-01  5.566002323211D-01  5.565949458218D-01
  5.565895403299D-01  5.565847441290D-01  5.565797988741D-01  5.565754352214D-01
  5.565708969738D-01  5.565669167342D-01  5.565627400662D-01  5.565591011655D-01
  5.565552470551D-01  5.565519132579D-01  5.565483480026D-01  5.565452879184D-01
  5.565419822500D-01  5.565391685566D-01  5.565360969349D-01  5.565335057303D-01
  5.565306457604D-01  5.565282560396D-01  5.565255880036D-01  5.565233812327D-01
  5.565208876897D-01  5.565188474453D-01  5.565165129130D-01  5.565146245855D-01
  5.565124352662D-01  5.565106858137D-01  5.565086293693D-01  5.565070071053D-01
  5.565050724605D-01  5.565035668807D-01  5.565017440609D-01  5.565003456891D-01
  5.564986256840D-01  5.564973259430D-01  5.564957005838D-01  5.564944916874D-01
  5.564929535460D-01  5.564918284013D-01  5.564903706995D-01  5.564893228262D-01
  5.564879393602D-01  5.564869628145D-01  5.564856478866D-01  5.564847372017D-01
  5.564834855615D-01  5.564826356899D-01  5.564814424811D-01  5.564806487461D-01
  5.564795094600D-01  5.564787675106D-01  5.564776779452D-01  5.564769837186D-01
  5.564759399407D-01  5.564752896252D-01  5.564742879373D-01  5.564736779410D-01
  5.564727148489D-01  5.564721417698D-01  5.564712139564D-01  5.564706745547D-01
  5.564697788526D-01  5.564692700266D-01  5.564684033922D-01  5.564679221525D-01
  5.564670816458D-01  5.564666250945D-01  5.564658078535D-01  5.564653731604D-01
  5.564645763823D-01  5.564641607648D-01  5.564633816829D-01  5.564629823862D-01
  5.564622182497D-01  5.564618325229D-01  5.564610805770D-01  5.564607056546D-01
  5.564599631180D-01  5.564595961979D-01  5.564588602423D-01  5.564584984641D-01
  5.564577661908D-01  5.564574066128D-01  5.564566750312D-01  5.564563146067D-01
  5.564555806083D-01  5.564552161612D-01  5.564544764952D-01  5.564541046928D-01
  5.564533559377D-01  5.564529732630D-01  5.564522117983D-01  5.564518145188D-01
  5.564510364928D-01  5.564506206289D-01  5.564498219246D-01  5.564493832132D-01
  5.564485594121D-01  5.564480932691D-01  5.564472396103D-01  5.564467410875D-01
  5.564458524246D-01  5.564453161650D-01  5.564443869178D-01  5.564438071051D-01
  5.564428312076D-01  5.564422015115D-01  5.564411723542D-01  5.564404858705D-01
  5.564393962379D-01  5.564386454221D-01  5.564374874226D-01  5.564366640177D-01
  5.564354290086D-01  5.564345239646D-01  5.564332024672D-01  5.564322058540D-01
  5.564307874618D-01  5.564296883710D-01  5.564281616479D-01  5.564269480872D-01
  5.564253004548D-01  5.564239592292D-01  5.564221768434D-01  5.564206934255D-01
  5.564187610397D-01  5.564171194260D-01  5.564150202402D-01  5.564132027925D-01
  5.564109182869D-01  5.564089055579D-01  5.564064153089D-01  5.564041858483D-01
  5.564014673258D-01  5.563989974674D-01  5.563960258101D-01  5.563932894357D-01
  5.563900372037D-01  5.563870054833D-01  5.563834423844D-01  5.563800834880D-01
  5.563761760751D-01  5.563724548551D-01  5.563681661924D-01  5.563640438327D-01
  5.563593331265D-01  5.563547667540D-01  5.563495889451D-01  5.563445312011D-01
  5.563388365133D-01  5.563332350801D-01  5.563269685227D-01  5.563207655992D-01
  5.563138664163D-01  5.563069981397D-01  5.562993992017D-01  5.562917950079D-01
  5.562834221392D-01  5.562750040552D-01  5.562657752907D-01  5.562564571540D-01
  5.562462819178D-01  5.562359685120D-01  5.562247467091D-01  5.562133328098D-01
  5.562009538222D-01  5.561883231411D-01  5.561746647187D-01  5.561606887371D-01
  5.561456157706D-01  5.561301524499D-01  5.561135156150D-01  5.560964079707D-01
  5.560780422290D-01  5.560591167547D-01  5.560388396963D-01  5.560179046207D-01
  5.559955146317D-01  5.559723579920D-01  5.559476322285D-01  5.559220197400D-01
  5.558947118876D-01  5.558663845876D-01  5.558362223843D-01  5.558048940271D-01
  5.557715765237D-01  5.557369306993D-01  5.557001252294D-01  5.556618121778D-01
  5.556211510067D-01  5.555787840929D-01  5.555338607113D-01  5.554870125270D-01
  5.554373775504D-01  5.553855756014D-01  5.553307322337D-01  5.552734541682D-01
  5.552128531826D-01  5.551495215113D-01  5.550825556962D-01  5.550125319494D-01
  5.549385299612D-01  5.548611082215D-01  5.547793277806D-01  5.546937275240D-01
  5.546033478817D-01  5.545087060512D-01  5.544088196488D-01  5.543041818761D-01
  5.541937851068D-01  5.540780959900D-01  5.539560789651D-01  5.538281712962D-01
  5.536933065060D-01  5.535518893332D-01  5.534028190778D-01  5.532464644719D-01
  5.530816869266D-01  5.529088153060D-01  5.527266690650D-01  5.525355329161D-01
  5.523341798444D-01  5.521228456548D-01  5.519002518515D-01  5.516665800508D-01
  5.514204947087D-01  5.511621173846D-01  5.508900492988D-01  5.506043454293D-01
  5.503035368785D-01  5.499876047837D-01  5.496550024702D-01  5.493056291518D-01
  5.489378518446D-01  5.485514788319D-01  5.481447813087D-01  5.477174665806D-01
  5.472676994062D-01  5.467950748951D-01  5.462976395089D-01  5.457748636195D-01
  5.452246621236D-01  5.446463666159D-01  5.440377455648D-01  5.433979760472D-01
  5.427246634259D-01  5.420168125836D-01  5.412718470311D-01  5.404885795684D-01
  5.396642307404D-01  5.387973988394D-01  5.378850776107D-01  5.369256254940D-01
  5.359157824634D-01  5.348536383852D-01  5.337356488536D-01  5.325596025189D-01
  5.313216357513D-01  5.300191987624D-01  5.286480688956D-01  5.272053153244D-01
  5.256863107236D-01  5.240876942803D-01  5.224043814435D-01  5.206325249231D-01
  5.187665221452D-01  5.168019738347D-01  5.147326887159D-01  5.125536391738D-01
  5.102579626250D-01  5.078399136257D-01  5.052918611904D-01  5.026072365507D-01
  4.997775255120D-01  4.967952108540D-01  4.936507585723D-01  4.903355536387D-01
  4.868388786606D-01  4.831508413629D-01  4.792593437895D-01  4.751529994071D-01
  4.708180904428D-01  4.662414719047D-01  4.614075139557D-01  4.563009893564D-01
  4.509039968634D-01  4.451988275603D-01  4.391648640727D-01  4.327814198797D-01
  4.260246075565D-01  4.188701433454D-01  4.112901755419D-01  4.032560441981D-01
  3.947350579928D-01  3.856931957523D-01  3.760918164550D-01  3.658902850590D-01
  3.550425954428D-01  3.434998970681D-01  3.312070062219D-01  3.181048002265D-01
  3.041265797141D-01  2.892004000916D-01  2.732448744311D-01  2.561717791785D-01
  2.378812983644D-01
