In49 POTENTIAL                      exc: Vosko,Wilk,Nusair      
  2.14187055  6.17500000  2.11957662
  49.00000
   2.34253   1.0890067579   0.9652352981
353
 0.25000000D-01 0.35315022D-03
 9 1
    0  -1.96656160000D+03
    0  -2.87428550000D+02
    0  -5.37136240000D+01
    0  -7.39818510000D+00
    1  -2.68528840000D+02
    1  -4.59639090000D+01
    1  -4.86454470000D+00
    2  -3.15522220000D+01
    2  -7.38539920000D-01
  4.728031844614D+02  4.728282025775D+02  4.728537954586D+02  4.728799700048D+02
  4.729067345728D+02  4.729341027262D+02  4.729620837960D+02  4.729906914940D+02
  4.730199354160D+02  4.730498294572D+02  4.730803834167D+02  4.731116113453D+02
  4.731435232036D+02  4.731761331662D+02  4.732094513137D+02  4.732434919066D+02
  4.732782650998D+02  4.733137851945D+02  4.733500623688D+02  4.733871109119D+02
  4.734249409667D+02  4.734635667500D+02  4.735029983033D+02  4.735432497013D+02
  4.735843308092D+02  4.736262554808D+02  4.736690333198D+02  4.737126778695D+02
  4.737571983768D+02  4.738026079729D+02  4.738489154403D+02  4.738961333849D+02
  4.739442700037D+02  4.739933372498D+02  4.740433425999D+02  4.740942972119D+02
  4.741462076915D+02  4.741990842426D+02  4.742529324325D+02  4.743077613344D+02
  4.743635753000D+02  4.744203820676D+02  4.744781845495D+02  4.745369889505D+02
  4.745967965250D+02  4.746576116966D+02  4.747194338108D+02  4.747822652470D+02
  4.748461031663D+02  4.749109476149D+02  4.749767932669D+02  4.750436375187D+02
  4.751114722261D+02  4.751802917900D+02  4.752500848859D+02  4.753208425413D+02
  4.753925498578D+02  4.754651940782D+02  4.755387563018D+02  4.756132195409D+02
  4.756885604278D+02  4.757647572609D+02  4.758417817032D+02  4.759196068179D+02
  4.759981987566D+02  4.760775247848D+02  4.761575449605D+02  4.762382201477D+02
  4.763195036856D+02  4.764013493905D+02  4.764837032146D+02  4.765665112368D+02
  4.766497113104D+02  4.767332410429D+02  4.768170294333D+02  4.769010048400D+02
  4.769850866084D+02  4.770691930275D+02  4.771532329474D+02  4.772371137253D+02
  4.773207328337D+02  4.774039857964D+02  4.774867577885D+02  4.775689315626D+02
  4.776503790416D+02  4.777309692375D+02  4.778105598379D+02  4.778890051185D+02
  4.779661475248D+02  4.780418255815D+02  4.781158654714D+02  4.781880889425D+02
  4.782583048882D+02  4.783263172552D+02  4.783919166271D+02  4.784548881371D+02
  4.785150030582D+02  4.785720267253D+02  4.786257101362D+02  4.786757978871D+02
  4.787220197899D+02  4.787640988258D+02  4.788017427847D+02  4.788346522432D+02
  4.788625122318D+02  4.788850002438D+02  4.789017779374D+02  4.789124991829D+02
  4.789168018076D+02  4.789143156884D+02  4.789046545476D+02  4.788874241006D+02
  4.788622139109D+02  4.788286056014D+02  4.787861647784D+02  4.787344493159D+02
  4.786730013583D+02  4.786013556873D+02  4.785190318133D+02  4.784255424346D+02
  4.783203856270D+02  4.782030534054D+02  4.780730240203D+02  4.779297706315D+02
  4.777727537200D+02  4.776014298810D+02  4.774152443598D+02  4.772136399706D+02
  4.769960497612D+02  4.767619060631D+02  4.765106332883D+02  4.762416571128D+02
  4.759543974057D+02  4.756482775445D+02  4.753227174741D+02  4.749771431479D+02
  4.746109797088D+02  4.742236610461D+02  4.738146230847D+02  4.733833134418D+02
  4.729291848052D+02  4.724517046665D+02  4.719503487615D+02  4.714246108496D+02
  4.708739961824D+02  4.702980312896D+02  4.696962574329D+02  4.690682403515D+02
  4.684135636480D+02  4.677318384376D+02  4.670226966054D+02  4.662858002925D+02
  4.655208349551D+02  4.647275186145D+02  4.639055946404D+02  4.630548406837D+02
  4.621750611012D+02  4.612660954870D+02  4.603278106530D+02  4.593601086732D+02
  4.583629183368D+02  4.573362026265D+02  4.562799495688D+02  4.551941790792D+02
  4.540789331518D+02  4.529342820336D+02  4.517603137237D+02  4.505571394606D+02
  4.493248825603D+02  4.480636832654D+02  4.467736869992D+02  4.454550487006D+02
  4.441079206623D+02  4.427324565726D+02  4.413287992136D+02  4.398970845490D+02
  4.384374296867D+02  4.369499374830D+02  4.354346853052D+02  4.338917307496D+02
  4.323211018507D+02  4.307228045903D+02  4.290968152410D+02  4.274430903278D+02
  4.257615616964D+02  4.240521493974D+02  4.223147597677D+02  4.205493012764D+02
  4.187556853454D+02  4.169338445137D+02  4.150837349394D+02  4.132053553954D+02
  4.112987495582D+02  4.093640235953D+02  4.074013457701D+02  4.054109600783D+02
  4.033931807511D+02  4.013483998653D+02  3.992770752261D+02  3.971797311702D+02
  3.950569399117D+02  3.929093165362D+02  3.907374956801D+02  3.885421233318D+02
  3.863238320064D+02  3.840832328156D+02  3.818208926335D+02  3.795373297120D+02
  3.772329956818D+02  3.749082769662D+02  3.725634831864D+02  3.701988552251D+02
  3.678145601956D+02  3.654107056896D+02  3.629873403093D+02  3.605444726740D+02
  3.580820757747D+02  3.556001087856D+02  3.530985231688D+02  3.505772851788D+02
  3.480363816294D+02  3.454758410805D+02  3.428957373788D+02  3.402962077794D+02
  3.376774527018D+02  3.350397494457D+02  3.323834470275D+02  3.297089746161D+02
  3.270168308651D+02  3.243075867852D+02  3.215818696326D+02  3.188403606545D+02
  3.160837743899D+02  3.133128525702D+02  3.105283406209D+02  3.077309800385D+02
  3.049214848592D+02  3.021005357823D+02  2.992687603075D+02  2.964267325396D+02
  2.935749609665D+02  2.907138976184D+02  2.878439364217D+02  2.849654333938D+02
  2.820787154492D+02  2.791841092142D+02  2.762819552896D+02  2.733726381593D+02
  2.704565963767D+02  2.675343430686D+02  2.646064620518D+02  2.616736111249D+02
  2.587365000237D+02  2.557958771231D+02  2.528524947440D+02  2.499070889303D+02
  2.469603444290D+02  2.440128806114D+02  2.410652280480D+02  2.381178298454D+02
  2.351710355556D+02  2.322251199070D+02  2.292802925898D+02  2.263367301749D+02
  2.233945956671D+02  2.204540764212D+02  2.175154059465D+02  2.145789005375D+02
  2.116449766147D+02  2.087141802262D+02  2.057871950803D+02  2.028648610860D+02
  1.999481702826D+02  1.970382725685D+02  1.941364586538D+02  1.912441529904D+02
  1.883628844856D+02  1.854942681910D+02  1.826399660275D+02  1.798016601509D+02
  1.769810073210D+02  1.741796082688D+02  1.713989608349D+02  1.686404313752D+02
  1.659052137758D+02  1.631943112337D+02  1.605085107902D+02  1.578483862832D+02
  1.552142997350D+02  1.526064359938D+02  1.500248383218D+02  1.474694755508D+02
  1.449403023976D+02  1.424373364917D+02  1.399607076462D+02  1.375107006563D+02
  1.350877509323D+02  1.326924244014D+02  1.303253548889D+02  1.279871834476D+02
  1.256784804859D+02  1.233996953669D+02  1.211511081728D+02  1.189328190278D+02
  1.167447406305D+02  1.145866228403D+02  1.124580715285D+02  1.103585897768D+02
  1.082876045851D+02  1.062445089604D+02  1.042286844741D+02  1.022395359746D+02
  1.002765049004D+02  9.833909400421D+01  9.642687068743D+01  9.453948220790D+01
  9.267665036934D+01  9.083817910083D+01  8.902394264317D+01  8.723388777485D+01
  8.546801777745D+01  8.372639151255D+01  8.200910523529D+01  8.031629041418D+01
  7.864809508180D+01  7.700468186761D+01  7.538621013215D+01  7.379283523707D+01
  7.222469227536D+01  7.068189719406D+01  6.916453256021D+01  6.767265082361D+01
  6.620626228150D+01  6.476534054776D+01  6.334981271428D+01  6.195956697978D+01
  6.059444493407D+01  5.925425124922D+01  5.793874795395D+01  5.664766598191D+01
  5.538070109918D+01  5.413752676315D+01  5.291779087015D+01  5.172112875865D+01
  5.054715929909D+01  4.939549636860D+01  4.826574263727D+01  4.715749816300D+01
  4.607035109164D+01  4.500388349474D+01  4.395765904728D+01  4.293122807464D+01
  4.192411370660D+01
N_07 POTENTIAL                      exc: Vosko,Wilk,Nusair      
  1.63952924  6.17500000  1.64793099
   7.00000
   1.91467   1.0890067579   0.9652352981
353
 0.25000000D-01 0.28864751D-03
 2 1
    0  -2.69998930000D+01
    0  -4.29582100000D-01
  2.633453437435D+01  2.633489670700D+01  2.633526776094D+01  2.633567326829D+01
  2.633609376006D+01  2.633652721547D+01  2.633697225244D+01  2.633742944561D+01
  2.633789816276D+01  2.633837927597D+01  2.633887229781D+01  2.633937818267D+01
  2.633989649634D+01  2.634042823147D+01  2.634097298392D+01  2.634153177166D+01
  2.634210421309D+01  2.634269134698D+01  2.634329281153D+01  2.634390966470D+01
  2.634454156357D+01  2.634518958488D+01  2.634585340450D+01  2.634653411802D+01
  2.634723142038D+01  2.634794642646D+01  2.634867885075D+01  2.634942982800D+01
  2.635019909288D+01  2.635098780066D+01  2.635179570690D+01  2.635262398814D+01
  2.635347242163D+01  2.635434220598D+01  2.635523314090D+01  2.635614644792D+01
  2.635708195009D+01  2.635804089272D+01  2.635902312325D+01  2.636002991672D+01
  2.636106152486D+01  2.636211885168D+01  2.636320179590D+01  2.636431167980D+01
  2.636544842900D+01  2.636661339318D+01  2.636780652588D+01  2.636902920514D+01
  2.637028141335D+01  2.637156455790D+01  2.637287865102D+01  2.637422513043D+01
  2.637560403915D+01  2.637701684620D+01  2.637846362638D+01  2.637994588095D+01
  2.638146371744D+01  2.638301867032D+01  2.638461088078D+01  2.638624191739D+01
  2.638791195591D+01  2.638962259994D+01  2.639137406067D+01  2.639316797755D+01
  2.639500459804D+01  2.639688559823D+01  2.639881126263D+01  2.640078330471D+01
  2.640280204670D+01  2.640486924013D+01  2.640698524557D+01  2.640915185315D+01
  2.641136946228D+01  2.641363990219D+01  2.641596361152D+01  2.641834245890D+01
  2.642077692248D+01  2.642326891045D+01  2.642581894057D+01  2.642842896063D+01
  2.643109952790D+01  2.643383262956D+01  2.643662886210D+01  2.643949025168D+01
  2.644241743348D+01  2.644541247196D+01  2.644847604016D+01  2.645161023988D+01
  2.645481578091D+01  2.645809480109D+01  2.646144804547D+01  2.646487768626D+01
  2.646838450187D+01  2.647197069681D+01  2.647563708056D+01  2.647938588731D+01
  2.648321795478D+01  2.648713554378D+01  2.649113951688D+01  2.649523215783D+01
  2.649941435002D+01  2.650368839578D+01  2.650805519466D+01  2.651251706248D+01
  2.651707490944D+01  2.652173105899D+01  2.652648642567D+01  2.653134333373D+01
  2.653630269477D+01  2.654136682609D+01  2.654653662801D+01  2.655181440200D+01
  2.655720102764D+01  2.656269878044D+01  2.656830850853D+01  2.657403245008D+01
  2.657987140960D+01  2.658582757504D+01  2.659190169367D+01  2.659809588875D+01
  2.660441083500D+01  2.661084857479D+01  2.661740969317D+01  2.662409613353D+01
  2.663090837212D+01  2.663784823320D+01  2.664491606302D+01  2.665211354430D+01
  2.665944086968D+01  2.666689955557D+01  2.667448961491D+01  2.668221237036D+01
  2.669006762637D+01  2.669805648162D+01  2.670617850033D+01  2.671443452396D+01
  2.672282384165D+01  2.673134700112D+01  2.674000297823D+01  2.674879198700D+01
  2.675771264827D+01  2.676676479871D+01  2.677594665853D+01  2.678525763953D+01
  2.679469551172D+01  2.680425921033D+01  2.681394600137D+01  2.682375428749D+01
  2.683368077244D+01  2.684372326573D+01  2.685387784595D+01  2.686414166420D+01
  2.687451010619D+01  2.688497959444D+01  2.689554474909D+01  2.690620118890D+01
  2.691694269069D+01  2.692776398909D+01  2.693865793470D+01  2.694961829254D+01
  2.696063689887D+01  2.697170645841D+01  2.698281769989D+01  2.699396217192D+01
  2.700512939741D+01  2.701630966820D+01  2.702749119830D+01  2.703866291736D+01
  2.704981162288D+01  2.706092477266D+01  2.707198763600D+01  2.708298608535D+01
  2.709390374664D+01  2.710472479030D+01  2.711543108097D+01  2.712600496806D+01
  2.713642643516D+01  2.714667589035D+01  2.715673131568D+01  2.716657105756D+01
  2.717617097660D+01  2.718550723859D+01  2.719455346511D+01  2.720328352551D+01
  2.721166868880D+01  2.721968041725D+01  2.722728752012D+01  2.723445894940D+01
  2.724116095617D+01  2.724735988918D+01  2.725301935444D+01  2.725810301758D+01
  2.726257176749D+01  2.726638652327D+01  2.726950540289D+01  2.727188653566D+01
  2.727348523694D+01  2.727425682722D+01  2.727415381391D+01  2.727312871813D+01
  2.727113126484D+01  2.726811121849D+01  2.726401558267D+01  2.725879144591D+01
  2.725238319215D+01  2.724473535793D+01  2.723578985500D+01  2.722548884022D+01
  2.721377195151D+01  2.720057919182D+01  2.718584817972D+01  2.716951704855D+01
  2.715152171284D+01  2.713179878386D+01  2.711028285285D+01  2.708690942390D+01
  2.706161221490D+01  2.703432610852D+01  2.700498447147D+01  2.697352212399D+01
  2.693987267781D+01  2.690397152424D+01  2.686575319062D+01  2.682515434681D+01
  2.678211117954D+01  2.673656241630D+01  2.668844671657D+01  2.663770571161D+01
  2.658428141073D+01  2.652811925489D+01  2.646916553536D+01  2.640737045822D+01
  2.634268557210D+01  2.627506683972D+01  2.620447207048D+01  2.613086399438D+01
  2.605420769421D+01  2.597447367621D+01  2.589163529579D+01  2.580567181828D+01
  2.571656583108D+01  2.562430628692D+01  2.552888589449D+01  2.543030413581D+01
  2.532856462642D+01  2.522367809763D+01  2.511565971679D+01  2.500453202456D+01
  2.489032220512D+01  2.477306496822D+01  2.465279975893D+01  2.452957357378D+01
  2.440343810029D+01  2.427445245662D+01  2.414268024961D+01  2.400819222940D+01
  2.387106325671D+01  2.373137486270D+01  2.358921211765D+01  2.344466608843D+01
  2.329783060197D+01  2.314880459496D+01  2.299768876766D+01  2.284458782306D+01
  2.268960700983D+01  2.253285425160D+01  2.237443658211D+01  2.221446217014D+01
  2.205303665552D+01  2.189026508202D+01  2.172624815086D+01  2.156108408352D+01
  2.139486482089D+01  2.122767785177D+01  2.105960240275D+01  2.089071128853D+01
  2.072106716176D+01  2.055072447024D+01  2.037972587021D+01  2.020810441449D+01
  2.003588027648D+01  1.986306334098D+01  1.968965043470D+01  1.951562853718D+01
  1.934097274994D+01  1.916565036287D+01  1.898961978253D+01  1.881283563370D+01
  1.863524875210D+01  1.845681231223D+01  1.827748271869D+01  1.809722639786D+01
  1.791602100176D+01  1.773386205000D+01  1.755076343446D+01  1.736676277166D+01
  1.718192005024D+01  1.699632065693D+01  1.681007139947D+01  1.662330083694D+01
  1.643615278739D+01  1.624878456154D+01  1.606135897938D+01  1.587404182792D+01
  1.568699383601D+01  1.550036876114D+01  1.531430653583D+01  1.512893290434D+01
  1.494435432395D+01  1.476065940326D+01  1.457791552233D+01  1.439617181530D+01
  1.421545710395D+01  1.403578393933D+01  1.385714734008D+01  1.367952940248D+01
  1.350289839825D+01  1.332721356768D+01  1.315242425646D+01  1.297847463512D+01
  1.280530267640D+01  1.263284465297D+01  1.246103384983D+01  1.228980476947D+01
  1.211909153585D+01  1.194883178479D+01  1.177896475347D+01  1.160943486189D+01
  1.144018950229D+01  1.127118233195D+01  1.110237078675D+01  1.093371911151D+01
  1.076519562495D+01  1.059677551456D+01  1.042843787876D+01  1.026016831031D+01
  1.009195573710D+01  9.923794812107D+00  9.755682567201D+00  9.587620619657D+00
  9.419611644001D+00  9.251661395099D+00  9.083774992905D+00  8.915958751737D+00
  8.748216263245D+00  8.580550013587D+00  8.412957246223D+00  8.245431347327D+00
  8.077957474522D+00  7.910513783835D+00  7.743066580453D+00  7.575571709187D+00
  7.407969290345D+00
Vac0 POTENTIAL                      exc: Vosko,Wilk,Nusair      
  2.14187055  6.17500000  2.11957662
   0.00000
   2.34253   1.0890067579   0.9652352981
353
 0.25000000D-01 0.35315022D-03
 0 1
  9.366335245514D-01  9.366017650224D-01  9.365684738152D-01  9.365587195898D-01
  9.365533024920D-01  9.365507609207D-01  9.365487568839D-01  9.365483573582D-01
  9.365479508501D-01  9.365488890457D-01  9.365496961902D-01  9.365517991564D-01
  9.365537694254D-01  9.365570672364D-01  9.365602905433D-01  9.365649226854D-01
  9.365695836221D-01  9.365757788388D-01  9.365821516801D-01  9.365902331590D-01
  9.365986949116D-01  9.366090998501D-01  9.366201559125D-01  9.366334675453D-01
  9.366477904598D-01  9.366647842244D-01  9.366832683314D-01  9.367049763168D-01
  9.367288135600D-01  9.367566135248D-01  9.367873979742D-01  9.368231361061D-01
  9.368630081557D-01  9.369091685035D-01  9.369610140348D-01  9.370209527573D-01
  9.370886760070D-01  9.371668058277D-01  9.372469873659D-01  9.372834450036D-01
  9.372530088055D-01  9.372248793721D-01  9.371975051630D-01  9.371722196147D-01
  9.371474912860D-01  9.371246714593D-01  9.371022445682D-01  9.370815760489D-01
  9.370611630028D-01  9.370423822238D-01  9.370237410088D-01  9.370066253481D-01
  9.369895508369D-01  9.369739109617D-01  9.369582281190D-01  9.369439019735D-01
  9.369294605358D-01  9.369163085919D-01  9.369029788228D-01  9.368908802821D-01
  9.368785495638D-01  9.368673993131D-01  9.368559694182D-01  9.368456755525D-01
  9.368350603979D-01  9.368255421997D-01  9.368156660171D-01  9.368068522978D-01
  9.367976481336D-01  9.367894758549D-01  9.367808843048D-01  9.367732974402D-01
  9.367652656142D-01  9.367582141885D-01  9.367506948270D-01  9.367441341120D-01
  9.367370848476D-01  9.367309746807D-01  9.367243574118D-01  9.367186616185D-01
  9.367124419736D-01  9.367071278720D-01  9.367012747531D-01  9.366963127308D-01
  9.366907979204D-01  9.366861610704D-01  9.366809588912D-01  9.366766226936D-01
  9.366717097172D-01  9.366676517686D-01  9.366630065555D-01  9.366592063270D-01
  9.366548092065D-01  9.366512478347D-01  9.366470807048D-01  9.366437408076D-01
  9.366397869654D-01  9.366366524787D-01  9.366328964634D-01  9.366299524969D-01
  9.366263799552D-01  9.366236126624D-01  9.366202102252D-01  9.366176066866D-01
  9.366143618597D-01  9.366119099798D-01  9.366088110424D-01  9.366064994542D-01
  9.366035353704D-01  9.366013533477D-01  9.365985136820D-01  9.365964510603D-01
  9.365937259007D-01  9.365917730027D-01  9.365891528892D-01  9.365873004552D-01
  9.365847763119D-01  9.365830154354D-01  9.365805785077D-01  9.365789005707D-01
  9.365765423640D-01  9.365749389787D-01  9.365726511979D-01  9.365711141481D-01
  9.365688886407D-01  9.365674098237D-01  9.365652385221D-01  9.365638098909D-01
  9.365616847555D-01  9.365602982635D-01  9.365582112248D-01  9.365568587651D-01
  9.365548016645D-01  9.365534750116D-01  9.365514395413D-01  9.365501302887D-01
  9.365481079283D-01  9.365468074248D-01  9.365447893746D-01  9.365434886561D-01
  9.365414657691D-01  9.365401554867D-01  9.365381181937D-01  9.365367885379D-01
  9.365347267687D-01  9.365333673876D-01  9.365312704865D-01  9.365298703975D-01
  9.365277270318D-01  9.365262745275D-01  9.365240725888D-01  9.365225551334D-01
  9.365202816303D-01  9.365186857479D-01  9.365163266897D-01  9.365146378424D-01
  9.365121781109D-01  9.365103805655D-01  9.365078037761D-01  9.365058804587D-01
  9.365031688080D-01  9.365011011431D-01  9.364982352406D-01  9.364960029771D-01
  9.364929616623D-01  9.364905426800D-01  9.364873028196D-01  9.364846729168D-01
  9.364812091829D-01  9.364783418439D-01  9.364746264685D-01  9.364714926059D-01
  9.364674951116D-01  9.364640627835D-01  9.364597496859D-01  9.364559837836D-01
  9.364513182634D-01  9.364471801666D-01  9.364421217080D-01  9.364375689056D-01
  9.364320728969D-01  9.364270585667D-01  9.364210758600D-01  9.364155484066D-01
  9.364090248310D-01  9.364029273743D-01  9.363958031995D-01  9.363890730104D-01
  9.363812823530D-01  9.363738502301D-01  9.363653203988D-01  9.363571099803D-01
  9.363477607522D-01  9.363386877546D-01  9.363284305762D-01  9.363184019549D-01
  9.363071390586D-01  9.362960520793D-01  9.362836755076D-01  9.362714167206D-01
  9.362578072485D-01  9.362442513556D-01  9.362292772988D-01  9.362142859007D-01
  9.361978017992D-01  9.361812220119D-01  9.361630671754D-01  9.361447301005D-01
  9.361247270004D-01  9.361044460352D-01  9.360823985278D-01  9.360599674969D-01
  9.360356588595D-01  9.360108499507D-01  9.359840407112D-01  9.359566021933D-01
  9.359270277313D-01  9.358966814321D-01  9.358640493270D-01  9.358304878452D-01
  9.357944749456D-01  9.357573585699D-01  9.357176077533D-01  9.356765610559D-01
  9.356326776481D-01  9.355872857191D-01  9.355388335348D-01  9.354886378202D-01
  9.354351347869D-01  9.353796284868D-01  9.353205418062D-01  9.352591647878D-01
  9.351939055873D-01  9.351260387604D-01  9.350539561787D-01  9.349789152776D-01
  9.348992899263D-01  9.348163186335D-01  9.347283553670D-01  9.346366177111D-01
  9.345394376313D-01  9.344380095792D-01  9.343306411949D-01  9.342185013542D-01
  9.340998708029D-01  9.339758901390D-01  9.338448103722D-01  9.337077408346D-01
  9.335628996559D-01  9.334113615962D-01  9.332513084280D-01  9.330837766814D-01
  9.329069079239D-01  9.327216964085D-01  9.325262392399D-01  9.323214839146D-01
  9.321054783623D-01  9.318791183655D-01  9.316403974618D-01  9.313901542317D-01
  9.311263220450D-01  9.308496762022D-01  9.305580835095D-01  9.302522492559D-01
  9.299299665979D-01  9.295918633554D-01  9.292356511839D-01  9.288618721684D-01
  9.284681477597D-01  9.280549251434D-01  9.276197259138D-01  9.271628921916D-01
  9.266818350051D-01  9.261767801280D-01  9.256450161335D-01  9.250866399189D-01
  9.244988043938D-01  9.238814636549D-01  9.232316202630D-01  9.225490700247D-01
  9.218306488092D-01  9.210759768861D-01  9.202817052243D-01  9.194472593288D-01
  9.185690849542D-01  9.176463913735D-01  9.166753964283D-01  9.156550691514D-01
  9.145813740608D-01  9.134530130439D-01  9.122656687867D-01  9.110177458084D-01
  9.097046128964D-01  9.083243431571D-01  9.068719553016D-01  9.053451525506D-01
  9.037385625810D-01  9.020494750865D-01  9.002720801536D-01  8.984032042341D-01
  8.964365466644D-01  8.943684137456D-01  8.921919530523D-01  8.899028852408D-01
  8.874937357052D-01  8.849595636364D-01  8.822921904710D-01  8.794859255993D-01
  8.765317909093D-01  8.734232423824D-01  8.701503898516D-01  8.667057135190D-01
  8.630782778150D-01  8.592594416128D-01  8.552370647774D-01  8.510012105225D-01
  8.465383428625D-01  8.418370191369D-01  8.368820761007D-01  8.316603101102D-01
  8.261546489827D-01  8.203498166606D-01  8.142264872056D-01  8.077669299022D-01
  8.009491407789D-01  7.937524630269D-01  7.861516902073D-01  7.781226554818D-01
  7.696362991049D-01  7.606642182147D-01  7.511726892332D-01  7.411281677579D-01
  7.304912540049D-01  7.192221295702D-01  7.072744509450D-01  6.946007064778D-01
  6.811460191742D-01  6.668534030154D-01  6.516574516868D-01  6.354894685047D-01
  6.182710125018D-01  5.999188708120D-01  5.803384280267D-01  5.594284447115D-01
  5.370742111940D-01  5.131520909327D-01  4.875224240025D-01  4.600337861137D-01
  4.305156020291D-01  3.987823446935D-01  3.646250308260D-01  3.278161423303D-01
  2.881003006650D-01
Vac0 POTENTIAL                      exc: Vosko,Wilk,Nusair      
  1.63952924  6.17500000  1.64793099
   0.00000
   1.91467   1.0890067579   0.9652352981
353
 0.25000000D-01 0.28864751D-03
 0 1
  7.168312545288D-01  7.167852071955D-01  7.167375384176D-01  7.167230827661D-01
  7.167150737554D-01  7.167102852115D-01  7.167065291674D-01  7.167041628290D-01
  7.167020151404D-01  7.167008362988D-01  7.166996379898D-01  7.166992671544D-01
  7.166987918980D-01  7.166990947111D-01  7.166992680067D-01  7.167002119750D-01
  7.167010327863D-01  7.167026421530D-01  7.167041564153D-01  7.167064968057D-01
  7.167087890419D-01  7.167119639400D-01  7.167151572866D-01  7.167193107202D-01
  7.167235718718D-01  7.167288955073D-01  7.167344439383D-01  7.167411884259D-01
  7.167483099670D-01  7.167568010322D-01  7.167658667518D-01  7.167765271860D-01
  7.167880190441D-01  7.168013985684D-01  7.168159440227D-01  7.168327593963D-01
  7.168511774858D-01  7.168723400360D-01  7.168936257288D-01  7.169019909530D-01
  7.168918921338D-01  7.168827636334D-01  7.168736679526D-01  7.168654712776D-01
  7.168572426657D-01  7.168498541213D-01  7.168423798891D-01  7.168356965886D-01
  7.168288826047D-01  7.168228182669D-01  7.168165852861D-01  7.168110670001D-01
  7.168053478319D-01  7.168003135652D-01  7.167950508513D-01  7.167904474933D-01
  7.167855919715D-01  7.167813737681D-01  7.167768828935D-01  7.167730102211D-01
  7.167688470432D-01  7.167652854084D-01  7.167614176838D-01  7.167581369105D-01
  7.167545363686D-01  7.167515099425D-01  7.167481516893D-01  7.167453562105D-01
  7.167422182282D-01  7.167396329623D-01  7.167366957074D-01  7.167343022135D-01
  7.167315482681D-01  7.167293300795D-01  7.167267438649D-01  7.167246862312D-01
  7.167222537663D-01  7.167203434240D-01  7.167180521174D-01  7.167162771042D-01
  7.167141155798D-01  7.167124650686D-01  7.167104230142D-01  7.167088871742D-01
  7.167069552117D-01  7.167055250893D-01  7.167036946624D-01  7.167023620744D-01
  7.167006253507D-01  7.166993827952D-01  7.166977325814D-01  7.166965731546D-01
  7.166950028223D-01  7.166939201523D-01  7.166924235691D-01  7.166914117503D-01
  7.166899832238D-01  7.166890367643D-01  7.166876709894D-01  7.166867847577D-01
  7.166854767673D-01  7.166846459510D-01  7.166833910760D-01  7.166826111396D-01
  7.166814049678D-01  7.166806716142D-01  7.166795099563D-01  7.166788190950D-01
  7.166776979500D-01  7.166770456620D-01  7.166759611872D-01  7.166753436973D-01
  7.166742921772D-01  7.166737058245D-01  7.166726836452D-01  7.166721248544D-01
  7.166711284731D-01  7.166705937288D-01  7.166696196508D-01  7.166691054707D-01
  7.166681502199D-01  7.166676531284D-01  7.166667132229D-01  7.166662297249D-01
  7.166653016492D-01  7.166648282026D-01  7.166639083816D-01  7.166634413701D-01
  7.166625261394D-01  7.166620618443D-01  7.166611474222D-01  7.166606819911D-01
  7.166597644474D-01  7.166592938637D-01  7.166583690871D-01  7.166578891364D-01
  7.166569527999D-01  7.166564590333D-01  7.166555065576D-01  7.166549942548D-01
  7.166540207674D-01  7.166534848939D-01  7.166524851870D-01  7.166519203502D-01
  7.166508888338D-01  7.166502892333D-01  7.166492198845D-01  7.166485792606D-01
  7.166474655676D-01  7.166467771419D-01  7.166456120445D-01  7.166448684576D-01
  7.166436442801D-01  7.166428375224D-01  7.166415459014D-01  7.166406672358D-01
  7.166392990405D-01  7.166383389204D-01  7.166368841647D-01  7.166358321408D-01
  7.166342798873D-01  7.166331245073D-01  7.166314627609D-01  7.166301914577D-01
  7.166284070488D-01  7.166270060181D-01  7.166250844736D-01  7.166235385382D-01
  7.166214639396D-01  7.166197564004D-01  7.166175112271D-01  7.166156236987D-01
  7.166131886547D-01  7.166111008832D-01  7.166084547067D-01  7.166061443694D-01
  7.166032636217D-01  7.166007061058D-01  7.165975649387D-01  7.165947330965D-01
  7.165913029954D-01  7.165881668743D-01  7.165844163743D-01  7.165809429188D-01
  7.165768372910D-01  7.165729900126D-01  7.165684909181D-01  7.165642295316D-01
  7.165592946387D-01  7.165545746600D-01  7.165491572209D-01  7.165439295222D-01
  7.165379779065D-01  7.165321882256D-01  7.165256454036D-01  7.165192338008D-01
  7.165120367730D-01  7.165049370315D-01  7.164970161982D-01  7.164891551612D-01
  7.164804336255D-01  7.164717304638D-01  7.164621232615D-01  7.164524886634D-01
  7.164419019119D-01  7.164312371885D-01  7.164195671459D-01  7.164077632423D-01
  7.163948952671D-01  7.163818316685D-01  7.163676390706D-01  7.163531825938D-01
  7.163375253634D-01  7.163215288211D-01  7.163042522242D-01  7.162865529478D-01
  7.162674859733D-01  7.162479041803D-01  7.162268578233D-01  7.162051948122D-01
  7.161819601760D-01  7.161579963306D-01  7.161323425283D-01  7.161058351115D-01
  7.160775069460D-01  7.160481876597D-01  7.160169030581D-01  7.159844753458D-01
  7.159499225228D-01  7.159140585865D-01  7.158758929068D-01  7.158362304076D-01
  7.157940709171D-01  7.157502093268D-01  7.157036349151D-01  7.156551314805D-01
  7.156036766363D-01  7.155500419153D-01  7.154931920318D-01  7.154338849547D-01
  7.153710711348D-01  7.153054935414D-01  7.152360868508D-01  7.151635774442D-01
  7.150868825518D-01  7.150067102084D-01  7.149219583482D-01  7.148333147130D-01
  7.147396558931D-01  7.146416471828D-01  7.145381415612D-01  7.144297794889D-01
  7.143153878230D-01  7.141955795484D-01  7.140691526190D-01  7.139366896169D-01
  7.137969565116D-01  7.136505022394D-01  7.134960573711D-01  7.133341336025D-01
  7.131634223208D-01  7.129843939960D-01  7.127956966349D-01  7.125977550620D-01
  7.123891692481D-01  7.121703134684D-01  7.119397344913D-01  7.116977505997D-01
  7.114428496238D-01  7.111752878097D-01  7.108934876785D-01  7.105976367233D-01
  7.102860850751D-01  7.099589440077D-01  7.096144833870D-01  7.092527299614D-01
  7.088718645678D-01  7.084718201820D-01  7.080506788510D-01  7.076082694742D-01
  7.071425644284D-01  7.066532770452D-01  7.061382578906D-01  7.055970918993D-01
  7.050274942651D-01  7.044289071866D-01  7.037988953185D-01  7.031367420761D-01
  7.024398445885D-01  7.017073095027D-01  7.009363473700D-01  7.001258678799D-01
  6.992728735995D-01  6.983760545560D-01  6.974321812362D-01  6.964396984201D-01
  6.953951173314D-01  6.942966086083D-01  6.931403934755D-01  6.919243357156D-01
  6.906443317086D-01  6.892979012415D-01  6.878805762308D-01  6.863894901750D-01
  6.848197653371D-01  6.831681006036D-01  6.814291568589D-01  6.795991429618D-01
  6.776721989849D-01  6.756439799564D-01  6.735080365635D-01  6.712593962256D-01
  6.688909407694D-01  6.663969842969D-01  6.637696472218D-01  6.610024302670D-01
  6.580865841034D-01  6.550146786450D-01  6.517769673443D-01  6.483649507414D-01
  6.447677342296D-01  6.409755845462D-01  6.369762795135D-01  6.327586558141D-01
  6.283089488198D-01  6.236143295501D-01  6.186592321955D-01  6.134288775888D-01
  6.079055853789D-01  6.020722806086D-01  5.959087866565D-01  5.893953105664D-01
  5.825087117902D-01  5.752259606855D-01  5.675203766911D-01  5.593650528183D-01
  5.507290550745D-01  5.415808037151D-01  5.318842233817D-01  5.216020692195D-01
  5.106920141718D-01  4.991099046508D-01  4.868057675371D-01  4.737269757877D-01
  4.598141528030D-01  4.450042221631D-01  4.292261845047D-01  4.124040139578D-01
  3.944522682043D-01  3.752789798268D-01  3.547804261757D-01  3.328446391271D-01
  3.093453755246D-01
