In49 POTENTIAL                      exc: Vosko,Wilk,Nusair      
  2.31897314  6.66250000  2.29182178
  49.00000
   2.53289   0.8007018794   0.8498776284
353
 0.25000000D-01 0.38184860D-03
 9 1
    0  -1.96656160000D+03
    0  -2.87428550000D+02
    0  -5.37136240000D+01
    0  -7.39818510000D+00
    1  -2.68528840000D+02
    1  -4.59639090000D+01
    1  -4.86454470000D+00
    2  -3.15522220000D+01
    2  -7.38539920000D-01
  4.724941001659D+02  4.725211480329D+02  4.725488123272D+02  4.725770992009D+02
  4.726060174814D+02  4.726355812000D+02  4.726658001139D+02  4.726966883632D+02
  4.727282559349D+02  4.727605171048D+02  4.727934820189D+02  4.728271650547D+02
  4.728615764654D+02  4.728967306905D+02  4.729326380385D+02  4.729693129630D+02
  4.730067657714D+02  4.730450108749D+02  4.730840585165D+02  4.731239230004D+02
  4.731646144331D+02  4.732061469373D+02  4.732485304028D+02  4.732917786857D+02
  4.733359013679D+02  4.733809119433D+02  4.734268195831D+02  4.734736373113D+02
  4.735213737732D+02  4.735700414013D+02  4.736196481861D+02  4.736702058333D+02
  4.737217215345D+02  4.737742061166D+02  4.738276658125D+02  4.738821104012D+02
  4.739375449788D+02  4.739939780895D+02  4.740514134945D+02  4.741098582959D+02
  4.741693147106D+02  4.742297881597D+02  4.742912790583D+02  4.743537909119D+02
  4.744173220764D+02  4.744818738550D+02  4.745474422532D+02  4.746140260670D+02
  4.746816186324D+02  4.747502159042D+02  4.748198081999D+02  4.748903882688D+02
  4.749619430288D+02  4.750344616266D+02  4.751079271666D+02  4.751823247608D+02
  4.752576332505D+02  4.753338332449D+02  4.754108988353D+02  4.754888056223D+02
  4.755675224209D+02  4.756470192772D+02  4.757272591638D+02  4.758082059852D+02
  4.758898162633D+02  4.759720471315D+02  4.760548480102D+02  4.761381685885D+02
  4.762219504905D+02  4.763061352445D+02  4.763906559391D+02  4.764754451811D+02
  4.765604267409D+02  4.766455234991D+02  4.767306490821D+02  4.768157157972D+02
  4.769006262590D+02  4.769852813141D+02  4.770695716583D+02  4.771533857517D+02
  4.772366014280D+02  4.773190938014D+02  4.774007268689D+02  4.774813614098D+02
  4.775608465837D+02  4.776390278244D+02  4.777157384342D+02  4.777908074756D+02
  4.778640513646D+02  4.779352817618D+02  4.780042971684D+02  4.780708908199D+02
  4.781348422873D+02  4.781959253781D+02  4.782538997467D+02  4.783085188066D+02
  4.783595213547D+02  4.784066394997D+02  4.784495903057D+02  4.784880837421D+02
  4.785218143528D+02  4.785504692341D+02  4.785737197353D+02  4.785912294719D+02
  4.786026460657D+02  4.786076092001D+02  4.786057424077D+02  4.785966611765D+02
  4.785799647932D+02  4.785552445093D+02  4.785220754493D+02  4.784800248459D+02
  4.784286440226D+02  4.783674767080D+02  4.782960511023D+02  4.782138882807D+02
  4.781204943538D+02  4.780153689690D+02  4.778979975754D+02  4.777678600326D+02
  4.776244229883D+02  4.774671486037D+02  4.772954870515D+02  4.771088853654D+02
  4.769067800656D+02  4.766886061376D+02  4.764537897892D+02  4.762017575628D+02
  4.759319292259D+02  4.756437270162D+02  4.753365686645D+02  4.750098767695D+02
  4.746630719472D+02  4.742955823270D+02  4.739068368169D+02  4.734962747076D+02
  4.730633390366D+02  4.726074862804D+02  4.721281797942D+02  4.716248995650D+02
  4.710971356954D+02  4.705443981831D+02  4.699662104095D+02  4.693621189006D+02
  4.687316867736D+02  4.680745034264D+02  4.673901778832D+02  4.666783483522D+02
  4.659386754043D+02  4.651708513270D+02  4.643745930623D+02  4.635496512796D+02
  4.626958029910D+02  4.618128602593D+02  4.609006624060D+02  4.599590842689D+02
  4.589880279169D+02  4.579874303740D+02  4.569572547616D+02  4.558974974138D+02
  4.548081783814D+02  4.536893478814D+02  4.525410761260D+02  4.513634590780D+02
  4.501566075910D+02  4.489206525038D+02  4.476557331431D+02  4.463620018367D+02
  4.450396119097D+02  4.436887217892D+02  4.423094827198D+02  4.409020427447D+02
  4.394665344865D+02  4.380030794163D+02  4.365117761788D+02  4.349927056946D+02
  4.334459206343D+02  4.318714520060D+02  4.302693004619D+02  4.286394450607D+02
  4.269818370657D+02  4.252964114667D+02  4.235830837257D+02  4.218417643262D+02
  4.200723584792D+02  4.182747833898D+02  4.164489702379D+02  4.145948830581D+02
  4.127125214584D+02  4.108019391730D+02  4.088632452414D+02  4.068966197365D+02
  4.049023108548D+02  4.028806454175D+02  4.008320198355D+02  3.987569039268D+02
  3.966558250573D+02  3.945293654546D+02  3.923781406211D+02  3.902027921069D+02
  3.880039628905D+02  3.857822888296D+02  3.835383744999D+02  3.812727868204D+02
  3.789860346018D+02  3.766785671434D+02  3.743507596804D+02  3.720029184468D+02
  3.696352727994D+02  3.672479868331D+02  3.648411576479D+02  3.624148324609D+02
  3.599690115448D+02  3.575036690612D+02  3.550187586932D+02  3.525142361136D+02
  3.499900651932D+02  3.474462400173D+02  3.448827896662D+02  3.422997979018D+02
  3.396974047900D+02  3.370758225189D+02  3.344353325448D+02  3.317762964335D+02
  3.290991476858D+02  3.264043970516D+02  3.236926187891D+02  3.209644505547D+02
  3.182205745792D+02  3.154617130422D+02  3.126886055026D+02  3.099020016061D+02
  3.071026371536D+02  3.042912269671D+02  3.014684429211D+02  2.986349107087D+02
  2.957911937906D+02  2.929377980196D+02  2.900751651187D+02  2.872036879817D+02
  2.843237151791D+02  2.814355765657D+02  2.785395961067D+02  2.756361224889D+02
  2.727255424694D+02  2.698083067823D+02  2.668849334869D+02  2.639560193466D+02
  2.610222257332D+02  2.580842719015D+02  2.551429046551D+02  2.521988795695D+02
  2.492529244852D+02  2.463057211904D+02  2.433578757651D+02  2.404099124003D+02
  2.374622594823D+02  2.345152608418D+02  2.315691791262D+02  2.286242226574D+02
  2.256805616144D+02  2.227383642241D+02  2.197978184892D+02  2.168591701946D+02
  2.139227429537D+02  2.109889714074D+02  2.080584138573D+02  2.051317759352D+02
  2.022099121145D+02  1.992938371772D+02  1.963847148685D+02  1.934838563943D+02
  1.905926963338D+02  1.877127789982D+02  1.848457232463D+02  1.819931990378D+02
  1.791568841478D+02  1.763384346276D+02  1.735394378285D+02  1.707613819881D+02
  1.680056117077D+02  1.652733038958D+02  1.625654341702D+02  1.598827689300D+02
  1.572258535637D+02  1.545950319587D+02  1.519904667926D+02  1.494121932596D+02
  1.468601712935D+02  1.443343626771D+02  1.418347910338D+02  1.393616053252D+02
  1.369151031694D+02  1.344957391228D+02  1.321040849760D+02  1.297407812413D+02
  1.274064594951D+02  1.251016815961D+02  1.228268748290D+02  1.205823023253D+02
  1.183680384109D+02  1.161839794027D+02  1.140298532999D+02  1.119052557929D+02
  1.098096755124D+02  1.077425370263D+02  1.057032263387D+02  1.036911293127D+02
  1.017056495524D+02  9.974623748085D+01  9.781239823385D+01  9.590371082864D+01
  9.401982665659D+01  9.216048014829D+01  9.032547979370D+01  8.851471246349D+01
  8.672812923463D+01  8.496574564034D+01  8.322762448895D+01  8.151387408797D+01
  7.982462992166D+01  7.816005250807D+01  7.652030937420D+01  7.490557375898D+01
  7.331600787619D+01  7.175176323890D+01  7.021296578646D+01  6.869971822464D+01
  6.721208725194D+01  6.575010801455D+01  6.431377342106D+01  6.290304061518D+01
  6.151782222049D+01  6.015799463095D+01  5.882339096031D+01  5.751381090712D+01
  5.622901514623D+01  5.496873647120D+01  5.373267527004D+01  5.252051148813D+01
  5.133190059347D+01  5.016648559874D+01  4.902389258926D+01  4.790374175833D+01
  4.680564143407D+01  4.572919718877D+01  4.467400370905D+01  4.363965172459D+01
  4.262571792698D+01  4.163177045903D+01  4.065735737067D+01  3.970201219009D+01
  3.876524184978D+01
N_07 POTENTIAL                      exc: Vosko,Wilk,Nusair      
  1.76095821  6.66250000  1.77099661
   7.00000
   2.05765   0.8007018794   0.8498776284
353
 0.25000000D-01 0.31020338D-03
 2 1
    0  -2.69998930000D+01
    0  -4.29582100000D-01
  2.602658843146D+01  2.602697981805D+01  2.602738073866D+01  2.602781723468D+01
  2.602826967325D+01  2.602873581237D+01  2.602921445298D+01  2.602970599948D+01
  2.603021001771D+01  2.603072721581D+01  2.603125730781D+01  2.603180108640D+01
  2.603235832052D+01  2.603292984252D+01  2.603351545269D+01  2.603411600988D+01
  2.603473133806D+01  2.603536231800D+01  2.603600879458D+01  2.603667166890D+01
  2.603735080583D+01  2.603804712636D+01  2.603876051528D+01  2.603949191360D+01
  2.604024122635D+01  2.604100941499D+01  2.604179640530D+01  2.604260317982D+01
  2.604342968573D+01  2.604427692732D+01  2.604514487392D+01  2.604603455236D+01
  2.604694595494D+01  2.604788013185D+01  2.604883709917D+01  2.604981793132D+01
  2.605082266907D+01  2.605185241196D+01  2.605290722649D+01  2.605398824141D+01
  2.605509593556D+01  2.605623106545D+01  2.605739375167D+01  2.605858517499D+01
  2.605980548434D+01  2.606105588932D+01  2.606233656818D+01  2.606364876035D+01
  2.606499267436D+01  2.606636958042D+01  2.606777971836D+01  2.606922439010D+01
  2.607070386772D+01  2.607221948586D+01  2.607377154976D+01  2.607536142770D+01
  2.607698945904D+01  2.607865704660D+01  2.608036456472D+01  2.608211345167D+01
  2.608390411762D+01  2.608573803710D+01  2.608761565693D+01  2.608953848865D+01
  2.609150701647D+01  2.609352278967D+01  2.609558633049D+01  2.609769922656D+01
  2.609986203874D+01  2.610207639353D+01  2.610434289086D+01  2.610666319648D+01
  2.610903794978D+01  2.611146885602D+01  2.611395659418D+01  2.611650290917D+01
  2.611910851961D+01  2.612177520996D+01  2.612450373828D+01  2.612729592832D+01
  2.613015257718D+01  2.613307554736D+01  2.613606567434D+01  2.613912485857D+01
  2.614225397297D+01  2.614545495482D+01  2.614872871321D+01  2.615207722079D+01
  2.615550142115D+01  2.615900332046D+01  2.616258389474D+01  2.616624518139D+01
  2.616998818631D+01  2.617381497532D+01  2.617772658114D+01  2.618172509467D+01
  2.618581157177D+01  2.618998812443D+01  2.619425582738D+01  2.619861680901D+01
  2.620307215787D+01  2.620762401333D+01  2.621227347189D+01  2.621702267763D+01
  2.622187272823D+01  2.622682576527D+01  2.623188287990D+01  2.623704620286D+01
  2.624231680997D+01  2.624769681176D+01  2.625318725864D+01  2.625879023025D+01
  2.626450674025D+01  2.627033882534D+01  2.627628744963D+01  2.628235459329D+01
  2.628854115649D+01  2.629484904765D+01  2.630127908689D+01  2.630783309381D+01
  2.631451179049D+01  2.632131688872D+01  2.632824899246D+01  2.633530968452D+01
  2.634249942850D+01  2.634981965477D+01  2.635727066181D+01  2.636485370161D+01
  2.637256888025D+01  2.638041724263D+01  2.638839867233D+01  2.639651397557D+01
  2.640476278031D+01  2.641314561937D+01  2.642166182873D+01  2.643031162977D+01
  2.643909402667D+01  2.644800888775D+01  2.645705484192D+01  2.646623135904D+01
  2.647553664535D+01  2.648496972285D+01  2.649452832363D+01  2.650421096816D+01
  2.651401485856D+01  2.652393795570D+01  2.653397687137D+01  2.654412894414D+01
  2.655439013035D+01  2.656475707877D+01  2.657522502032D+01  2.658578984149D+01
  2.659644597275D+01  2.660718846076D+01  2.661801085543D+01  2.662890728083D+01
  2.663987032102D+01  2.665089308958D+01  2.666196711420D+01  2.667308440493D+01
  2.668423533747D+01  2.669541072025D+01  2.670659967645D+01  2.671779170992D+01
  2.672897458607D+01  2.674013639669D+01  2.675126343984D+01  2.676234228368D+01
  2.677335764548D+01  2.678429445465D+01  2.679513573104D+01  2.680586464740D+01
  2.681646240718D+01  2.682691030660D+01  2.683718761234D+01  2.684727362355D+01
  2.685714554959D+01  2.686678057248D+01  2.687615372512D+01  2.688523995447D+01
  2.689401200085D+01  2.690244246231D+01  2.691050167550D+01  2.691815978188D+01
  2.692538461072D+01  2.693214374786D+01  2.693840242153D+01  2.694412557436D+01
  2.694927575286D+01  2.695381518350D+01  2.695770366671D+01  2.696090065793D+01
  2.696336316714D+01  2.696504784590D+01  2.696590889338D+01  2.696590015050D+01
  2.696497301366D+01  2.696307853705D+01  2.696016535531D+01  2.695618179530D+01
  2.695107380879D+01  2.694478709509D+01  2.693726504507D+01  2.692845087585D+01
  2.691828558754D+01  2.690671011120D+01  2.689366327967D+01  2.687908399011D+01
  2.686290918995D+01  2.684507605536D+01  2.682551999348D+01  2.680417683775D+01
  2.678098086748D+01  2.675586702092D+01  2.672876893295D+01  2.669962116650D+01
  2.666835726881D+01  2.663491202160D+01  2.659921951605D+01  2.656121542157D+01
  2.652083507922D+01  2.647801578852D+01  2.643269491855D+01  2.638481221170D+01
  2.633430791090D+01  2.628112507864D+01  2.622520773821D+01  2.616650320546D+01
  2.610496024119D+01  2.604053139228D+01  2.597317115157D+01  2.590283830414D+01
  2.582949408996D+01  2.575310455028D+01  2.567363868745D+01  2.559107080530D+01
  2.550537865960D+01  2.541654578544D+01  2.532455963071D+01  2.522941386258D+01
  2.513110647572D+01  2.502964206894D+01  2.492502991897D+01  2.481728621780D+01
  2.470643210221D+01  2.459249584168D+01  2.447551081337D+01  2.435551763025D+01
  2.423256205087D+01  2.410669703786D+01  2.397798059180D+01  2.384647772895D+01
  2.371225823044D+01  2.357539852984D+01  2.343597936802D+01  2.329408758235D+01
  2.314981365952D+01  2.300325341956D+01  2.285450546090D+01  2.270367273452D+01
  2.255085987800D+01  2.239617467819D+01  2.223972529438D+01  2.208162161176D+01
  2.192197235847D+01  2.176088635746D+01  2.159846954847D+01  2.143482615352D+01
  2.127005562379D+01  2.110425374477D+01  2.093750954121D+01  2.076990636377D+01
  2.060151880459D+01  2.043241383048D+01  2.026264778947D+01  2.009226768881D+01
  1.992130841127D+01  1.974979428018D+01  1.957773665276D+01  1.940513596522D+01
  1.923197992055D+01  1.905824625009D+01  1.888390174137D+01  1.870890595468D+01
  1.853321129817D+01  1.835676784309D+01  1.817952448588D+01  1.800143475313D+01
  1.782245874892D+01  1.764256941999D+01  1.746175451713D+01  1.728002232548D+01
  1.709740248060D+01  1.691394994401D+01  1.672974353299D+01  1.654488723711D+01
  1.635950594048D+01  1.617374404418D+01  1.598775886672D+01  1.580171753274D+01
  1.561578936618D+01  1.543014254350D+01  1.524493697617D+01  1.506032205736D+01
  1.487643107479D+01  1.469338074234D+01  1.451126747987D+01  1.433016875111D+01
  1.415014098321D+01  1.397122231236D+01  1.379343164779D+01  1.361677229525D+01
  1.344123164838D+01  1.326678521688D+01  1.309339653332D+01  1.292102124249D+01
  1.274960694757D+01  1.257909714665D+01  1.240943085881D+01  1.224054629419D+01
  1.207238018355D+01  1.190487113520D+01  1.173795864469D+01  1.157158613257D+01
  1.140569964127D+01  1.124025057048D+01  1.107519408474D+01  1.091049157454D+01
  1.074610880582D+01  1.058201813964D+01  1.041819645714D+01  1.025462717130D+01
  1.009129796004D+01  9.928202601343D+00  9.765338543921D+00  9.602708592636D+00
  9.440318340880D+00  9.278177726872D+00  9.116298344548D+00  8.954694883188D+00
  8.793382324536D+00  8.632377268342D+00  8.471695013026D+00  8.311350759047D+00
  8.151356559923D+00  7.991722385487D+00  7.832452922546D+00  7.673548473793D+00
  7.515001584368D+00  7.356797804111D+00  7.198911967352D+00  7.041308990545D+00
  6.883939822342D+00
Vac0 POTENTIAL                      exc: Vosko,Wilk,Nusair      
  2.31897314  6.66250000  2.29182178
   0.00000
   2.53289   0.8007018794   0.8498776284
353
 0.25000000D-01 0.38184860D-03
 0 1
  7.879439055994D-01  7.879191318259D-01  7.878929129258D-01  7.878854172559D-01
  7.878811320482D-01  7.878793943970D-01  7.878778814739D-01  7.878779195259D-01
  7.878777584019D-01  7.878789491334D-01  7.878798490144D-01  7.878820686571D-01
  7.878840028142D-01  7.878872886421D-01  7.878903419746D-01  7.878948183730D-01
  7.878991510294D-01  7.879050130102D-01  7.879108558576D-01  7.879183725108D-01
  7.879260364881D-01  7.879355653055D-01  7.879454602688D-01  7.879574705167D-01
  7.879701335394D-01  7.879852399527D-01  7.880013749724D-01  7.880203842965D-01
  7.880409167119D-01  7.880648915098D-01  7.880910427627D-01  7.881213886904D-01
  7.881547783067D-01  7.881933635173D-01  7.882361489662D-01  7.882854679133D-01
  7.883405346675D-01  7.884038330604D-01  7.884683367320D-01  7.884957321840D-01
  7.884678244910D-01  7.884421770857D-01  7.884170698448D-01  7.883940233851D-01
  7.883713359734D-01  7.883505445580D-01  7.883299619223D-01  7.883111379660D-01
  7.882923970633D-01  7.882752994949D-01  7.882581789719D-01  7.882426041833D-01
  7.882269164257D-01  7.882126912547D-01  7.881982761871D-01  7.881852524251D-01
  7.881719726211D-01  7.881600226612D-01  7.881477594721D-01  7.881367728461D-01
  7.881254232880D-01  7.881153038715D-01  7.881047781161D-01  7.880954418651D-01
  7.880856611932D-01  7.880770342996D-01  7.880679294336D-01  7.880599468018D-01
  7.880514565164D-01  7.880440605100D-01  7.880361304941D-01  7.880292698869D-01
  7.880218517828D-01  7.880154808858D-01  7.880085314877D-01  7.880026094124D-01
  7.879960899907D-01  7.879905800222D-01  7.879844557517D-01  7.879793248265D-01
  7.879735642904D-01  7.879687825399D-01  7.879633573194D-01  7.879588976841D-01
  7.879537819965D-01  7.879496198922D-01  7.879447902787D-01  7.879409033082D-01
  7.879363383698D-01  7.879327060713D-01  7.879283862314D-01  7.879249898603D-01
  7.879208971599D-01  7.879177194999D-01  7.879138374205D-01  7.879108626111D-01
  7.879071759145D-01  7.879043893049D-01  7.879008838947D-01  7.878982719113D-01
  7.878949347065D-01  7.878924847340D-01  7.878893035588D-01  7.878870038357D-01
  7.878839673193D-01  7.878818068427D-01  7.878789043279D-01  7.878768727660D-01
  7.878740942276D-01  7.878721818421D-01  7.878695178102D-01  7.878677153838D-01
  7.878651568764D-01  7.878634556447D-01  7.878609941008D-01  7.878593856910D-01
  7.878570129104D-01  7.878554892813D-01  7.878531973681D-01  7.878517507551D-01
  7.878495320616D-01  7.878481549218D-01  7.878460019967D-01  7.878446869568D-01
  7.878425924930D-01  7.878413322990D-01  7.878392890822D-01  7.878380765473D-01
  7.878360774067D-01  7.878349053623D-01  7.878329431178D-01  7.878318043603D-01
  7.878298717720D-01  7.878287590113D-01  7.878268487258D-01  7.878257545312D-01
  7.878238590257D-01  7.878227757694D-01  7.878208872956D-01  7.878198070928D-01
  7.878179176153D-01  7.878168322633D-01  7.878149333950D-01  7.878138343063D-01
  7.878119172407D-01  7.878107953712D-01  7.878088508090D-01  7.878076965836D-01
  7.878057146527D-01  7.878045178819D-01  7.878024880533D-01  7.878012378447D-01
  7.877991488389D-01  7.877978335010D-01  7.877956731876D-01  7.877942801239D-01
  7.877920354119D-01  7.877905510068D-01  7.877882077242D-01  7.877866172167D-01
  7.877841599796D-01  7.877824473264D-01  7.877798593941D-01  7.877780071182D-01
  7.877752702359D-01  7.877732592608D-01  7.877703534851D-01  7.877681629527D-01
  7.877650664606D-01  7.877626735307D-01  7.877593624093D-01  7.877567420381D-01
  7.877531900525D-01  7.877503147500D-01  7.877464930877D-01  7.877433326489D-01
  7.877392096384D-01  7.877357308476D-01  7.877312716473D-01  7.877274379516D-01
  7.877226042073D-01  7.877183753564D-01  7.877131248227D-01  7.877084564715D-01
  7.877027425940D-01  7.876975858637D-01  7.876913573179D-01  7.876856583110D-01
  7.876788584930D-01  7.876725577588D-01  7.876651242228D-01  7.876581561654D-01
  7.876500200025D-01  7.876423122283D-01  7.876333973799D-01  7.876248699761D-01
  7.876150924762D-01  7.876056572137D-01  7.875949243504D-01  7.875844838037D-01
  7.875726931941D-01  7.875611397674D-01  7.875481783348D-01  7.875353931877D-01
  7.875211360309D-01  7.875069878898D-01  7.874912970346D-01  7.874756408797D-01
  7.874583638982D-01  7.874410395126D-01  7.874220079981D-01  7.874028383639D-01
  7.873818662444D-01  7.873606557703D-01  7.873375374458D-01  7.873140700079D-01
  7.872885782902D-01  7.872626150674D-01  7.872344989038D-01  7.872057759836D-01
  7.871747579410D-01  7.871429836746D-01  7.871087571577D-01  7.870736092354D-01
  7.870358354126D-01  7.869969576313D-01  7.869552620355D-01  7.869122607255D-01
  7.868662294970D-01  7.868186695712D-01  7.867678453041D-01  7.867152458906D-01
  7.866591230407D-01  7.866009526543D-01  7.865389724616D-01  7.864746436651D-01
  7.864061885402D-01  7.863350520412D-01  7.862594393582D-01  7.861807774823D-01
  7.860972527146D-01  7.860102721870D-01  7.859180013171D-01  7.858218252802D-01
  7.857198864048D-01  7.856135455900D-01  7.855009196353D-01  7.853833425976D-01
  7.852589030488D-01  7.851289053655D-01  7.849914069058D-01  7.848476792258D-01
  7.846957451665D-01  7.845368399883D-01  7.843689483596D-01  7.841932654000D-01
  7.840077335592D-01  7.838135035596D-01  7.836084711534D-01  7.833937379539D-01
  7.831671480575D-01  7.829297487506D-01  7.826793269821D-01  7.824168699329D-01
  7.821401013218D-01  7.818499418217D-01  7.815440451807D-01  7.812232584687D-01
  7.808851579922D-01  7.805305093513D-01  7.801568031263D-01  7.797647147226D-01
  7.793516398025D-01  7.789181538947D-01  7.784615475405D-01  7.779822856403D-01
  7.774775422816D-01  7.769476597900D-01  7.763896832006D-01  7.758038189781D-01
  7.751869690881D-01  7.745391893440D-01  7.738572230289D-01  7.731409588213D-01
  7.723869639092D-01  7.715949414389D-01  7.707612630550D-01  7.698854258062D-01
  7.689635840317D-01  7.679950056480D-01  7.669756032886D-01  7.659043898785D-01
  7.647770089177D-01  7.635921892321D-01  7.623452742683D-01  7.610346758865D-01
  7.596554025053D-01  7.582055117724D-01  7.566796373638D-01  7.550754403288D-01
  7.533871343025D-01  7.516119352721D-01  7.497435849050D-01  7.477787984207D-01
  7.457107856601D-01  7.435356966677D-01  7.412461400349D-01  7.388376256897D-01
  7.363020799261D-01  7.336342847657D-01  7.308253889293D-01  7.278693429625D-01
  7.247564052074D-01  7.214795716632D-01  7.180280757627D-01  7.143938116571D-01
  7.105648262768D-01  7.065317343689D-01  7.022812009089D-01  6.978023457570D-01
  6.930802139574D-01  6.881021672891D-01  6.828513393129D-01  6.773130103325D-01
  6.714680431821D-01  6.652992371381D-01  6.587847393232D-01  6.519043718537D-01
  6.446330122983D-01  6.369468867241D-01  6.288169107931D-01  6.202149392788D-01
  6.111070569940D-01  6.014597726531D-01  5.912332457567D-01  5.803874092244D-01
  5.688751144525D-01  5.566481627730D-01  5.436503459960D-01  5.298233613252D-01
  5.150997186986D-01  4.994085072802D-01  4.826681338668D-01  4.647919017649D-01
  4.456805369479D-01  4.252275318565D-01  4.033114130916D-01  3.798007914464D-01
  3.545463146966D-01  3.273855394085D-01  2.981339889009D-01  2.665903105177D-01
  2.325266097425D-01
Vac0 POTENTIAL                      exc: Vosko,Wilk,Nusair      
  1.76095821  6.66250000  1.77099661
   0.00000
   2.05765   0.8007018794   0.8498776284
353
 0.25000000D-01 0.31020338D-03
 0 1
  5.909184505867D-01  5.908803649002D-01  5.908409192496D-01  5.908289706072D-01
  5.908223341564D-01  5.908183785014D-01  5.908152564084D-01  5.908133005176D-01
  5.908115045825D-01  5.908105259808D-01  5.908095096022D-01  5.908091925473D-01
  5.908087660901D-01  5.908089965340D-01  5.908090949152D-01  5.908098418052D-01
  5.908104591647D-01  5.908117365758D-01  5.908129038295D-01  5.908147576781D-01
  5.908165348409D-01  5.908190390271D-01  5.908215141675D-01  5.908247716317D-01
  5.908280636237D-01  5.908322105852D-01  5.908364747867D-01  5.908416879092D-01
  5.908471248416D-01  5.908536315063D-01  5.908604989335D-01  5.908685913670D-01
  5.908772206820D-01  5.908872749294D-01  5.908980931827D-01  5.909105945996D-01
  5.909241536319D-01  5.909397135149D-01  5.909552547638D-01  5.909607591371D-01
  5.909522698696D-01  5.909446084800D-01  5.909369618074D-01  5.909300831165D-01
  5.909231647542D-01  5.909169648656D-01  5.909106801599D-01  5.909050726576D-01
  5.908993425457D-01  5.908942549547D-01  5.908890128727D-01  5.908843839568D-01
  5.908795734689D-01  5.908753511227D-01  5.908709240503D-01  5.908670636618D-01
  5.908629786284D-01  5.908594417683D-01  5.908556630364D-01  5.908524164228D-01
  5.908489129569D-01  5.908459276159D-01  5.908426723332D-01  5.908399229170D-01
  5.908368920723D-01  5.908343563126D-01  5.908315289934D-01  5.908291872355D-01
  5.908265449491D-01  5.908243797770D-01  5.908219061078D-01  5.908199020302D-01
  5.908175823498D-01  5.908157255371D-01  5.908135467591D-01  5.908118248218D-01
  5.908097752044D-01  5.908081770031D-01  5.908062459690D-01  5.908047614556D-01
  5.908029394520D-01  5.908015595334D-01  5.907998378982D-01  5.907985543181D-01
  5.907969251759D-01  5.907957304140D-01  5.907941865785D-01  5.907930737646D-01
  5.907916086583D-01  5.907905714910D-01  5.907891790736D-01  5.907882117562D-01
  5.907868864623D-01  5.907859836444D-01  5.907847203249D-01  5.907838770489D-01
  5.907826709248D-01  5.907818825792D-01  5.907807291968D-01  5.907799914753D-01
  5.907788866655D-01  5.907781955285D-01  5.907771353732D-01  5.907764870138D-01
  5.907754678104D-01  5.907748586244D-01  5.907738768582D-01  5.907733034128D-01
  5.907723557280D-01  5.907718147368D-01  5.907708979096D-01  5.907703862075D-01
  5.907694971243D-01  5.907690116411D-01  5.907681472710D-01  5.907676850114D-01
  5.907668423868D-01  5.907664004048D-01  5.907655765968D-01  5.907651519754D-01
  5.907643440737D-01  5.907639339026D-01  5.907631389915D-01  5.907627403450D-01
  5.907619554823D-01  5.907615653959D-01  5.907607875900D-01  5.907604030387D-01
  5.907596292249D-01  5.907592470979D-01  5.907584741138D-01  5.907580911909D-01
  5.907573157508D-01  5.907569286744D-01  5.907561473423D-01  5.907557525906D-01
  5.907549617515D-01  5.907545556081D-01  5.907537514365D-01  5.907533299587D-01
  5.907525083853D-01  5.907520673692D-01  5.907512240460D-01  5.907507589890D-01
  5.907498892493D-01  5.907493953099D-01  5.907484941262D-01  5.907479660795D-01
  5.907470280175D-01  5.907464602073D-01  5.907454793752D-01  5.907448656608D-01
  5.907438356545D-01  5.907431693527D-01  5.907420831948D-01  5.907413570171D-01
  5.907402070905D-01  5.907394130731D-01  5.907381910479D-01  5.907373204751D-01
  5.907360172285D-01  5.907350605480D-01  5.907336660754D-01  5.907326128060D-01
  5.907311161239D-01  5.907299547529D-01  5.907283437911D-01  5.907270616614D-01
  5.907253231448D-01  5.907239063305D-01  5.907220256484D-01  5.907204588177D-01
  5.907184198792D-01  5.907166861428D-01  5.907144712183D-01  5.907125519620D-01
  5.907101415068D-01  5.907080162072D-01  5.907053886680D-01  5.907030346883D-01
  5.907001662888D-01  5.906975586538D-01  5.906944231577D-01  5.906915343052D-01
  5.906881027553D-01  5.906849022609D-01  5.906811426901D-01  5.906775969640D-01
  5.906734740762D-01  5.906695460279D-01  5.906650208453D-01  5.906606695128D-01
  5.906556989869D-01  5.906508791272D-01  5.906454157077D-01  5.906400773445D-01
  5.906340685041D-01  5.906281564277D-01  5.906215441362D-01  5.906149973509D-01
  5.906077174943D-01  5.906004686073D-01  5.905924503456D-01  5.905844248925D-01
  5.905755899503D-01  5.905667056486D-01  5.905569675303D-01  5.905471334548D-01
  5.905363965780D-01  5.905255122495D-01  5.905136709865D-01  5.905016253640D-01
  5.904885629822D-01  5.904752333492D-01  5.904608208405D-01  5.904460715739D-01
  5.904301663598D-01  5.904138475684D-01  5.903962920693D-01  5.903782380894D-01
  5.903588581421D-01  5.903388858740D-01  5.903174889825D-01  5.902953960509D-01
  5.902717694524D-01  5.902473321729D-01  5.902212406996D-01  5.901942118298D-01
  5.901653955439D-01  5.901355017975D-01  5.901036733764D-01  5.900706126725D-01
  5.900354545176D-01  5.899988929402D-01  5.899600539780D-01  5.899196224125D-01
  5.898767145576D-01  5.898320049704D-01  5.897845992126D-01  5.897351605354D-01
  5.896827826110D-01  5.896281161881D-01  5.895702417908D-01  5.895097963415D-01
  5.894458458232D-01  5.893790118671D-01  5.893083443736D-01  5.892344480612D-01
  5.891563550419D-01  5.890746513259D-01  5.889883493482D-01  5.888980144236D-01
  5.888026372183D-01  5.887027601511D-01  5.885973498031D-01  5.884869232596D-01
  5.883704204506D-01  5.882483304271D-01  5.881195636255D-01  5.879845780694D-01
  5.878422515505D-01  5.876930077478D-01  5.875356883147D-01  5.873706789068D-01
  5.871967811649D-01  5.870143386407D-01  5.868221086634D-01  5.866203881525D-01
  5.864078853544D-01  5.861848455287D-01  5.859499225406D-01  5.857033044052D-01
  5.854435847192D-01  5.851708880468D-01  5.848837411713D-01  5.845821983035D-01
  5.842647121320D-01  5.839312588328D-01  5.835802088935D-01  5.832114519004D-01
  5.828232671079D-01  5.824154479756D-01  5.819861724520D-01  5.815351272288D-01
  5.810603777030D-01  5.805614919117D-01  5.800364101315D-01  5.794845684511D-01
  5.789037679597D-01  5.782932979095D-01  5.776508044368D-01  5.769754132576D-01
  5.762645978572D-01  5.755173016518D-01  5.747308055715D-01  5.739038496100D-01
  5.730334997116D-01  5.721182686170D-01  5.711549819498D-01  5.701418982483D-01
  5.690755741268D-01  5.679539833628D-01  5.667733809841D-01  5.655314212536D-01
  5.642240205032D-01  5.628484738257D-01  5.614003164387D-01  5.598764388519D-01
  5.582719464967D-01  5.565832730853D-01  5.548050381827D-01  5.529331584084D-01
  5.509617025513D-01  5.488860001815D-01  5.466994938155D-01  5.443968443968D-01
  5.419707798971D-01  5.394151969909D-01  5.367220053211D-01  5.338842245187D-01
  5.308928231623D-01  5.277398100693D-01  5.244150667227D-01  5.209094314700D-01
  5.172115238604D-01  5.133108200134D-01  5.091944668788D-01  5.048503465528D-01
  5.002638779165D-01  4.954210670428D-01  4.903052929442D-01  4.849003403891D-01
  4.791871655393D-01  4.731469064108D-01  4.667576229388D-01  4.599972788972D-01
  4.528404492899D-01  4.452612656703D-01  4.372300816037D-01  4.287163708567D-01
  4.196853388340D-01  4.101007598563D-01  3.999215187238D-01  3.891043690596D-01
  3.776003842660D-01  3.653576128731D-01  3.523174140616D-01  3.384169757494D-01
  3.235854967924D-01  3.077466531480D-01  2.908141630109D-01  2.726945956827D-01
  2.532823280931D-01
