In49 POTENTIAL                      exc: Vosko,Wilk,Nusair      
  2.14187055  6.17500000  2.11957662
  49.00000
   2.34253   1.0890119656   0.9652351877
353
 0.25000000D-01 0.35315022D-03
 9 1
    0  -1.96656160000D+03
    0  -2.87428550000D+02
    0  -5.37136240000D+01
    0  -7.39818510000D+00
    1  -2.68528840000D+02
    1  -4.59639090000D+01
    1  -4.86454470000D+00
    2  -3.15522220000D+01
    2  -7.38539920000D-01
  4.728031859192D+02  4.728282040353D+02  4.728537969164D+02  4.728799714626D+02
  4.729067360307D+02  4.729341041841D+02  4.729620852538D+02  4.729906929519D+02
  4.730199368739D+02  4.730498309151D+02  4.730803848747D+02  4.731116128032D+02
  4.731435246616D+02  4.731761346242D+02  4.732094527718D+02  4.732434933647D+02
  4.732782665579D+02  4.733137866527D+02  4.733500638269D+02  4.733871123701D+02
  4.734249424249D+02  4.734635682082D+02  4.735029997615D+02  4.735432511595D+02
  4.735843322675D+02  4.736262569391D+02  4.736690347782D+02  4.737126793279D+02
  4.737571998351D+02  4.738026094313D+02  4.738489168987D+02  4.738961348433D+02
  4.739442714622D+02  4.739933387083D+02  4.740433440585D+02  4.740942986705D+02
  4.741462091501D+02  4.741990857013D+02  4.742529338911D+02  4.743077627931D+02
  4.743635767588D+02  4.744203835264D+02  4.744781860082D+02  4.745369904093D+02
  4.745967979838D+02  4.746576131554D+02  4.747194352696D+02  4.747822667059D+02
  4.748461046252D+02  4.749109490739D+02  4.749767947258D+02  4.750436389777D+02
  4.751114736851D+02  4.751802932490D+02  4.752500863449D+02  4.753208440003D+02
  4.753925513168D+02  4.754651955373D+02  4.755387577609D+02  4.756132210001D+02
  4.756885618869D+02  4.757647587200D+02  4.758417831624D+02  4.759196082770D+02
  4.759982002158D+02  4.760775262440D+02  4.761575464197D+02  4.762382216069D+02
  4.763195051448D+02  4.764013508497D+02  4.764837046738D+02  4.765665126959D+02
  4.766497127695D+02  4.767332425020D+02  4.768170308924D+02  4.769010062990D+02
  4.769850880674D+02  4.770691944865D+02  4.771532344063D+02  4.772371151841D+02
  4.773207342925D+02  4.774039872552D+02  4.774867592472D+02  4.775689330212D+02
  4.776503805001D+02  4.777309706960D+02  4.778105612963D+02  4.778890065767D+02
  4.779661489830D+02  4.780418270396D+02  4.781158669293D+02  4.781880904002D+02
  4.782583063458D+02  4.783263187127D+02  4.783919180844D+02  4.784548895941D+02
  4.785150045151D+02  4.785720281819D+02  4.786257115926D+02  4.786757993433D+02
  4.787220212458D+02  4.787641002814D+02  4.788017442401D+02  4.788346536983D+02
  4.788625136865D+02  4.788850016981D+02  4.789017793914D+02  4.789125006365D+02
  4.789168032608D+02  4.789143171411D+02  4.789046559999D+02  4.788874255524D+02
  4.788622153622D+02  4.788286070522D+02  4.787861662286D+02  4.787344507656D+02
  4.786730028073D+02  4.786013571357D+02  4.785190332610D+02  4.784255438816D+02
  4.783203870732D+02  4.782030548509D+02  4.780730254650D+02  4.779297720754D+02
  4.777727551629D+02  4.776014313230D+02  4.774152458008D+02  4.772136414106D+02
  4.769960512002D+02  4.767619075010D+02  4.765106347251D+02  4.762416585484D+02
  4.759543988401D+02  4.756482789776D+02  4.753227189059D+02  4.749771445783D+02
  4.746109811378D+02  4.742236624736D+02  4.738146245107D+02  4.733833148662D+02
  4.729291862280D+02  4.724517060876D+02  4.719503501809D+02  4.714246122672D+02
  4.708739975981D+02  4.702980327034D+02  4.696962588448D+02  4.690682417613D+02
  4.684135650557D+02  4.677318398432D+02  4.670226980088D+02  4.662858016936D+02
  4.655208363539D+02  4.647275200110D+02  4.639055960344D+02  4.630548420752D+02
  4.621750624902D+02  4.612660968734D+02  4.603278120367D+02  4.593601100542D+02
  4.583629197151D+02  4.573362040019D+02  4.562799509413D+02  4.551941804488D+02
  4.540789345184D+02  4.529342833971D+02  4.517603150842D+02  4.505571408180D+02
  4.493248839144D+02  4.480636846164D+02  4.467736883468D+02  4.454550500449D+02
  4.441079220032D+02  4.427324579101D+02  4.413288005476D+02  4.398970858795D+02
  4.384374310136D+02  4.369499388062D+02  4.354346866248D+02  4.338917320654D+02
  4.323211031627D+02  4.307228058985D+02  4.290968165453D+02  4.274430916281D+02
  4.257615629926D+02  4.240521506896D+02  4.223147610557D+02  4.205493025602D+02
  4.187556866250D+02  4.169338457890D+02  4.150837362103D+02  4.132053566618D+02
  4.112987508201D+02  4.093640248527D+02  4.074013470230D+02  4.054109613266D+02
  4.033931819947D+02  4.013484011043D+02  3.992770764605D+02  3.971797324000D+02
  3.950569411368D+02  3.929093177567D+02  3.907374968961D+02  3.885421245433D+02
  3.863238332135D+02  3.840832340183D+02  3.818208938319D+02  3.795373309062D+02
  3.772329968719D+02  3.749082781523D+02  3.725634843686D+02  3.701988564036D+02
  3.678145613706D+02  3.654107068611D+02  3.629873414776D+02  3.605444738393D+02
  3.580820769373D+02  3.556001099456D+02  3.530985243266D+02  3.505772863346D+02
  3.480363827836D+02  3.454758422336D+02  3.428957385311D+02  3.402962089313D+02
  3.376774538538D+02  3.350397505983D+02  3.323834481814D+02  3.297089757718D+02
  3.270168320233D+02  3.243075879466D+02  3.215818707979D+02  3.188403618245D+02
  3.160837755654D+02  3.133128537519D+02  3.105283418099D+02  3.077309812354D+02
  3.049214860650D+02  3.021005369980D+02  2.992687615338D+02  2.964267337774D+02
  2.935749622166D+02  2.907138988816D+02  2.878439376987D+02  2.849654346853D+02
  2.820787167558D+02  2.791841105365D+02  2.762819566279D+02  2.733726395140D+02
  2.704565977482D+02  2.675343444571D+02  2.646064634576D+02  2.616736125480D+02
  2.587365014643D+02  2.557958785812D+02  2.528524962197D+02  2.499070904236D+02
  2.469603459398D+02  2.440128821396D+02  2.410652295934D+02  2.381178314078D+02
  2.351710371346D+02  2.322251215023D+02  2.292802942008D+02  2.263367318008D+02
  2.233945973072D+02  2.204540780746D+02  2.175154076121D+02  2.145789022141D+02
  2.116449783010D+02  2.087141819208D+02  2.057871967815D+02  2.028648627921D+02
  1.999481719917D+02  1.970382742786D+02  1.941364603627D+02  1.912441546958D+02
  1.883628861851D+02  1.854942698818D+02  1.826399677069D+02  1.798016618157D+02
  1.769810089678D+02  1.741796098939D+02  1.713989624344D+02  1.686404329447D+02
  1.659052153106D+02  1.631943127288D+02  1.605085122403D+02  1.578483876826D+02
  1.552143010780D+02  1.526064372747D+02  1.500248395351D+02  1.474694766915D+02
  1.449403034614D+02  1.424373374752D+02  1.399607085471D+02  1.375107014732D+02
  1.350877516650D+02  1.326924250506D+02  1.303253554556D+02  1.279871839336D+02
  1.256784808931D+02  1.233996956973D+02  1.211511084285D+02  1.189328192108D+02
  1.167447407430D+02  1.145866228847D+02  1.124580715074D+02  1.103585896934D+02
  1.082876044429D+02  1.062445087636D+02  1.042286842273D+02  1.022395356831D+02
  1.002765045698D+02  9.833909364086D+01  9.642687029777D+01  9.453948179862D+01
  9.267664994713D+01  9.083817867223D+01  8.902394221440D+01  8.723388735161D+01
  8.546801736480D+01  8.372639111477D+01  8.200910485578D+01  8.031629005545D+01
  7.864809474540D+01  7.700468155428D+01  7.538620984183D+01  7.379283496912D+01
  7.222469202871D+01  7.068189696745D+01  6.916453235239D+01  6.767265063361D+01
  6.620626210882D+01  6.476534039252D+01  6.334981257731D+01  6.195956686262D+01
  6.059444483882D+01  5.925425117834D+01  5.793874790986D+01  5.664766596652D+01
  5.538070111336D+01  5.413752680611D+01  5.291779093897D+01  5.172112884780D+01
  5.054715940020D+01  4.939549647045D+01  4.826574272593D+01  4.715749822222D+01
  4.607035110328D+01  4.500388343925D+01  4.395765890413D+01  4.293122782259D+01
  4.192411332388D+01
N_07 POTENTIAL                      exc: Vosko,Wilk,Nusair      
  1.63952924  6.17500000  1.64793099
   7.00000
   1.91467   1.0890119656   0.9652351877
353
 0.25000000D-01 0.28864751D-03
 2 1
    0  -2.69998930000D+01
    0  -4.29582100000D-01
  2.633453850624D+01  2.633490083875D+01  2.633527189257D+01  2.633567739992D+01
  2.633609789170D+01  2.633653134715D+01  2.633697638414D+01  2.633743357735D+01
  2.633790229453D+01  2.633838340778D+01  2.633887642965D+01  2.633938231456D+01
  2.633990062827D+01  2.634043236345D+01  2.634097711594D+01  2.634153590374D+01
  2.634210834521D+01  2.634269547916D+01  2.634329694374D+01  2.634391379697D+01
  2.634454569590D+01  2.634519371727D+01  2.634585753694D+01  2.634653825053D+01
  2.634723555293D+01  2.634795055909D+01  2.634868298344D+01  2.634943396076D+01
  2.635020322570D+01  2.635099193355D+01  2.635179983985D+01  2.635262812118D+01
  2.635347655473D+01  2.635434633916D+01  2.635523727415D+01  2.635615058125D+01
  2.635708608350D+01  2.635804502622D+01  2.635902725682D+01  2.636003405039D+01
  2.636106565862D+01  2.636212298555D+01  2.636320592986D+01  2.636431581387D+01
  2.636545256317D+01  2.636661752748D+01  2.636781066028D+01  2.636903333966D+01
  2.637028554797D+01  2.637156869265D+01  2.637288278589D+01  2.637422926543D+01
  2.637560817426D+01  2.637702098145D+01  2.637846776175D+01  2.637995001647D+01
  2.638146785309D+01  2.638302280611D+01  2.638461501670D+01  2.638624605347D+01
  2.638791609213D+01  2.638962673632D+01  2.639137819720D+01  2.639317211425D+01
  2.639500873489D+01  2.639688973526D+01  2.639881539981D+01  2.640078744208D+01
  2.640280618423D+01  2.640487337786D+01  2.640698938346D+01  2.640915599124D+01
  2.641137360056D+01  2.641364404067D+01  2.641596775020D+01  2.641834659779D+01
  2.642078106156D+01  2.642327304975D+01  2.642582308009D+01  2.642843310038D+01
  2.643110366787D+01  2.643383676976D+01  2.643663300253D+01  2.643949439235D+01
  2.644242157439D+01  2.644541661312D+01  2.644848018157D+01  2.645161438156D+01
  2.645481992284D+01  2.645809894330D+01  2.646145218794D+01  2.646488182901D+01
  2.646838864490D+01  2.647197484014D+01  2.647564122417D+01  2.647939003122D+01
  2.648322209898D+01  2.648713968830D+01  2.649114366171D+01  2.649523630298D+01
  2.649941849549D+01  2.650369254159D+01  2.650805934079D+01  2.651252120895D+01
  2.651707905625D+01  2.652173520616D+01  2.652649057317D+01  2.653134748160D+01
  2.653630684300D+01  2.654137097469D+01  2.654654077698D+01  2.655181855134D+01
  2.655720517735D+01  2.656270293055D+01  2.656831265902D+01  2.657403660097D+01
  2.657987556087D+01  2.658583172672D+01  2.659190584574D+01  2.659810004123D+01
  2.660441498788D+01  2.661085272809D+01  2.661741384687D+01  2.662410028765D+01
  2.663091252664D+01  2.663785238815D+01  2.664492021837D+01  2.665211770008D+01
  2.665944502586D+01  2.666690371217D+01  2.667449377191D+01  2.668221652778D+01
  2.669007178418D+01  2.669806063985D+01  2.670618265895D+01  2.671443868298D+01
  2.672282800104D+01  2.673135116089D+01  2.674000713837D+01  2.674879614752D+01
  2.675771680913D+01  2.676676895992D+01  2.677595082006D+01  2.678526180138D+01
  2.679469967386D+01  2.680426337277D+01  2.681395016406D+01  2.682375845044D+01
  2.683368493561D+01  2.684372742912D+01  2.685388200950D+01  2.686414582792D+01
  2.687451427003D+01  2.688498375838D+01  2.689554891309D+01  2.690620535294D+01
  2.691694685471D+01  2.692776815307D+01  2.693866209859D+01  2.694962245630D+01
  2.696064106244D+01  2.697171062176D+01  2.698282186294D+01  2.699396633463D+01
  2.700513355971D+01  2.701631383005D+01  2.702749535960D+01  2.703866707806D+01
  2.704981578289D+01  2.706092893191D+01  2.707199179440D+01  2.708299024282D+01
  2.709390790307D+01  2.710472894561D+01  2.711543523504D+01  2.712600912080D+01
  2.713643058643D+01  2.714668004006D+01  2.715673546367D+01  2.716657520373D+01
  2.717617512079D+01  2.718551138068D+01  2.719455760493D+01  2.720328766291D+01
  2.721167282361D+01  2.721968454931D+01  2.722729164923D+01  2.723446307540D+01
  2.724116507885D+01  2.724736400835D+01  2.725302346988D+01  2.725810712908D+01
  2.726257587482D+01  2.726639062621D+01  2.726950950118D+01  2.727189062906D+01
  2.727348932518D+01  2.727426091005D+01  2.727415789104D+01  2.727313278929D+01
  2.727113532973D+01  2.726811527682D+01  2.726401963411D+01  2.725879549016D+01
  2.725238722886D+01  2.724473938679D+01  2.723579387566D+01  2.722549285233D+01
  2.721377595471D+01  2.720058318577D+01  2.718585216403D+01  2.716952102286D+01
  2.715152567676D+01  2.713180273702D+01  2.711028679485D+01  2.708691335436D+01
  2.706161613343D+01  2.703433001473D+01  2.700498836495D+01  2.697352600438D+01
  2.693987654470D+01  2.690397537725D+01  2.686575702937D+01  2.682515817094D+01
  2.678211498867D+01  2.673656621009D+01  2.668845049466D+01  2.663770947370D+01
  2.658428515648D+01  2.652812298404D+01  2.646916924761D+01  2.640737415334D+01
  2.634268924985D+01  2.627507049992D+01  2.620447571295D+01  2.613086761901D+01
  2.605421130088D+01  2.597447726489D+01  2.589163886645D+01  2.580567537097D+01
  2.571656936585D+01  2.562430980393D+01  2.552888939392D+01  2.543030761792D+01
  2.532856809149D+01  2.522368154605D+01  2.511566314898D+01  2.500453544105D+01
  2.489032560646D+01  2.477306835509D+01  2.465280313203D+01  2.452957693396D+01
  2.440344144840D+01  2.427445579365D+01  2.414268357660D+01  2.400819554749D+01
  2.387106656710D+01  2.373137816671D+01  2.358921541661D+01  2.344466938382D+01
  2.329783389527D+01  2.314880788777D+01  2.299769206159D+01  2.284459111979D+01
  2.268961031105D+01  2.253285755904D+01  2.237443989747D+01  2.221446549514D+01
  2.205303999176D+01  2.189026843107D+01  2.172625151413D+01  2.156108746228D+01
  2.139486821613D+01  2.122768126425D+01  2.105960583280D+01  2.089071473605D+01
  2.072107062606D+01  2.055072794996D+01  2.037972936313D+01  2.020810791745D+01
  2.003588378511D+01  1.986306684963D+01  1.968965393616D+01  1.951563202256D+01
  1.934097620844D+01  1.916565378169D+01  1.898962314675D+01  1.881283892630D+01
  1.863525195405D+01  1.845681540277D+01  1.827748567568D+01  1.809722919845D+01
  1.791602362312D+01  1.773386447031D+01  1.755076563392D+01  1.736676473362D+01
  1.718192176222D+01  1.699632211156D+01  1.681007259503D+01  1.662330177775D+01
  1.643615348362D+01  1.624878502885D+01  1.606135923807D+01  1.587404190193D+01
  1.568699375176D+01  1.550036854639D+01  1.531430621849D+01  1.512893251161D+01
  1.494435388144D+01  1.476065893451D+01  1.457791504833D+01  1.439617135436D+01
  1.421545667158D+01  1.403578354835D+01  1.385714700066D+01  1.367952912241D+01
  1.350289818307D+01  1.332721342097D+01  1.315242417998D+01  1.297847462912D+01
  1.280530273974D+01  1.263284478340D+01  1.246103404406D+01  1.228980502347D+01
  1.211909184488D+01  1.194883214363D+01  1.177896515653D+01  1.160943530336D+01
  1.144018997622D+01  1.127118283245D+01  1.110237130800D+01  1.093371964800D+01
  1.076519617147D+01  1.059677606641D+01  1.042843843173D+01  1.026016886089D+01
  1.009195628239D+01  9.923795350041D+00  9.755683096414D+00  9.587621139592D+00
  9.419612154786D+00  9.251661897537D+00  9.083775488260D+00  8.915959241622D+00
  8.748216749285D+00  8.580550497164D+00  8.412957728001D+00  8.245431826840D+00
  8.077957949542D+00  7.910514249814D+00  7.743067029777D+00  7.575572130522D+00
  7.407969667868D+00
Vac0 POTENTIAL                      exc: Vosko,Wilk,Nusair      
  2.14187055  6.17500000  2.11957662
   0.00000
   2.34253   1.0890119656   0.9652351877
353
 0.25000000D-01 0.35315022D-03
 0 1
  9.366317216579D-01  9.365999627513D-01  9.365666721460D-01  9.365569177530D-01
  9.365515005108D-01  9.365489588643D-01  9.365469546764D-01  9.365465550570D-01
  9.365461484032D-01  9.365470864569D-01  9.365478934388D-01  9.365499962436D-01
  9.365519663045D-01  9.365552638976D-01  9.365584869390D-01  9.365631188129D-01
  9.365677794137D-01  9.365739742958D-01  9.365803467128D-01  9.365884277396D-01
  9.365968889500D-01  9.366072933124D-01  9.366183486780D-01  9.366316595648D-01
  9.366459815790D-01  9.366629743633D-01  9.366814573195D-01  9.367031640167D-01
  9.367269997485D-01  9.367547980174D-01  9.367855804843D-01  9.368213163704D-01
  9.368611857908D-01  9.369073431420D-01  9.369591851722D-01  9.370191198814D-01
  9.370868384344D-01  9.371649628523D-01  9.372451387375D-01  9.372815941999D-01
  9.372511609444D-01  9.372230343337D-01  9.371956627612D-01  9.371703797518D-01
  9.371456538023D-01  9.371228362714D-01  9.371004115303D-01  9.370797450964D-01
  9.370593340037D-01  9.370405551207D-01  9.370219156853D-01  9.370048017585D-01
  9.369877288677D-01  9.369720905819D-01  9.369564092263D-01  9.369420845411D-01
  9.369276444692D-01  9.369144938678D-01  9.369011653523D-01  9.368890680512D-01
  9.368767384906D-01  9.368655893870D-01  9.368541605609D-01  9.368438677571D-01
  9.368332535893D-01  9.368237363776D-01  9.368138611109D-01  9.368050483075D-01
  9.367958449920D-01  9.367876735678D-01  9.367790828069D-01  9.367714967378D-01
  9.367634656457D-01  9.367564149636D-01  9.367488962857D-01  9.367423362654D-01
  9.367352876382D-01  9.367291781223D-01  9.367225614476D-01  9.367168662644D-01
  9.367106471743D-01  9.367053336456D-01  9.366994810453D-01  9.366945195606D-01
  9.366890052358D-01  9.366843688905D-01  9.366791671668D-01  9.366748314450D-01
  9.366699188943D-01  9.366658613940D-01  9.366612165803D-01  9.366574167741D-01
  9.366530200282D-01  9.366494590545D-01  9.366452922769D-01  9.366419527563D-01
  9.366379992445D-01  9.366348651138D-01  9.366311094091D-01  9.366281657792D-01
  9.366245935297D-01  9.366218265551D-01  9.366184243929D-01  9.366158211561D-01
  9.366125765876D-01  9.366101249941D-01  9.366070263003D-01  9.366047149841D-01
  9.366017511298D-01  9.365995693654D-01  9.365967299160D-01  9.365946675399D-01
  9.365919425840D-01  9.365899899199D-01  9.365873699985D-01  9.365855177875D-01
  9.365829938258D-01  9.365812331614D-01  9.365787964056D-01  9.365771186714D-01
  9.365747606270D-01  9.365731574353D-01  9.365708698082D-01  9.365693329436D-01
  9.365671075819D-01  9.365656289421D-01  9.365634577786D-01  9.365620293177D-01
  9.365599043136D-01  9.365585179848D-01  9.365564310710D-01  9.365550787685D-01
  9.365530217867D-01  9.365516952853D-01  9.365496599282D-01  9.365483508222D-01
  9.365463285699D-01  9.365450282081D-01  9.365430102617D-01  9.365417096804D-01
  9.365396868932D-01  9.365383767443D-01  9.365363395475D-01  9.365350100217D-01
  9.365329483454D-01  9.365315890913D-01  9.365294922802D-01  9.365280923160D-01
  9.365259490380D-01  9.365244966562D-01  9.365222948034D-01  9.365207774689D-01
  9.365185040505D-01  9.365169082878D-01  9.365145493133D-01  9.365128605850D-01
  9.365104009368D-01  9.365086035102D-01  9.365060268043D-01  9.365041036060D-01
  9.365013920390D-01  9.364993244943D-01  9.364964586768D-01  9.364942265349D-01
  9.364911853067D-01  9.364887664480D-01  9.364855266766D-01  9.364828969001D-01
  9.364794332582D-01  9.364765660487D-01  9.364728507690D-01  9.364697170400D-01
  9.364657196459D-01  9.364622874564D-01  9.364579744641D-01  9.364542087060D-01
  9.364495432974D-01  9.364454053515D-01  9.364403470115D-01  9.364357943675D-01
  9.364302984856D-01  9.364252843225D-01  9.364193017518D-01  9.364137744752D-01
  9.364072510463D-01  9.364011537776D-01  9.363940297611D-01  9.363872997726D-01
  9.363795092869D-01  9.363720773786D-01  9.363635477339D-01  9.363553375457D-01
  9.363459885209D-01  9.363369157713D-01  9.363266588147D-01  9.363166304610D-01
  9.363053678072D-01  9.362942811174D-01  9.362819048113D-01  9.362696463381D-01
  9.362560371572D-01  9.362424816051D-01  9.362275078679D-01  9.362125168406D-01
  9.361960330904D-01  9.361794537070D-01  9.361612992567D-01  9.361429626227D-01
  9.361229599475D-01  9.361026794639D-01  9.360806324243D-01  9.360582019202D-01
  9.360338937981D-01  9.360090854661D-01  9.359822767946D-01  9.359548389086D-01
  9.359252650727D-01  9.358949194665D-01  9.358622880517D-01  9.358287273305D-01
  9.357927151921D-01  9.357555996518D-01  9.357158496749D-01  9.356748038952D-01
  9.356309214137D-01  9.355855304936D-01  9.355370793313D-01  9.354868847260D-01
  9.354333828204D-01  9.353778777407D-01  9.353187923044D-01  9.352574166289D-01
  9.351921588013D-01  9.351242934525D-01  9.350522123858D-01  9.349771731118D-01
  9.348975494322D-01  9.348145799310D-01  9.347266185087D-01  9.346348828257D-01
  9.345377047806D-01  9.344362789012D-01  9.343289127613D-01  9.342167753135D-01
  9.340981472376D-01  9.339741692091D-01  9.338430921723D-01  9.337060255370D-01
  9.335611873684D-01  9.334096525048D-01  9.332496026548D-01  9.330820744275D-01
  9.329052093271D-01  9.327200016863D-01  9.325245485472D-01  9.323197974870D-01
  9.321037963733D-01  9.318774410701D-01  9.316387250541D-01  9.313884869878D-01
  9.311246601812D-01  9.308480200180D-01  9.305564332450D-01  9.302506052356D-01
  9.299283290881D-01  9.295902327078D-01  9.292340276930D-01  9.288602562151D-01
  9.284665396688D-01  9.280533253274D-01  9.276181347301D-01  9.271613100866D-01
  9.266802623711D-01  9.261752174474D-01  9.256434638359D-01  9.250850985252D-01
  9.244972743732D-01  9.238799455687D-01  9.232301146223D-01  9.225475774337D-01
  9.218291698226D-01  9.210745121528D-01  9.202802553446D-01  9.194458249981D-01
  9.185676668197D-01  9.176449901781D-01  9.166740128674D-01  9.156537040161D-01
  9.145800280948D-01  9.134516870866D-01  9.122643636298D-01  9.110164623387D-01
  9.097033519519D-01  9.083231056701D-01  9.068707421541D-01  9.053439647170D-01
  9.037374009829D-01  9.020483407354D-01  9.002709740051D-01  8.984021273301D-01
  8.964354999865D-01  8.943673983568D-01  8.921909699502D-01  8.899019354982D-01
  8.874928203225D-01  8.849586836818D-01  8.822913469319D-01  8.794851195217D-01
  8.765310232485D-01  8.734225141414D-01  8.701497019306D-01  8.667050668532D-01
  8.630776732232D-01  8.592588799339D-01  8.552365467180D-01  8.510007367925D-01
  8.465379140215D-01  8.418366357287D-01  8.368817384988D-01  8.316600186511D-01
  8.261544038099D-01  8.203496178574D-01  8.142263346369D-01  8.077668233471D-01
  8.009490797705D-01  7.937524469834D-01  7.861517182707D-01  7.781227266470D-01
  7.696364120567D-01  7.606643714546D-01  7.511728809139D-01  7.411283958079D-01
  7.304915159591D-01  7.192224226914D-01  7.072747720495D-01  6.946010520526D-01
  6.811463851959D-01  6.668537850606D-01  6.516578447423D-01  6.354898670689D-01
  6.182714103825D-01  5.999192612151D-01  5.803388033374D-01  5.594287965662D-01
  5.370745302396D-01  5.131523668765D-01  4.875226453448D-01  4.600339401721D-01
  4.305156746414D-01  3.987823202101D-01  3.646248918123D-01  3.278158695285D-01
  2.880998727180D-01
Vac0 POTENTIAL                      exc: Vosko,Wilk,Nusair      
  1.63952924  6.17500000  1.64793099
   0.00000
   1.91467   1.0890119656   0.9652351877
353
 0.25000000D-01 0.28864751D-03
 0 1
  7.168269258684D-01  7.167808764325D-01  7.167332054916D-01  7.167187492590D-01
  7.167107398823D-01  7.167059511279D-01  7.167021948891D-01  7.166998283758D-01
  7.166976805156D-01  7.166965015162D-01  7.166953030482D-01  7.166949320396D-01
  7.166944565986D-01  7.166947592251D-01  7.166949323065D-01  7.166958760481D-01
  7.166966966179D-01  7.166983057205D-01  7.166998196822D-01  7.167021597439D-01
  7.167044516316D-01  7.167076261386D-01  7.167108190473D-01  7.167149719993D-01
  7.167192326136D-01  7.167245556565D-01  7.167301034280D-01  7.167368471865D-01
  7.167439679071D-01  7.167524580591D-01  7.167615227519D-01  7.167721820458D-01
  7.167836726211D-01  7.167970507098D-01  7.168115945382D-01  7.168284080914D-01
  7.168468241186D-01  7.168679843544D-01  7.168892676510D-01  7.168976320166D-01
  7.168875344717D-01  7.168784071853D-01  7.168693126501D-01  7.168611170698D-01
  7.168528894906D-01  7.168455019362D-01  7.168380286380D-01  7.168313462384D-01
  7.168245331023D-01  7.168184695829D-01  7.168122373758D-01  7.168067198378D-01
  7.168010013761D-01  7.167959677954D-01  7.167907057298D-01  7.167861029985D-01
  7.167812480730D-01  7.167770304483D-01  7.167725401209D-01  7.167686679839D-01
  7.167645053109D-01  7.167609441695D-01  7.167570769132D-01  7.167537965960D-01
  7.167501964876D-01  7.167471704850D-01  7.167438126325D-01  7.167410175476D-01
  7.167378799386D-01  7.167352950392D-01  7.167323581313D-01  7.167299649783D-01
  7.167272113552D-01  7.167249934860D-01  7.167224075724D-01  7.167203502362D-01
  7.167179180517D-01  7.167160079887D-01  7.167137169450D-01  7.167119421923D-01
  7.167097809139D-01  7.167081306472D-01  7.167060888227D-01  7.167045532129D-01
  7.167026214660D-01  7.167011915595D-01  7.166993613349D-01  7.166980289500D-01
  7.166962924161D-01  7.166950500513D-01  7.166934000163D-01  7.166922407693D-01
  7.166906706047D-01  7.166895881043D-01  7.166880916789D-01  7.166870800210D-01
  7.166856516435D-01  7.166847053354D-01  7.166833397005D-01  7.166824536125D-01
  7.166811457543D-01  7.166803150737D-01  7.166790603238D-01  7.166782805158D-01
  7.166770744622D-01  7.166763412309D-01  7.166751796848D-01  7.166744889391D-01
  7.166733679003D-01  7.166727157225D-01  7.166716313482D-01  7.166710139636D-01
  7.166699625390D-01  7.166693762863D-01  7.166683541976D-01  7.166677955024D-01
  7.166667992080D-01  7.166662645551D-01  7.166652905596D-01  7.166647764673D-01
  7.166638212953D-01  7.166633242883D-01  7.166623844582D-01  7.166619010413D-01
  7.166609730384D-01  7.166604996702D-01  7.166595799190D-01  7.166591129837D-01
  7.166581978204D-01  7.166577335989D-01  7.166568192423D-01  7.166563538829D-01
  7.166554364029D-01  7.166549658894D-01  7.166540411750D-01  7.166535612931D-01
  7.166526250176D-01  7.166521313190D-01  7.166511789034D-01  7.166506666677D-01
  7.166496932399D-01  7.166491574332D-01  7.166481577859D-01  7.166475930155D-01
  7.166465615588D-01  7.166459620253D-01  7.166448927366D-01  7.166442521802D-01
  7.166431385483D-01  7.166424501913D-01  7.166412851561D-01  7.166405416396D-01
  7.166393175258D-01  7.166385108401D-01  7.166372192851D-01  7.166363406940D-01
  7.166349725672D-01  7.166340125244D-01  7.166325578404D-01  7.166315058972D-01
  7.166299537192D-01  7.166287984238D-01  7.166271367572D-01  7.166258655433D-01
  7.166240812191D-01  7.166226802829D-01  7.166207588287D-01  7.166192129940D-01
  7.166171384923D-01  7.166154310607D-01  7.166131859914D-01  7.166112985783D-01
  7.166088636467D-01  7.166067759992D-01  7.166041299444D-01  7.166018197409D-01
  7.165989391253D-01  7.165963817543D-01  7.165932407309D-01  7.165904090458D-01
  7.165869791014D-01  7.165838431513D-01  7.165800928224D-01  7.165766195530D-01
  7.165725141126D-01  7.165686670374D-01  7.165641681483D-01  7.165599069839D-01
  7.165549723161D-01  7.165502525806D-01  7.165448353889D-01  7.165396079567D-01
  7.165336566130D-01  7.165278672245D-01  7.165213247017D-01  7.165149134200D-01
  7.165077167217D-01  7.165006173331D-01  7.164926968627D-01  7.164848362139D-01
  7.164761150781D-01  7.164674123436D-01  7.164578055824D-01  7.164481714545D-01
  7.164375851895D-01  7.164269209843D-01  7.164152514784D-01  7.164034481459D-01
  7.163905807631D-01  7.163775177939D-01  7.163633258499D-01  7.163488700673D-01
  7.163332135589D-01  7.163172177823D-01  7.162999419826D-01  7.162822435511D-01
  7.162631774569D-01  7.162435965962D-01  7.162225512114D-01  7.162008892292D-01
  7.161776556668D-01  7.161536929573D-01  7.161280403411D-01  7.161015341781D-01
  7.160732073229D-01  7.160438894208D-01  7.160126062666D-01  7.159801800827D-01
  7.159456288585D-01  7.159097666097D-01  7.158716026961D-01  7.158319420603D-01
  7.157897845207D-01  7.157459249880D-01  7.156993527313D-01  7.156508515686D-01
  7.155993991048D-01  7.155457668925D-01  7.154889196381D-01  7.154296153312D-01
  7.153668044149D-01  7.153012298802D-01  7.152318263963D-01  7.151593203667D-01
  7.150826290155D-01  7.150024604003D-01  7.149177124502D-01  7.148290729308D-01
  7.147354184279D-01  7.146374142608D-01  7.145339134049D-01  7.144255563469D-01
  7.143111699415D-01  7.141913672006D-01  7.140649460769D-01  7.139324891808D-01
  7.137927624819D-01  7.136463149461D-01  7.134918771458D-01  7.133299608077D-01
  7.131592573222D-01  7.129802371920D-01  7.127915484286D-01  7.125936158908D-01
  7.123850395561D-01  7.121661937357D-01  7.119356252066D-01  7.116936522899D-01
  7.114387628265D-01  7.111712131028D-01  7.108894256527D-01  7.105935880120D-01
  7.102820503267D-01  7.099549239160D-01  7.096104786634D-01  7.092487413651D-01
  7.088678928782D-01  7.084678662291D-01  7.080467434880D-01  7.076043536074D-01
  7.071386689906D-01  7.066494030249D-01  7.061344063060D-01  7.055932638273D-01
  7.050236908152D-01  7.044251295304D-01  7.037951446628D-01  7.031330196932D-01
  7.024361517885D-01  7.017036476645D-01  7.009327179131D-01  7.001222722951D-01
  6.992693134211D-01  6.983725313919D-01  6.974286967401D-01  6.964362543211D-01
  6.953917154064D-01  6.942932507110D-01  6.931370815083D-01  6.919210716583D-01
  6.906411175897D-01  6.892947391665D-01  6.878774683530D-01  6.863864387226D-01
  6.848167725834D-01  6.831651688936D-01  6.814262885778D-01  6.795963405609D-01
  6.776694649492D-01  6.756413168285D-01  6.735054469099D-01  6.712568826596D-01
  6.688885059149D-01  6.663946308096D-01  6.637673777515D-01  6.610002474757D-01
  6.580844906258D-01  6.550126771042D-01  6.517750603091D-01  6.483631407397D-01
  6.447660237022D-01  6.409739758572D-01  6.369747749007D-01  6.327572573960D-01
  6.283076585423D-01  6.236131491898D-01  6.186581633027D-01  6.134279214866D-01
  6.079047431024D-01  6.020715529002D-01  5.959081739010D-01  5.893948127824D-01
  5.825083285617D-01  5.752256911496D-01  5.675202194663D-01  5.593650059897D-01
  5.507291161192D-01  5.415809694853D-01  5.318844900286D-01  5.216024321761D-01
  5.106924680767D-01  4.991104433314D-01  4.868063839359D-01  4.737276619490D-01
  4.598148998028D-01  4.450050201027D-01  4.292270224481D-01  4.124048799351D-01
  3.944531491614D-01  3.752798616362D-01  3.547812936254D-01  3.328454759341D-01
  3.093461643603D-01
