In49 POTENTIAL                      exc: Vosko,Wilk,Nusair      
  2.14187055  6.17500000  2.11957662
  49.00000
   2.34253   1.0890130757   0.9652353777
353
 0.25000000D-01 0.35315022D-03
 9 1
    0  -1.96656160000D+03
    0  -2.87428550000D+02
    0  -5.37136240000D+01
    0  -7.39818510000D+00
    1  -2.68528840000D+02
    1  -4.59639090000D+01
    1  -4.86454470000D+00
    2  -3.15522220000D+01
    2  -7.38539920000D-01
  4.728031870789D+02  4.728282051950D+02  4.728537980761D+02  4.728799726224D+02
  4.729067371904D+02  4.729341053438D+02  4.729620864136D+02  4.729906941117D+02
  4.730199380337D+02  4.730498320749D+02  4.730803860345D+02  4.731116139631D+02
  4.731435258214D+02  4.731761357841D+02  4.732094539316D+02  4.732434945246D+02
  4.732782677178D+02  4.733137878126D+02  4.733500649869D+02  4.733871135300D+02
  4.734249435849D+02  4.734635693682D+02  4.735030009215D+02  4.735432523196D+02
  4.735843334275D+02  4.736262580991D+02  4.736690359382D+02  4.737126804880D+02
  4.737572009952D+02  4.738026105914D+02  4.738489180589D+02  4.738961360035D+02
  4.739442726223D+02  4.739933398685D+02  4.740433452187D+02  4.740942998307D+02
  4.741462103104D+02  4.741990868615D+02  4.742529350514D+02  4.743077639534D+02
  4.743635779191D+02  4.744203846867D+02  4.744781871686D+02  4.745369915697D+02
  4.745967991442D+02  4.746576143158D+02  4.747194364301D+02  4.747822678663D+02
  4.748461057857D+02  4.749109502343D+02  4.749767958863D+02  4.750436401382D+02
  4.751114748456D+02  4.751802944095D+02  4.752500875055D+02  4.753208451609D+02
  4.753925524774D+02  4.754651966979D+02  4.755387589215D+02  4.756132221607D+02
  4.756885630475D+02  4.757647598807D+02  4.758417843230D+02  4.759196094377D+02
  4.759982013764D+02  4.760775274047D+02  4.761575475803D+02  4.762382227675D+02
  4.763195063054D+02  4.764013520103D+02  4.764837058344D+02  4.765665138565D+02
  4.766497139302D+02  4.767332436626D+02  4.768170320529D+02  4.769010074596D+02
  4.769850892280D+02  4.770691956470D+02  4.771532355668D+02  4.772371163446D+02
  4.773207354529D+02  4.774039884156D+02  4.774867604075D+02  4.775689341815D+02
  4.776503816603D+02  4.777309718562D+02  4.778105624564D+02  4.778890077368D+02
  4.779661501429D+02  4.780418281995D+02  4.781158680891D+02  4.781880915600D+02
  4.782583075054D+02  4.783263198722D+02  4.783919192438D+02  4.784548907534D+02
  4.785150056742D+02  4.785720293409D+02  4.786257127515D+02  4.786758005020D+02
  4.787220224044D+02  4.787641014398D+02  4.788017453982D+02  4.788346548562D+02
  4.788625148443D+02  4.788850028556D+02  4.789017805486D+02  4.789125017935D+02
  4.789168044176D+02  4.789143182976D+02  4.789046571561D+02  4.788874267083D+02
  4.788622165178D+02  4.788286082074D+02  4.787861673835D+02  4.787344519200D+02
  4.786730039613D+02  4.786013582893D+02  4.785190344141D+02  4.784255450343D+02
  4.783203882255D+02  4.782030560026D+02  4.780730266161D+02  4.779297732260D+02
  4.777727563129D+02  4.776014324725D+02  4.774152469496D+02  4.772136425588D+02
  4.769960523476D+02  4.767619086477D+02  4.765106358711D+02  4.762416596937D+02
  4.759543999845D+02  4.756482801212D+02  4.753227200486D+02  4.749771457202D+02
  4.746109822788D+02  4.742236636136D+02  4.738146256497D+02  4.733833160042D+02
  4.729291873650D+02  4.724517072234D+02  4.719503513156D+02  4.714246134008D+02
  4.708739987305D+02  4.702980338346D+02  4.696962599747D+02  4.690682428899D+02
  4.684135661829D+02  4.677318409691D+02  4.670226991333D+02  4.662858028167D+02
  4.655208374755D+02  4.647275211310D+02  4.639055971529D+02  4.630548431921D+02
  4.621750636055D+02  4.612660979871D+02  4.603278131487D+02  4.593601111645D+02
  4.583629208236D+02  4.573362051087D+02  4.562799520463D+02  4.551941815519D+02
  4.540789356197D+02  4.529342844965D+02  4.517603161817D+02  4.505571419135D+02
  4.493248850080D+02  4.480636857079D+02  4.467736894363D+02  4.454550511324D+02
  4.441079230886D+02  4.427324589934D+02  4.413288016287D+02  4.398970869585D+02
  4.384374320905D+02  4.369499398809D+02  4.354346876972D+02  4.338917331356D+02
  4.323211042305D+02  4.307228069640D+02  4.290968176084D+02  4.274430926889D+02
  4.257615640509D+02  4.240521517454D+02  4.223147621091D+02  4.205493036110D+02
  4.187556876732D+02  4.169338468345D+02  4.150837372532D+02  4.132053577020D+02
  4.112987518575D+02  4.093640258873D+02  4.074013480547D+02  4.054109623555D+02
  4.033931830207D+02  4.013484021273D+02  3.992770774805D+02  3.971797334170D+02
  3.950569421508D+02  3.929093187677D+02  3.907374979040D+02  3.885421255481D+02
  3.863238342152D+02  3.840832350169D+02  3.818208948274D+02  3.795373318986D+02
  3.772329978611D+02  3.749082791384D+02  3.725634853516D+02  3.701988573835D+02
  3.678145623473D+02  3.654107078347D+02  3.629873424480D+02  3.605444748066D+02
  3.580820779014D+02  3.556001109066D+02  3.530985252844D+02  3.505772872893D+02
  3.480363837351D+02  3.454758431820D+02  3.428957394763D+02  3.402962098735D+02
  3.376774547929D+02  3.350397515344D+02  3.323834491144D+02  3.297089767020D+02
  3.270168329505D+02  3.243075888709D+02  3.215818717194D+02  3.188403627433D+02
  3.160837764815D+02  3.133128546654D+02  3.105283427208D+02  3.077309821439D+02
  3.049214869711D+02  3.021005379016D+02  2.992687624351D+02  2.964267346765D+02
  2.935749631135D+02  2.907138997763D+02  2.878439385912D+02  2.849654355757D+02
  2.820787176439D+02  2.791841114225D+02  2.762819575117D+02  2.733726403956D+02
  2.704565986275D+02  2.675343453341D+02  2.646064643322D+02  2.616736134201D+02
  2.587365023339D+02  2.557958794482D+02  2.528524970840D+02  2.499070912850D+02
  2.469603467982D+02  2.440128829949D+02  2.410652304454D+02  2.381178322564D+02
  2.351710379795D+02  2.322251223433D+02  2.292802950376D+02  2.263367326333D+02
  2.233945981349D+02  2.204540788973D+02  2.175154084296D+02  2.145789030259D+02
  2.116449791069D+02  2.087141827203D+02  2.057871975743D+02  2.028648635778D+02
  1.999481727700D+02  1.970382750489D+02  1.941364611247D+02  1.912441554492D+02
  1.883628869293D+02  1.854942706164D+02  1.826399684314D+02  1.798016625295D+02
  1.769810096704D+02  1.741796105848D+02  1.713989631127D+02  1.686404336099D+02
  1.659052159619D+02  1.631943133654D+02  1.605085128613D+02  1.578483882872D+02
  1.552143016655D+02  1.526064378444D+02  1.500248400864D+02  1.474694772240D+02
  1.449403039751D+02  1.424373379702D+02  1.399607090239D+02  1.375107019326D+02
  1.350877521079D+02  1.326924254783D+02  1.303253558695D+02  1.279871843351D+02
  1.256784812836D+02  1.233996960784D+02  1.211511088017D+02  1.189328195777D+02
  1.167447411051D+02  1.145866232436D+02  1.124580718649D+02  1.103585900512D+02
  1.082876048028D+02  1.062445091275D+02  1.042286845971D+02  1.022395360606D+02
  1.002765049570D+02  9.833909403941D+01  9.642687070920D+01  9.453948222425D+01
  9.267665038792D+01  9.083817912880D+01  8.902394268687D+01  8.723388783967D+01
  8.546801786753D+01  8.372639163077D+01  8.200910538303D+01  8.031629059141D+01
  7.864809528703D+01  7.700468209811D+01  7.538621038402D+01  7.379283550561D+01
  7.222469255528D+01  7.068189747993D+01  6.916453284673D+01  6.767265110608D+01
  6.620626255608D+01  6.476534081179D+01  6.334981296643D+01  6.195956722012D+01
  6.059444516391D+01  5.925425147094D+01  5.793874817041D+01  5.664766619595D+01
  5.538070131282D+01  5.413752697683D+01  5.291779108191D+01  5.172112896349D+01
  5.054715948847D+01  4.939549653022D+01  4.826574275505D+01  4.715749821736D+01
  4.607035105982D+01  4.500388335128D+01  4.395765876430D+01  4.293122762215D+01
  4.192411305252D+01
N_07 POTENTIAL                      exc: Vosko,Wilk,Nusair      
  1.63952924  6.17500000  1.64793099
   7.00000
   1.91467   1.0890130757   0.9652353777
353
 0.25000000D-01 0.28864751D-03
 2 1
    0  -2.69998930000D+01
    0  -4.29582100000D-01
  2.633453924065D+01  2.633490157313D+01  2.633527262695D+01  2.633567813430D+01
  2.633609862608D+01  2.633653208154D+01  2.633697711852D+01  2.633743431174D+01
  2.633790302892D+01  2.633838414219D+01  2.633887716405D+01  2.633938304897D+01
  2.633990136268D+01  2.634043309787D+01  2.634097785036D+01  2.634153663817D+01
  2.634210907964D+01  2.634269621360D+01  2.634329767818D+01  2.634391453142D+01
  2.634454643035D+01  2.634519445173D+01  2.634585827140D+01  2.634653898500D+01
  2.634723628741D+01  2.634795129357D+01  2.634868371792D+01  2.634943469526D+01
  2.635020396020D+01  2.635099266806D+01  2.635180057436D+01  2.635262885570D+01
  2.635347728926D+01  2.635434707370D+01  2.635523800869D+01  2.635615131581D+01
  2.635708681805D+01  2.635804576079D+01  2.635902799139D+01  2.636003478498D+01
  2.636106639321D+01  2.636212372016D+01  2.636320666447D+01  2.636431654850D+01
  2.636545329780D+01  2.636661826213D+01  2.636781139493D+01  2.636903407433D+01
  2.637028628265D+01  2.637156942735D+01  2.637288352059D+01  2.637423000015D+01
  2.637560890899D+01  2.637702171620D+01  2.637846849651D+01  2.637995075124D+01
  2.638146858787D+01  2.638302354092D+01  2.638461575152D+01  2.638624678830D+01
  2.638791682698D+01  2.638962747119D+01  2.639137893207D+01  2.639317284914D+01
  2.639500946979D+01  2.639689047019D+01  2.639881613475D+01  2.640078817704D+01
  2.640280691921D+01  2.640487411286D+01  2.640699011848D+01  2.640915672628D+01
  2.641137433561D+01  2.641364477575D+01  2.641596848529D+01  2.641834733291D+01
  2.642078179670D+01  2.642327378492D+01  2.642582381527D+01  2.642843383558D+01
  2.643110440309D+01  2.643383750502D+01  2.643663373780D+01  2.643949512766D+01
  2.644242230971D+01  2.644541734848D+01  2.644848091694D+01  2.645161511696D+01
  2.645482065827D+01  2.645809967877D+01  2.646145292343D+01  2.646488256454D+01
  2.646838938045D+01  2.647197557572D+01  2.647564195978D+01  2.647939076687D+01
  2.648322283466D+01  2.648714042401D+01  2.649114439745D+01  2.649523703876D+01
  2.649941923130D+01  2.650369327744D+01  2.650806007667D+01  2.651252194487D+01
  2.651707979220D+01  2.652173594216D+01  2.652649130921D+01  2.653134821768D+01
  2.653630757911D+01  2.654137171085D+01  2.654654151318D+01  2.655181928759D+01
  2.655720591364D+01  2.656270366688D+01  2.656831339540D+01  2.657403733739D+01
  2.657987629734D+01  2.658583246324D+01  2.659190658230D+01  2.659810077785D+01
  2.660441572454D+01  2.661085346481D+01  2.661741458364D+01  2.662410102447D+01
  2.663091326351D+01  2.663785312508D+01  2.664492095535D+01  2.665211843711D+01
  2.665944576295D+01  2.666690444932D+01  2.667449450911D+01  2.668221726505D+01
  2.669007252151D+01  2.669806137723D+01  2.670618339639D+01  2.671443942048D+01
  2.672282873861D+01  2.673135189853D+01  2.674000787606D+01  2.674879688527D+01
  2.675771754695D+01  2.676676969780D+01  2.677595155801D+01  2.678526253940D+01
  2.679470041194D+01  2.680426411091D+01  2.681395090227D+01  2.682375918872D+01
  2.683368567395D+01  2.684372816753D+01  2.685388274798D+01  2.686414656647D+01
  2.687451500864D+01  2.688498449706D+01  2.689554965184D+01  2.690620609176D+01
  2.691694759359D+01  2.692776889202D+01  2.693866283760D+01  2.694962319538D+01
  2.696064180158D+01  2.697171136097D+01  2.698282260220D+01  2.699396707397D+01
  2.700513429910D+01  2.701631456950D+01  2.702749609911D+01  2.703866781763D+01
  2.704981652251D+01  2.706092967160D+01  2.707199253413D+01  2.708299098261D+01
  2.709390864291D+01  2.710472968550D+01  2.711543597497D+01  2.712600986078D+01
  2.713643132645D+01  2.714668078012D+01  2.715673620377D+01  2.716657594387D+01
  2.717617586095D+01  2.718551212088D+01  2.719455834515D+01  2.720328840317D+01
  2.721167356389D+01  2.721968528961D+01  2.722729238954D+01  2.723446381574D+01
  2.724116581919D+01  2.724736474870D+01  2.725302421023D+01  2.725810786945D+01
  2.726257661519D+01  2.726639136658D+01  2.726951024154D+01  2.727189136943D+01
  2.727349006554D+01  2.727426165041D+01  2.727415863138D+01  2.727313352963D+01
  2.727113607006D+01  2.726811601715D+01  2.726402037443D+01  2.725879623048D+01
  2.725238796917D+01  2.724474012712D+01  2.723579461598D+01  2.722549359268D+01
  2.721377669507D+01  2.720058392617D+01  2.718585290445D+01  2.716952176333D+01
  2.715152641729D+01  2.713180347763D+01  2.711028753554D+01  2.708691409516D+01
  2.706161687434D+01  2.703433075580D+01  2.700498910619D+01  2.697352674582D+01
  2.693987728636D+01  2.690397611917D+01  2.686575777158D+01  2.682515891349D+01
  2.678211573159D+01  2.673656695344D+01  2.668845123847D+01  2.663771021803D+01
  2.658428590140D+01  2.652812372960D+01  2.646916999387D+01  2.640737490039D+01
  2.634268999774D+01  2.627507124875D+01  2.620447646280D+01  2.613086836996D+01
  2.605421205303D+01  2.597447801834D+01  2.589163962130D+01  2.580567612734D+01
  2.571657012385D+01  2.562431056368D+01  2.552889015553D+01  2.543030838153D+01
  2.532856885722D+01  2.522368231406D+01  2.511566391939D+01  2.500453621400D+01
  2.489032638210D+01  2.477306913357D+01  2.465280391349D+01  2.452957771855D+01
  2.440344223628D+01  2.427445658496D+01  2.414268437148D+01  2.400819634610D+01
  2.387106736958D+01  2.373137897321D+01  2.358921622725D+01  2.344467019874D+01
  2.329783471459D+01  2.314880871162D+01  2.299769289008D+01  2.284459195303D+01
  2.268961114913D+01  2.253285840207D+01  2.237444074553D+01  2.221446634830D+01
  2.205304085010D+01  2.189026929466D+01  2.172625238303D+01  2.156108833654D+01
  2.139486909580D+01  2.122768214939D+01  2.105960672345D+01  2.089071563226D+01
  2.072107152785D+01  2.055072885739D+01  2.037973027621D+01  2.020810883622D+01
  2.003588470958D+01  1.986306777979D+01  1.968965487196D+01  1.951563296394D+01
  1.934097715524D+01  1.916565473374D+01  1.898962410375D+01  1.881283988790D+01
  1.863525291974D+01  1.845681637195D+01  1.827748664764D+01  1.809723017239D+01
  1.791602459814D+01  1.773386544551D+01  1.755076660839D+01  1.736676570656D+01
  1.718192273294D+01  1.699632307959D+01  1.681007356014D+01  1.662330273998D+01
  1.643615444327D+01  1.624878598648D+01  1.606136019440D+01  1.587404285785D+01
  1.568699470819D+01  1.550036950425D+01  1.531430717861D+01  1.512893347469D+01
  1.494435484797D+01  1.476065990480D+01  1.457791602242D+01  1.439617233211D+01
  1.421545765257D+01  1.403578453195D+01  1.385714798604D+01  1.367953010857D+01
  1.350289916880D+01  1.332721440493D+01  1.315242516066D+01  1.297847560492D+01
  1.280530370893D+01  1.263284574417D+01  1.246103499453D+01  1.228980596169D+01
  1.211909276887D+01  1.194883305142D+01  1.177896604611D+01  1.160943617279D+01
  1.144019082361D+01  1.127118365599D+01  1.110237210602D+01  1.093372041899D+01
  1.076519691408D+01  1.059677677955D+01  1.042843911455D+01  1.026016951284D+01
  1.009195690325D+01  9.923795939923D+00  9.755683655800D+00  9.587621669342D+00
  9.419612656100D+00  9.251662371967D+00  9.083775937632D+00  8.915959667999D+00
  8.748217154834D+00  8.580550884070D+00  8.412958098255D+00  8.245432182080D+00
  8.077958290765D+00  7.910514577131D+00  7.743067342036D+00  7.575572424983D+00
  7.407969939763D+00
Vac0 POTENTIAL                      exc: Vosko,Wilk,Nusair      
  2.14187055  6.17500000  2.11957662
   0.00000
   2.34253   1.0890130757   0.9652353777
353
 0.25000000D-01 0.35315022D-03
 0 1
  9.366311057631D-01  9.365993448809D-01  9.365660522217D-01  9.365562975132D-01
  9.365508801004D-01  9.365483383277D-01  9.365463340312D-01  9.365459343254D-01
  9.365455275767D-01  9.365464655523D-01  9.365472724400D-01  9.365493751547D-01
  9.365513450908D-01  9.365546425864D-01  9.365578654769D-01  9.365624972435D-01
  9.365671576708D-01  9.365733524068D-01  9.365797246224D-01  9.365878054710D-01
  9.365962664437D-01  9.366066705709D-01  9.366177256545D-01  9.366310362489D-01
  9.366453579219D-01  9.366623503414D-01  9.366808328676D-01  9.367025391130D-01
  9.367263743101D-01  9.367541720102D-01  9.367849538096D-01  9.368206889740D-01
  9.368605575520D-01  9.369067139782D-01  9.369585549373D-01  9.370184884610D-01
  9.370862056384D-01  9.371643285217D-01  9.372445027996D-01  9.372809578197D-01
  9.372505256442D-01  9.372224000876D-01  9.371950294850D-01  9.371697474248D-01
  9.371450223484D-01  9.371222056780D-01  9.370997817265D-01  9.370791160727D-01
  9.370587056941D-01  9.370399275247D-01  9.370212887391D-01  9.370041754628D-01
  9.369871031691D-01  9.369714654776D-01  9.369557846664D-01  9.369414605275D-01
  9.369270209545D-01  9.369138708593D-01  9.369005428010D-01  9.368884459661D-01
  9.368761168272D-01  9.368649681539D-01  9.368535397159D-01  9.368432473126D-01
  9.368326335036D-01  9.368231166634D-01  9.368132417284D-01  9.368044292715D-01
  9.367952262619D-01  9.367870551599D-01  9.367784646841D-01  9.367708789165D-01
  9.367628480879D-01  9.367557976872D-01  9.367482792536D-01  9.367417194968D-01
  9.367346710971D-01  9.367285618285D-01  9.367219453652D-01  9.367162504137D-01
  9.367100315207D-01  9.367047182092D-01  9.366988657923D-01  9.366939045127D-01
  9.366883903584D-01  9.366837542063D-01  9.366785526408D-01  9.366742171011D-01
  9.366693046987D-01  9.366652473696D-01  9.366606026941D-01  9.366568030495D-01
  9.366524064323D-01  9.366488456117D-01  9.366446789538D-01  9.366413395773D-01
  9.366373861775D-01  9.366342521832D-01  9.366304965830D-01  9.366275530823D-01
  9.366239809302D-01  9.366212140779D-01  9.366178120067D-01  9.366152088858D-01
  9.366119644020D-01  9.366095129181D-01  9.366064143037D-01  9.366041030912D-01
  9.366011393104D-01  9.365989576449D-01  9.365961182637D-01  9.365940559818D-01
  9.365913310894D-01  9.365893785148D-01  9.365867586523D-01  9.365849065262D-01
  9.365823826194D-01  9.365806220356D-01  9.365781853308D-01  9.365765076732D-01
  9.365741496761D-01  9.365725465577D-01  9.365702589740D-01  9.365687221794D-01
  9.365664968576D-01  9.365650182845D-01  9.365628471580D-01  9.365614187607D-01
  9.365592937905D-01  9.365579075225D-01  9.365558206400D-01  9.365544683952D-01
  9.365524114424D-01  9.365510849962D-01  9.365490496655D-01  9.365477406124D-01
  9.365457183840D-01  9.365444180729D-01  9.365424001483D-01  9.365410996157D-01
  9.365390768482D-01  9.365377667461D-01  9.365357295669D-01  9.365344000861D-01
  9.365323384258D-01  9.365309792151D-01  9.365288824184D-01  9.365274824958D-01
  9.365253392308D-01  9.365238868893D-01  9.365216850480D-01  9.365201677525D-01
  9.365178943444D-01  9.365162986195D-01  9.365139396543D-01  9.365122509627D-01
  9.365097913228D-01  9.365079939321D-01  9.365054172336D-01  9.365034940704D-01
  9.365007825103D-01  9.364987150000D-01  9.364958491888D-01  9.364936170809D-01
  9.364905758588D-01  9.364881570337D-01  9.364849172681D-01  9.364822875252D-01
  9.364788238890D-01  9.364759567133D-01  9.364722414395D-01  9.364691077445D-01
  9.364651103566D-01  9.364616782015D-01  9.364573652163D-01  9.364535994933D-01
  9.364489340924D-01  9.364447961826D-01  9.364397378515D-01  9.364351852448D-01
  9.364296893732D-01  9.364246752490D-01  9.364186926902D-01  9.364131654546D-01
  9.364066420396D-01  9.364005448139D-01  9.363934208140D-01  9.363866908711D-01
  9.363789004046D-01  9.363714685452D-01  9.363629389230D-01  9.363547287872D-01
  9.363453797888D-01  9.363363070956D-01  9.363260501699D-01  9.363160218773D-01
  9.363047592593D-01  9.362936726360D-01  9.362812963713D-01  9.362690379707D-01
  9.362554288377D-01  9.362418733650D-01  9.362268996830D-01  9.362119087428D-01
  9.361954250560D-01  9.361788457685D-01  9.361606913909D-01  9.361423548624D-01
  9.361223522703D-01  9.361020719033D-01  9.360800249584D-01  9.360575945832D-01
  9.360332865689D-01  9.360084783795D-01  9.359816698303D-01  9.359542321025D-01
  9.359246584051D-01  9.358943129742D-01  9.358616817161D-01  9.358281211894D-01
  9.357921092280D-01  9.357549939035D-01  9.357152441262D-01  9.356741985862D-01
  9.356303163294D-01  9.355849256753D-01  9.355364747657D-01  9.354862804560D-01
  9.354327788340D-01  9.353772740826D-01  9.353181889645D-01  9.352568136537D-01
  9.351915561826D-01  9.351236912388D-01  9.350516105710D-01  9.349765717468D-01
  9.348969485132D-01  9.348139795114D-01  9.347260185873D-01  9.346342834586D-01
  9.345371059695D-01  9.344356807052D-01  9.343283151853D-01  9.342161784200D-01
  9.340975510349D-01  9.339735737632D-01  9.338424974954D-01  9.337054316992D-01
  9.335605943860D-01  9.334090604522D-01  9.332490115531D-01  9.330814843558D-01
  9.329046203114D-01  9.327194138112D-01  9.325239618440D-01  9.323192120460D-01
  9.321032122319D-01  9.318768583249D-01  9.316381437490D-01  9.313879072263D-01
  9.311240820142D-01  9.308474435563D-01  9.305558585473D-01  9.302500324208D-01
  9.299277582233D-01  9.295896639205D-01  9.292334610593D-01  9.288596918717D-01
  9.284659777017D-01  9.280527658835D-01  9.276175779057D-01  9.271607560393D-01
  9.266797112083D-01  9.261746693384D-01  9.256429188999D-01  9.250845569434D-01
  9.244967362776D-01  9.238794111535D-01  9.232295840325D-01  9.225470508770D-01
  9.218286474579D-01  9.210739942019D-01  9.202797419806D-01  9.194453164573D-01
  9.185671632898D-01  9.176444919104D-01  9.166735200646D-01  9.156532169441D-01
  9.145795469714D-01  9.134512121925D-01  9.122638951974D-01  9.110160006631D-01
  9.097028972794D-01  9.083226583095D-01  9.068703023647D-01  9.053435328200D-01
  9.037369772491D-01  9.020479254965D-01  9.002705675415D-01  8.984017299817D-01
  8.964351120404D-01  8.943670201581D-01  8.921906017892D-01  8.899015777212D-01
  8.874924732189D-01  8.849583475943D-01  8.822910221434D-01  8.794848063657D-01
  8.765307219952D-01  8.734222251078D-01  8.701494253668D-01  8.667048030519D-01
  8.630774224053D-01  8.592586423583D-01  8.552363225664D-01  8.510005262791D-01
  8.465377172771D-01  8.418364529103D-01  8.368815696731D-01  8.316598639037D-01
  8.261542631284D-01  8.203494912396D-01  8.142262219740D-01  8.077667245308D-01
  8.009489945756D-01  7.937523751743D-01  7.861516594827D-01  7.781226804922D-01
  7.696363780036D-01  7.606643489333D-01  7.511728691936D-01  7.411283941002D-01
  7.304915232934D-01  7.192224380158D-01  7.072747941028D-01  6.946010794617D-01
  6.811464163432D-01  6.668538181765D-01  6.516578777664D-01  6.354898977350D-01
  6.182714360712D-01  5.999192790283D-01  5.803388099385D-01  5.594287882402D-01
  5.370745027152D-01  5.131523153663D-01  4.875225643423D-01  4.600338234632D-01
  4.305155150679D-01  3.987821096442D-01  3.646246208700D-01  3.278155274972D-01
  2.880994472134D-01
Vac0 POTENTIAL                      exc: Vosko,Wilk,Nusair      
  1.63952924  6.17500000  1.64793099
   0.00000
   1.91467   1.0890130757   0.9652353777
353
 0.25000000D-01 0.28864751D-03
 0 1
  7.168258412265D-01  7.167797907725D-01  7.167321187822D-01  7.167176622267D-01
  7.167096526599D-01  7.167048637494D-01  7.167011073992D-01  7.166987407971D-01
  7.166965928442D-01  7.166954137638D-01  7.166942152336D-01  7.166938441446D-01
  7.166933686232D-01  7.166936711774D-01  7.166938441787D-01  7.166947878433D-01
  7.166956083277D-01  7.166972173376D-01  7.166987311994D-01  7.167010711653D-01
  7.167033629250D-01  7.167065373138D-01  7.167097300895D-01  7.167138828974D-01
  7.167181433527D-01  7.167234662311D-01  7.167290138076D-01  7.167357573647D-01
  7.167428778526D-01  7.167513677578D-01  7.167604321721D-01  7.167710911698D-01
  7.167825814030D-01  7.167959591225D-01  7.168105025308D-01  7.168273156277D-01
  7.168457311407D-01  7.168668908054D-01  7.168881735147D-01  7.168965377299D-01
  7.168864406011D-01  7.168773137149D-01  7.168682195559D-01  7.168600243338D-01
  7.168517970931D-01  7.168444098646D-01  7.168369368715D-01  7.168302547663D-01
  7.168234419073D-01  7.168173786564D-01  7.168111467019D-01  7.168056294099D-01
  7.167999111770D-01  7.167948778234D-01  7.167896159665D-01  7.167850134426D-01
  7.167801587107D-01  7.167759412768D-01  7.167714511274D-01  7.167675791655D-01
  7.167634166567D-01  7.167598556775D-01  7.167559885705D-01  7.167527084063D-01
  7.167491084376D-01  7.167460825745D-01  7.167427248504D-01  7.167399298954D-01
  7.167367924060D-01  7.167342076285D-01  7.167312708312D-01  7.167288777909D-01
  7.167261242708D-01  7.167239065070D-01  7.167213206893D-01  7.167192634517D-01
  7.167168313569D-01  7.167149213856D-01  7.167126304243D-01  7.167108557582D-01
  7.167086945574D-01  7.167070443713D-01  7.167050026195D-01  7.167034670848D-01
  7.167015354055D-01  7.167001055700D-01  7.166982754085D-01  7.166969430903D-01
  7.166952066157D-01  7.166939643135D-01  7.166923143338D-01  7.166911551459D-01
  7.166895850329D-01  7.166885025880D-01  7.166870062111D-01  7.166859946053D-01
  7.166845662731D-01  7.166836200141D-01  7.166822544215D-01  7.166813683797D-01
  7.166800605615D-01  7.166792299251D-01  7.166779752119D-01  7.166771954456D-01
  7.166759894267D-01  7.166752562345D-01  7.166740947212D-01  7.166734040123D-01
  7.166722830041D-01  7.166716308613D-01  7.166705465156D-01  7.166699291638D-01
  7.166688777661D-01  7.166682915450D-01  7.166672694813D-01  7.166667108160D-01
  7.166657145450D-01  7.166651799204D-01  7.166642059470D-01  7.166636918814D-01
  7.166627367303D-01  7.166622397488D-01  7.166612999383D-01  7.166608165458D-01
  7.166598885611D-01  7.166594152161D-01  7.166584954820D-01  7.166580285688D-01
  7.166571134218D-01  7.166566492216D-01  7.166557348803D-01  7.166552695413D-01
  7.166543520759D-01  7.166538815819D-01  7.166529568813D-01  7.166524770183D-01
  7.166515407560D-01  7.166510470758D-01  7.166500946726D-01  7.166495824548D-01
  7.166486090390D-01  7.166480732498D-01  7.166470736142D-01  7.166465088610D-01
  7.166454774157D-01  7.166448778992D-01  7.166438086218D-01  7.166431680821D-01
  7.166420544614D-01  7.166413661213D-01  7.166402010973D-01  7.166394575976D-01
  7.166382334955D-01  7.166374268268D-01  7.166361352836D-01  7.166352567100D-01
  7.166338885955D-01  7.166329285707D-01  7.166314738995D-01  7.166304219750D-01
  7.166288698105D-01  7.166277145348D-01  7.166260528827D-01  7.166247816894D-01
  7.166229973808D-01  7.166215964665D-01  7.166196750293D-01  7.166181292179D-01
  7.166160547347D-01  7.166143473281D-01  7.166121022793D-01  7.166102148931D-01
  7.166077799841D-01  7.166056923658D-01  7.166030463359D-01  7.166007361643D-01
  7.165978555764D-01  7.165952982401D-01  7.165921572476D-01  7.165893256006D-01
  7.165858956907D-01  7.165827597824D-01  7.165790094920D-01  7.165755362689D-01
  7.165714308714D-01  7.165675838472D-01  7.165630850061D-01  7.165588238981D-01
  7.165538892842D-01  7.165491696110D-01  7.165437524795D-01  7.165385251166D-01
  7.165325738402D-01  7.165267845285D-01  7.165202420810D-01  7.165138308846D-01
  7.165066342705D-01  7.164995349766D-01  7.164916146005D-01  7.164837540569D-01
  7.164750330265D-01  7.164663304088D-01  7.164567237654D-01  7.164470897675D-01
  7.164365036341D-01  7.164258395734D-01  7.164141702144D-01  7.164023670425D-01
  7.163894998235D-01  7.163764370330D-01  7.163622452718D-01  7.163477896878D-01
  7.163321333832D-01  7.163161378273D-01  7.162988622548D-01  7.162811640685D-01
  7.162620982274D-01  7.162425176393D-01  7.162214725364D-01  7.161998108570D-01
  7.161765776084D-01  7.161526152352D-01  7.161269629681D-01  7.161004571787D-01
  7.160721307117D-01  7.160428132246D-01  7.160115305020D-01  7.159791047786D-01
  7.159445540341D-01  7.159086922965D-01  7.158705289160D-01  7.158308688473D-01
  7.157887118997D-01  7.157448529962D-01  7.156982813967D-01  7.156497809320D-01
  7.155983291976D-01  7.155446977592D-01  7.154878513141D-01  7.154285478651D-01
  7.153657378465D-01  7.153001642626D-01  7.152307617741D-01  7.151582567980D-01
  7.150815665502D-01  7.150013991021D-01  7.149166523746D-01  7.148280141476D-01
  7.147343609992D-01  7.146363582629D-01  7.145328589070D-01  7.144245034328D-01
  7.143101186879D-01  7.141903176995D-01  7.140638984135D-01  7.139314434559D-01
  7.137917187901D-01  7.136452733980D-01  7.134908378461D-01  7.133289238777D-01
  7.131582228780D-01  7.129792053665D-01  7.127905193501D-01  7.125925897052D-01
  7.123840164049D-01  7.121651737788D-01  7.119346086003D-01  7.116926392093D-01
  7.114377534439D-01  7.111702076099D-01  7.108884242391D-01  7.105925908876D-01
  7.102810577000D-01  7.099539360166D-01  7.096094957200D-01  7.092477636286D-01
  7.088669205997D-01  7.084668996822D-01  7.080457829477D-01  7.076033993721D-01
  7.071377213608D-01  7.066484623256D-01  7.061334728651D-01  7.055923379982D-01
  7.050227729550D-01  7.044242200226D-01  7.037942438957D-01  7.031321280821D-01
  7.024352697545D-01  7.017027756564D-01  7.009318563864D-01  7.001214217336D-01
  6.992684743160D-01  6.983717042633D-01  6.974278821157D-01  6.964354527583D-01
  6.953909274703D-01  6.942924769964D-01  6.931363226177D-01  6.919203282237D-01
  6.906403902503D-01  6.892940285906D-01  6.878767752149D-01  6.863857637244D-01
  6.848161164321D-01  6.831645323217D-01  6.814256723207D-01  6.795957453768D-01
  6.776688915956D-01  6.756407660825D-01  6.735049195436D-01  6.712563794594D-01
  6.688880276569D-01  6.663941782781D-01  6.637669517131D-01  6.609998486975D-01
  6.580841198483D-01  6.550123350587D-01  6.517747476895D-01  6.483628582186D-01
  6.447657719020D-01  6.409737553645D-01  6.369745862366D-01  6.327571010289D-01
  6.283075348567D-01  6.236130584978D-01  6.186581058110D-01  6.134278973073D-01
  6.079047522177D-01  6.020715951716D-01  5.959082490328D-01  5.893949203291D-01
  5.825084678897D-01  5.752258614433D-01  5.675204196882D-01  5.593652348850D-01
  5.507293721741D-01  5.415812509305D-01  5.318847947963D-01  5.216027579020D-01
  5.106928120558D-01  4.991108025190D-01  4.868067549022D-01  4.737280408792D-01
  4.598152824505D-01  4.450054017887D-01  4.292273980131D-01  4.124052437373D-01
  3.944534950273D-01  3.752801828571D-01  3.547815829055D-01  3.328457253852D-01
  3.093463654470D-01
