In49 POTENTIAL                      exc: Vosko,Wilk,Nusair      
  2.14187055  6.17500000  2.11957662
  49.00000
   2.34253   1.0890121552   0.9652352540
353
 0.25000000D-01 0.35315022D-03
 9 1
    0  -1.96656160000D+03
    0  -2.87428550000D+02
    0  -5.37136240000D+01
    0  -7.39818510000D+00
    1  -2.68528840000D+02
    1  -4.59639090000D+01
    1  -4.86454470000D+00
    2  -3.15522220000D+01
    2  -7.38539920000D-01
  4.728031861284D+02  4.728282042444D+02  4.728537971256D+02  4.728799716718D+02
  4.729067362399D+02  4.729341043933D+02  4.729620854630D+02  4.729906931611D+02
  4.730199370831D+02  4.730498311243D+02  4.730803850838D+02  4.731116130124D+02
  4.731435248708D+02  4.731761348334D+02  4.732094529810D+02  4.732434935739D+02
  4.732782667671D+02  4.733137868619D+02  4.733500640362D+02  4.733871125793D+02
  4.734249426341D+02  4.734635684174D+02  4.735029999707D+02  4.735432513688D+02
  4.735843324767D+02  4.736262571483D+02  4.736690349874D+02  4.737126795371D+02
  4.737572000444D+02  4.738026096406D+02  4.738489171080D+02  4.738961350526D+02
  4.739442716714D+02  4.739933389176D+02  4.740433442677D+02  4.740942988798D+02
  4.741462093594D+02  4.741990859106D+02  4.742529341004D+02  4.743077630024D+02
  4.743635769681D+02  4.744203837357D+02  4.744781862176D+02  4.745369906186D+02
  4.745967981931D+02  4.746576133647D+02  4.747194354790D+02  4.747822669152D+02
  4.748461048346D+02  4.749109492832D+02  4.749767949352D+02  4.750436391870D+02
  4.751114738945D+02  4.751802934584D+02  4.752500865543D+02  4.753208442097D+02
  4.753925515262D+02  4.754651957467D+02  4.755387579703D+02  4.756132212095D+02
  4.756885620963D+02  4.757647589294D+02  4.758417833718D+02  4.759196084864D+02
  4.759982004252D+02  4.760775264534D+02  4.761575466291D+02  4.762382218163D+02
  4.763195053542D+02  4.764013510590D+02  4.764837048832D+02  4.765665129053D+02
  4.766497129789D+02  4.767332427114D+02  4.768170311017D+02  4.769010065084D+02
  4.769850882768D+02  4.770691946959D+02  4.771532346157D+02  4.772371153935D+02
  4.773207345018D+02  4.774039874645D+02  4.774867594565D+02  4.775689332305D+02
  4.776503807094D+02  4.777309709053D+02  4.778105615055D+02  4.778890067860D+02
  4.779661491922D+02  4.780418272488D+02  4.781158671384D+02  4.781880906094D+02
  4.782583065549D+02  4.783263189218D+02  4.783919182935D+02  4.784548898032D+02
  4.785150047241D+02  4.785720283909D+02  4.786257118016D+02  4.786757995522D+02
  4.787220214547D+02  4.787641004902D+02  4.788017444488D+02  4.788346539070D+02
  4.788625138952D+02  4.788850019067D+02  4.789017795999D+02  4.789125008450D+02
  4.789168034692D+02  4.789143173495D+02  4.789046562081D+02  4.788874257606D+02
  4.788622155703D+02  4.788286072602D+02  4.787861664366D+02  4.787344509734D+02
  4.786730030150D+02  4.786013573433D+02  4.785190334685D+02  4.784255440890D+02
  4.783203872805D+02  4.782030550580D+02  4.780730256719D+02  4.779297722822D+02
  4.777727553696D+02  4.776014315296D+02  4.774152460072D+02  4.772136416169D+02
  4.769960514062D+02  4.767619077068D+02  4.765106349308D+02  4.762416587539D+02
  4.759543990453D+02  4.756482791827D+02  4.753227191107D+02  4.749771447829D+02
  4.746109813422D+02  4.742236626778D+02  4.738146247146D+02  4.733833150698D+02
  4.729291864314D+02  4.724517062907D+02  4.719503503837D+02  4.714246124697D+02
  4.708739978003D+02  4.702980329054D+02  4.696962590464D+02  4.690682419626D+02
  4.684135652566D+02  4.677318400438D+02  4.670226982091D+02  4.662858018935D+02
  4.655208365535D+02  4.647275202102D+02  4.639055962332D+02  4.630548422736D+02
  4.621750626882D+02  4.612660970711D+02  4.603278122340D+02  4.593601102510D+02
  4.583629199115D+02  4.573362041979D+02  4.562799511369D+02  4.551941806439D+02
  4.540789347131D+02  4.529342835914D+02  4.517603152780D+02  4.505571410113D+02
  4.493248841073D+02  4.480636848088D+02  4.467736885388D+02  4.454550502365D+02
  4.441079221943D+02  4.427324581007D+02  4.413288007377D+02  4.398970860692D+02
  4.384374312029D+02  4.369499389950D+02  4.354346868131D+02  4.338917322533D+02
  4.323211033501D+02  4.307228060854D+02  4.290968167318D+02  4.274430918141D+02
  4.257615631782D+02  4.240521508747D+02  4.223147612403D+02  4.205493027443D+02
  4.187556868086D+02  4.169338459721D+02  4.150837363930D+02  4.132053568440D+02
  4.112987510018D+02  4.093640250339D+02  4.074013472037D+02  4.054109615068D+02
  4.033931821745D+02  4.013484012836D+02  3.992770766392D+02  3.971797325783D+02
  3.950569413146D+02  3.929093179340D+02  3.907374970729D+02  3.885421247196D+02
  3.863238333893D+02  3.840832341936D+02  3.818208940068D+02  3.795373310806D+02
  3.772329970459D+02  3.749082783259D+02  3.725634845417D+02  3.701988565763D+02
  3.678145615428D+02  3.654107070330D+02  3.629873416491D+02  3.605444740104D+02
  3.580820771080D+02  3.556001101160D+02  3.530985244966D+02  3.505772865043D+02
  3.480363829530D+02  3.454758424026D+02  3.428957386998D+02  3.402962090997D+02
  3.376774540219D+02  3.350397507662D+02  3.323834483490D+02  3.297089759392D+02
  3.270168321904D+02  3.243075881135D+02  3.215818709645D+02  3.188403619909D+02
  3.160837757316D+02  3.133128539180D+02  3.105283419758D+02  3.077309814012D+02
  3.049214862307D+02  3.021005371635D+02  2.992687616992D+02  2.964267339428D+02
  2.935749623819D+02  2.907138990468D+02  2.878439378639D+02  2.849654348504D+02
  2.820787169208D+02  2.791841107014D+02  2.762819567927D+02  2.733726396788D+02
  2.704565979129D+02  2.675343446218D+02  2.646064636221D+02  2.616736127124D+02
  2.587365016286D+02  2.557958787454D+02  2.528524963837D+02  2.499070905873D+02
  2.469603461032D+02  2.440128823027D+02  2.410652297562D+02  2.381178315702D+02
  2.351710372965D+02  2.322251216637D+02  2.292802943615D+02  2.263367319610D+02
  2.233945974666D+02  2.204540782331D+02  2.175154077697D+02  2.145789023707D+02
  2.116449784565D+02  2.087141820750D+02  2.057871969345D+02  2.028648629436D+02
  1.999481721416D+02  1.970382744267D+02  1.941364605090D+02  1.912441548401D+02
  1.883628863272D+02  1.854942700216D+02  1.826399678442D+02  1.798016619502D+02
  1.769810090994D+02  1.741796100224D+02  1.713989625595D+02  1.686404330662D+02
  1.659052154282D+02  1.631943128422D+02  1.605085123492D+02  1.578483877866D+02
  1.552143011769D+02  1.526064373683D+02  1.500248396231D+02  1.474694767737D+02
  1.449403035378D+02  1.424373375457D+02  1.399607086119D+02  1.375107015324D+02
  1.350877517188D+02  1.326924250994D+02  1.303253554998D+02  1.279871839735D+02
  1.256784809290D+02  1.233996957297D+02  1.211511084578D+02  1.189328192374D+02
  1.167447407673D+02  1.145866229071D+02  1.124580715285D+02  1.103585897135D+02
  1.082876044626D+02  1.062445087833D+02  1.042286842476D+02  1.022395357045D+02
  1.002765045929D+02  9.833909366609D+01  9.642687032556D+01  9.453948182938D+01
  9.267664998113D+01  9.083817870968D+01  8.902394225535D+01  8.723388739602D+01
  8.546801741244D+01  8.372639116530D+01  8.200910490870D+01  8.031629011010D+01
  7.864809480103D+01  7.700468161002D+01  7.538620989673D+01  7.379283502221D+01
  7.222469207899D+01  7.068189701399D+01  6.916453239433D+01  6.767265067022D+01
  6.620626213954D+01  6.476534041698D+01  6.334981259539D+01  6.195956687441D+01
  6.059444484467D+01  5.925425117884D+01  5.793874790575D+01  5.664766595871D+01
  5.538070110283D+01  5.413752679386D+01  5.291779092589D+01  5.172112883463D+01
  5.054715938741D+01  4.939549645821D+01  4.826574271402D+01  4.715749820998D+01
  4.607035108959D+01  4.500388342253D+01  4.395765888228D+01  4.293122779301D+01
  4.192411328343D+01
N_07 POTENTIAL                      exc: Vosko,Wilk,Nusair      
  1.63952924  6.17500000  1.64793099
   7.00000
   1.91467   1.0890121552   0.9652352540
353
 0.25000000D-01 0.28864751D-03
 2 1
    0  -2.69998930000D+01
    0  -4.29582100000D-01
  2.633453869100D+01  2.633490102347D+01  2.633527207728D+01  2.633567758462D+01
  2.633609807640D+01  2.633653153184D+01  2.633697656883D+01  2.633743376204D+01
  2.633790247922D+01  2.633838359248D+01  2.633887661434D+01  2.633938249925D+01
  2.633990081296D+01  2.634043254814D+01  2.634097730063D+01  2.634153608843D+01
  2.634210852990D+01  2.634269566385D+01  2.634329712844D+01  2.634391398167D+01
  2.634454588059D+01  2.634519390197D+01  2.634585772163D+01  2.634653843523D+01
  2.634723573763D+01  2.634795074379D+01  2.634868316814D+01  2.634943414547D+01
  2.635020341040D+01  2.635099211826D+01  2.635180002456D+01  2.635262830589D+01
  2.635347673944D+01  2.635434652387D+01  2.635523745886D+01  2.635615076597D+01
  2.635708626822D+01  2.635804521094D+01  2.635902744154D+01  2.636003423512D+01
  2.636106584334D+01  2.636212317028D+01  2.636320611459D+01  2.636431599861D+01
  2.636545274791D+01  2.636661771222D+01  2.636781084502D+01  2.636903352440D+01
  2.637028573272D+01  2.637156887741D+01  2.637288297064D+01  2.637422945018D+01
  2.637560835902D+01  2.637702116622D+01  2.637846794652D+01  2.637995020124D+01
  2.638146803786D+01  2.638302299089D+01  2.638461520148D+01  2.638624623825D+01
  2.638791627692D+01  2.638962692112D+01  2.639137838199D+01  2.639317229905D+01
  2.639500891969D+01  2.639688992006D+01  2.639881558462D+01  2.640078762689D+01
  2.640280636906D+01  2.640487356268D+01  2.640698956829D+01  2.640915617608D+01
  2.641137378540D+01  2.641364422552D+01  2.641596793505D+01  2.641834678264D+01
  2.642078124642D+01  2.642327323462D+01  2.642582326496D+01  2.642843328525D+01
  2.643110385275D+01  2.643383695465D+01  2.643663318742D+01  2.643949457726D+01
  2.644242175930D+01  2.644541679804D+01  2.644848036648D+01  2.645161456648D+01
  2.645482010777D+01  2.645809912824D+01  2.646145237289D+01  2.646488201397D+01
  2.646838882987D+01  2.647197502511D+01  2.647564140914D+01  2.647939021621D+01
  2.648322228398D+01  2.648713987331D+01  2.649114384672D+01  2.649523648800D+01
  2.649941868051D+01  2.650369272662D+01  2.650805952583D+01  2.651252139401D+01
  2.651707924131D+01  2.652173539123D+01  2.652649075826D+01  2.653134766670D+01
  2.653630702810D+01  2.654137115981D+01  2.654654096210D+01  2.655181873648D+01
  2.655720536250D+01  2.656270311571D+01  2.656831284419D+01  2.657403678615D+01
  2.657987574607D+01  2.658583191193D+01  2.659190603096D+01  2.659810022647D+01
  2.660441517313D+01  2.661085291335D+01  2.661741403215D+01  2.662410047294D+01
  2.663091271194D+01  2.663785257347D+01  2.664492040370D+01  2.665211788542D+01
  2.665944521122D+01  2.666690389755D+01  2.667449395730D+01  2.668221671319D+01
  2.669007196961D+01  2.669806082529D+01  2.670618284440D+01  2.671443886845D+01
  2.672282818653D+01  2.673135134640D+01  2.674000732389D+01  2.674879633306D+01
  2.675771699469D+01  2.676676914550D+01  2.677595100566D+01  2.678526198700D+01
  2.679469985950D+01  2.680426355843D+01  2.681395034974D+01  2.682375863614D+01
  2.683368512133D+01  2.684372761486D+01  2.685388219526D+01  2.686414601370D+01
  2.687451445583D+01  2.688498394421D+01  2.689554909894D+01  2.690620553881D+01
  2.691694704060D+01  2.692776833899D+01  2.693866228453D+01  2.694962264226D+01
  2.696064124843D+01  2.697171080777D+01  2.698282204897D+01  2.699396652069D+01
  2.700513374579D+01  2.701631401615D+01  2.702749554572D+01  2.703866726421D+01
  2.704981596906D+01  2.706092911811D+01  2.707199198063D+01  2.708299042907D+01
  2.709390808935D+01  2.710472913192D+01  2.711543542137D+01  2.712600930716D+01
  2.713643077281D+01  2.714668022647D+01  2.715673565011D+01  2.716657539020D+01
  2.717617530729D+01  2.718551156721D+01  2.719455779148D+01  2.720328784950D+01
  2.721167301023D+01  2.721968473596D+01  2.722729183591D+01  2.723446326212D+01
  2.724116526559D+01  2.724736419513D+01  2.725302365669D+01  2.725810731593D+01
  2.726257606171D+01  2.726639081314D+01  2.726950968815D+01  2.727189081607D+01
  2.727348951224D+01  2.727426109715D+01  2.727415807818D+01  2.727313297649D+01
  2.727113551697D+01  2.726811546412D+01  2.726401982147D+01  2.725879567758D+01
  2.725238741634D+01  2.724473957435D+01  2.723579406329D+01  2.722549304004D+01
  2.721377614250D+01  2.720058337365D+01  2.718585235200D+01  2.716952121094D+01
  2.715152586494D+01  2.713180292532D+01  2.711028698327D+01  2.708691354292D+01
  2.706161632213D+01  2.703433020359D+01  2.700498855397D+01  2.697352619357D+01
  2.693987673408D+01  2.690397556683D+01  2.686575721917D+01  2.682515836097D+01
  2.678211517895D+01  2.673656640064D+01  2.668845068549D+01  2.663770966483D+01
  2.658428534795D+01  2.652812317585D+01  2.646916943979D+01  2.640737434591D+01
  2.634268944284D+01  2.627507069336D+01  2.620447590687D+01  2.613086781342D+01
  2.605421149583D+01  2.597447746040D+01  2.589163906256D+01  2.580567556771D+01
  2.571656956325D+01  2.562431000203D+01  2.552888959275D+01  2.543030781752D+01
  2.532856829190D+01  2.522368174731D+01  2.511566335112D+01  2.500453564411D+01
  2.489032581048D+01  2.477306856011D+01  2.465280333808D+01  2.452957714107D+01
  2.440344165661D+01  2.427445600299D+01  2.414268378710D+01  2.400819575918D+01
  2.387106678000D+01  2.373137838086D+01  2.358921563202D+01  2.344466960050D+01
  2.329783411325D+01  2.314880810704D+01  2.299769228217D+01  2.284459134168D+01
  2.268961053425D+01  2.253285778355D+01  2.237444012327D+01  2.221446572222D+01
  2.205304022010D+01  2.189026866067D+01  2.172625174495D+01  2.156108769431D+01
  2.139486844934D+01  2.122768149861D+01  2.105960606830D+01  2.089071497266D+01
  2.072107086376D+01  2.055072818875D+01  2.037972960299D+01  2.020810815838D+01
  2.003588402711D+01  1.986306709271D+01  1.968965418034D+01  1.951563226785D+01
  1.934097645486D+01  1.916565402926D+01  1.898962339549D+01  1.881283917623D+01
  1.863525220516D+01  1.845681565504D+01  1.827748592909D+01  1.809722945295D+01
  1.791602387864D+01  1.773386472678D+01  1.755076589126D+01  1.736676499176D+01
  1.718192202110D+01  1.699632237113D+01  1.681007285529D+01  1.662330203872D+01
  1.643615374535D+01  1.624878529144D+01  1.606135950160D+01  1.587404216653D+01
  1.568699401753D+01  1.550036881342D+01  1.531430648682D+01  1.512893278126D+01
  1.494435415237D+01  1.476065920663D+01  1.457791532149D+01  1.439617162836D+01
  1.421545694617D+01  1.403578382323D+01  1.385714727547D+01  1.367952939679D+01
  1.350289845660D+01  1.332721369319D+01  1.315242445041D+01  1.297847489728D+01
  1.280530300510D+01  1.263284504542D+01  1.246103430222D+01  1.228980527721D+01
  1.211909209365D+01  1.194883238691D+01  1.177896539378D+01  1.160943553407D+01
  1.144019019991D+01  1.127118304868D+01  1.110237151637D+01  1.093371984818D+01
  1.076519636318D+01  1.059677624945D+01  1.042843860601D+01  1.026016902638D+01
  1.009195643921D+01  9.923795498393D+00  9.755683236633D+00  9.587621272134D+00
  9.419612280220D+00  9.251662016545D+00  9.083775601614D+00  8.915959350174D+00
  8.748216853919D+00  8.580550598774D+00  8.412957827418D+00  8.245431924785D+00
  8.077958046533D+00  7.910514346086D+00  7.743067125164D+00  7.575572224353D+00
  7.407969758824D+00
Vac0 POTENTIAL                      exc: Vosko,Wilk,Nusair      
  2.14187055  6.17500000  2.11957662
   0.00000
   2.34253   1.0890121552   0.9652352540
353
 0.25000000D-01 0.35315022D-03
 0 1
  9.366315334534D-01  9.365997728771D-01  9.365664805511D-01  9.365567260001D-01
  9.365513086677D-01  9.365487669465D-01  9.365467627289D-01  9.365463630553D-01
  9.365459563680D-01  9.365468944013D-01  9.365477013501D-01  9.365498041324D-01
  9.365517741547D-01  9.365550717243D-01  9.365582947135D-01  9.365629265674D-01
  9.365675871230D-01  9.365737819622D-01  9.365801543300D-01  9.365882353184D-01
  9.365966964723D-01  9.366071007822D-01  9.366181560836D-01  9.366314669096D-01
  9.366457888599D-01  9.366627815766D-01  9.366812644403D-01  9.367029710643D-01
  9.367268067031D-01  9.367546048793D-01  9.367853872432D-01  9.368211230255D-01
  9.368609923270D-01  9.369071495589D-01  9.369589914565D-01  9.370189260322D-01
  9.370866444360D-01  9.371647687003D-01  9.372449444297D-01  9.372813999578D-01
  9.372509669777D-01  9.372228406426D-01  9.371954693235D-01  9.371701865616D-01
  9.371454608397D-01  9.371226435319D-01  9.371002189958D-01  9.370795527660D-01
  9.370591418570D-01  9.370403631610D-01  9.370217238941D-01  9.370046101367D-01
  9.369875374013D-01  9.369718992704D-01  9.369562180546D-01  9.369418935121D-01
  9.369274535685D-01  9.369143031006D-01  9.369009747023D-01  9.368888775237D-01
  9.368765480717D-01  9.368653990795D-01  9.368539703536D-01  9.368436776538D-01
  9.368330635784D-01  9.368235464634D-01  9.368136712829D-01  9.368048585699D-01
  9.367956553327D-01  9.367874839920D-01  9.367788933045D-01  9.367713073146D-01
  9.367632762902D-01  9.367562256812D-01  9.367487070652D-01  9.367421471137D-01
  9.367350985445D-01  9.367289890927D-01  9.367223724720D-01  9.367166773487D-01
  9.367104583087D-01  9.367051448362D-01  9.366992922829D-01  9.366943308511D-01
  9.366888165694D-01  9.366841802750D-01  9.366789785903D-01  9.366746429163D-01
  9.366697304023D-01  9.366656729465D-01  9.366610281670D-01  9.366572284030D-01
  9.366528316890D-01  9.366492707553D-01  9.366451040066D-01  9.366417645232D-01
  9.366378110388D-01  9.366346769434D-01  9.366309212641D-01  9.366279776673D-01
  9.366244054412D-01  9.366216384981D-01  9.366182363577D-01  9.366156331505D-01
  9.366123886022D-01  9.366099370366D-01  9.366068383615D-01  9.366045270713D-01
  9.366015632342D-01  9.365993814949D-01  9.365965420611D-01  9.365944797086D-01
  9.365917547672D-01  9.365898021253D-01  9.365871822169D-01  9.365853300270D-01
  9.365828060774D-01  9.365810454330D-01  9.365786086879D-01  9.365769309724D-01
  9.365745729377D-01  9.365729697639D-01  9.365706821455D-01  9.365691452978D-01
  9.365669199435D-01  9.365654413197D-01  9.365632701629D-01  9.365618417171D-01
  9.365597167187D-01  9.365583304042D-01  9.365562434951D-01  9.365548912061D-01
  9.365528342286D-01  9.365515077398D-01  9.365494723863D-01  9.365481632917D-01
  9.365461410422D-01  9.365448406914D-01  9.365428227469D-01  9.365415221761D-01
  9.365394993903D-01  9.365381892511D-01  9.365361520547D-01  9.365348225380D-01
  9.365327608619D-01  9.365314016163D-01  9.365293048047D-01  9.365279048483D-01
  9.365257615691D-01  9.365243091948D-01  9.365221073403D-01  9.365205900126D-01
  9.365183165920D-01  9.365167208356D-01  9.365143618584D-01  9.365126731360D-01
  9.365102134846D-01  9.365084160635D-01  9.365058393539D-01  9.365039161606D-01
  9.365012045896D-01  9.364991370494D-01  9.364962712276D-01  9.364940390900D-01
  9.364909978570D-01  9.364885790021D-01  9.364853392258D-01  9.364827094528D-01
  9.364792458055D-01  9.364763785993D-01  9.364726633141D-01  9.364695295882D-01
  9.364655321883D-01  9.364621000015D-01  9.364577870034D-01  9.364540212480D-01
  9.364493558334D-01  9.364452178901D-01  9.364401595440D-01  9.364356069025D-01
  9.364301110145D-01  9.364250968540D-01  9.364191142773D-01  9.364135870036D-01
  9.364070635687D-01  9.364009663029D-01  9.363938422808D-01  9.363871122954D-01
  9.363793218043D-01  9.363718898997D-01  9.363633602500D-01  9.363551500658D-01
  9.363458010366D-01  9.363367282916D-01  9.363264713313D-01  9.363164429830D-01
  9.363051803262D-01  9.362940936427D-01  9.362817173346D-01  9.362694588687D-01
  9.362558496870D-01  9.362422941434D-01  9.362273204067D-01  9.362123293894D-01
  9.361958456413D-01  9.361792662696D-01  9.361611118232D-01  9.361427752028D-01
  9.361227725337D-01  9.361024920660D-01  9.360804450348D-01  9.360580145492D-01
  9.360337064383D-01  9.360088981277D-01  9.359820894705D-01  9.359546516093D-01
  9.359250777913D-01  9.358947322137D-01  9.358621008208D-01  9.358285401326D-01
  9.357925280207D-01  9.357554125182D-01  9.357156625730D-01  9.356746168366D-01
  9.356307343927D-01  9.355853435220D-01  9.355368924038D-01  9.354866978550D-01
  9.354331960009D-01  9.353776909854D-01  9.353186056089D-01  9.352572300064D-01
  9.351919722480D-01  9.351241069820D-01  9.350520259948D-01  9.349769868146D-01
  9.348973632261D-01  9.348143938310D-01  9.347264325128D-01  9.346346969496D-01
  9.345375190230D-01  9.344360932787D-01  9.343287272735D-01  9.342165899778D-01
  9.340979620545D-01  9.339739841971D-01  9.338429073329D-01  9.337058408897D-01
  9.335610029158D-01  9.334094682677D-01  9.332494186371D-01  9.330818906513D-01
  9.329050257976D-01  9.327198184270D-01  9.325243655649D-01  9.323196148067D-01
  9.321036140033D-01  9.318772590374D-01  9.316385433688D-01  9.313883056787D-01
  9.311244792605D-01  9.308478395163D-01  9.305562531767D-01  9.302504256337D-01
  9.299281499693D-01  9.295900541075D-01  9.292338496303D-01  9.288600787281D-01
  9.284663627794D-01  9.280531490766D-01  9.276179591427D-01  9.271611352066D-01
  9.266800882265D-01  9.261750440855D-01  9.256432912882D-01  9.250849268423D-01
  9.244971035903D-01  9.238797757403D-01  9.232299457873D-01  9.225474096504D-01
  9.218290031341D-01  9.210743466216D-01  9.202800910180D-01  9.194456619429D-01
  9.185675050876D-01  9.176448298405D-01  9.166738539804D-01  9.156535466557D-01
  9.145798723218D-01  9.134515329816D-01  9.122642112582D-01  9.110163117858D-01
  9.097032032878D-01  9.083229589846D-01  9.068705975217D-01  9.053438222319D-01
  9.037372607238D-01  9.020482028005D-01  9.002708384771D-01  8.984019943107D-01
  8.964353695616D-01  8.943672706312D-01  8.921908450123D-01  8.899018134549D-01
  8.874927012640D-01  8.849585677161D-01  8.822912341496D-01  8.794850100307D-01
  8.765309171386D-01  8.734224115187D-01  8.701496028823D-01  8.667049714819D-01
  8.630775816115D-01  8.592587921787D-01  8.552364628948D-01  8.510006569901D-01
  8.465378383057D-01  8.418365641769D-01  8.368816711640D-01  8.316599555960D-01
  8.261543450708D-01  8.203495634781D-01  8.142262846328D-01  8.077667777385D-01
  8.009490385465D-01  7.937524101353D-01  7.861516857551D-01  7.781226984191D-01
  7.696363880329D-01  7.606643515458D-01  7.511728649872D-01  7.411283837189D-01
  7.304915075135D-01  7.192224176762D-01  7.072747701934D-01  6.946010530565D-01
  6.811463886912D-01  6.668537906384D-01  6.516578519100D-01  6.354898752765D-01
  6.182714189768D-01  5.999192694630D-01  5.803388103756D-01  5.594288014206D-01
  5.370745317697D-01  5.131523637884D-01  4.875226361286D-01  4.600339231066D-01
  4.305156477216D-01  3.987822811431D-01  3.646248379282D-01  3.278157977652D-01
  2.880997795179D-01
Vac0 POTENTIAL                      exc: Vosko,Wilk,Nusair      
  1.63952924  6.17500000  1.64793099
   0.00000
   1.91467   1.0890121552   0.9652352540
353
 0.25000000D-01 0.28864751D-03
 0 1
  7.168265444756D-01  7.167804943798D-01  7.167328227604D-01  7.167183663877D-01
  7.167103569301D-01  7.167055681017D-01  7.167018118269D-01  7.166994452658D-01
  7.166972973707D-01  7.166961183361D-01  7.166949198571D-01  7.166945488082D-01
  7.166940733412D-01  7.166943759435D-01  7.166945489978D-01  7.166954927196D-01
  7.166963132626D-01  7.166979223422D-01  7.166994362754D-01  7.167017763187D-01
  7.167040681718D-01  7.167072426580D-01  7.167104355347D-01  7.167145884583D-01
  7.167188490370D-01  7.167241720511D-01  7.167297197835D-01  7.167364635061D-01
  7.167435841856D-01  7.167520742930D-01  7.167611389430D-01  7.167717981924D-01
  7.167832887153D-01  7.167966667506D-01  7.168112105194D-01  7.168280240150D-01
  7.168464399798D-01  7.168676001475D-01  7.168888833791D-01  7.168972477588D-01
  7.168871503144D-01  7.168780231285D-01  7.168689286862D-01  7.168607331925D-01
  7.168525056988D-01  7.168451182237D-01  7.168376450001D-01  7.168309626738D-01
  7.168241496055D-01  7.168180861519D-01  7.168118540081D-01  7.168063365291D-01
  7.168006181238D-01  7.167955845988D-01  7.167903225840D-01  7.167857199044D-01
  7.167808650268D-01  7.167766474486D-01  7.167721571645D-01  7.167682850700D-01
  7.167641224377D-01  7.167605613370D-01  7.167566941162D-01  7.167534138369D-01
  7.167498137626D-01  7.167467877945D-01  7.167434299728D-01  7.167406349209D-01
  7.167374973398D-01  7.167349124707D-01  7.167319755890D-01  7.167295824640D-01
  7.167268288656D-01  7.167246110223D-01  7.167220251317D-01  7.167199678198D-01
  7.167175356567D-01  7.167156256161D-01  7.167133345919D-01  7.167115598609D-01
  7.167093986007D-01  7.167077483535D-01  7.167057065465D-01  7.167041709545D-01
  7.167022392239D-01  7.167008093344D-01  7.166989791247D-01  7.166976467562D-01
  7.166959102360D-01  7.166946678860D-01  7.166930178639D-01  7.166918586318D-01
  7.166902884787D-01  7.166892059916D-01  7.166877095774D-01  7.166866979319D-01
  7.166852695646D-01  7.166843232681D-01  7.166829576425D-01  7.166820715655D-01
  7.166807637164D-01  7.166799330463D-01  7.166786783043D-01  7.166778985060D-01
  7.166766924600D-01  7.166759592377D-01  7.166747976986D-01  7.166741069615D-01
  7.166729859290D-01  7.166723337592D-01  7.166712493906D-01  7.166706320134D-01
  7.166695805943D-01  7.166689943488D-01  7.166679722648D-01  7.166674135761D-01
  7.166664172861D-01  7.166658826396D-01  7.166649086479D-01  7.166643945616D-01
  7.166634393933D-01  7.166629423915D-01  7.166620025648D-01  7.166615191531D-01
  7.166605911529D-01  7.166601177894D-01  7.166591980407D-01  7.166587311097D-01
  7.166578159488D-01  7.166573517315D-01  7.166564373768D-01  7.166559720212D-01
  7.166550545431D-01  7.166545840331D-01  7.166536593202D-01  7.166531794416D-01
  7.166522431673D-01  7.166517494719D-01  7.166507970572D-01  7.166502848244D-01
  7.166493113975D-01  7.166487755934D-01  7.166477759467D-01  7.166472111789D-01
  7.166461797227D-01  7.166455801917D-01  7.166445109034D-01  7.166438703493D-01
  7.166427567177D-01  7.166420683628D-01  7.166409033278D-01  7.166401598133D-01
  7.166389356998D-01  7.166381290162D-01  7.166368374613D-01  7.166359588723D-01
  7.166345907456D-01  7.166336307049D-01  7.166321760211D-01  7.166311240801D-01
  7.166295719023D-01  7.166284166093D-01  7.166267549430D-01  7.166254837316D-01
  7.166236994079D-01  7.166222984743D-01  7.166203770209D-01  7.166188311891D-01
  7.166167566884D-01  7.166150492599D-01  7.166128041921D-01  7.166109167826D-01
  7.166084818528D-01  7.166063942093D-01  7.166037481567D-01  7.166014379578D-01
  7.165985573450D-01  7.165959999791D-01  7.165928589593D-01  7.165900272801D-01
  7.165865973400D-01  7.165834613965D-01  7.165797110728D-01  7.165762378111D-01
  7.165721323769D-01  7.165682853104D-01  7.165637864286D-01  7.165595252743D-01
  7.165545906152D-01  7.165498708910D-01  7.165444537095D-01  7.165392262904D-01
  7.165332749586D-01  7.165274855849D-01  7.165209430759D-01  7.165145318111D-01
  7.165073351288D-01  7.165002357594D-01  7.164923153074D-01  7.164844546804D-01
  7.164757335658D-01  7.164670308559D-01  7.164574241190D-01  7.164477900191D-01
  7.164372037819D-01  7.164265396083D-01  7.164148701341D-01  7.164030668372D-01
  7.163901994904D-01  7.163771365615D-01  7.163629446583D-01  7.163484889212D-01
  7.163328324590D-01  7.163168367336D-01  7.162995609862D-01  7.162818626122D-01
  7.162627965770D-01  7.162432157810D-01  7.162221704628D-01  7.162005085532D-01
  7.161772750659D-01  7.161533124377D-01  7.161276599059D-01  7.161011538342D-01
  7.160728270736D-01  7.160435092738D-01  7.160122262259D-01  7.159798001564D-01
  7.159452490512D-01  7.159093869304D-01  7.158712231503D-01  7.158315626574D-01
  7.157894052671D-01  7.157455458940D-01  7.156989738041D-01  7.156504728198D-01
  7.155990205423D-01  7.155453885289D-01  7.154885414824D-01  7.154292373972D-01
  7.153664267130D-01  7.153008524252D-01  7.152314492000D-01  7.151589434453D-01
  7.150822523823D-01  7.150020840732D-01  7.149173364439D-01  7.148286972649D-01
  7.147350431191D-01  7.146370393304D-01  7.145335388715D-01  7.144251822342D-01
  7.143107962700D-01  7.141909939963D-01  7.140645733628D-01  7.139321169852D-01
  7.137923908306D-01  7.136459438702D-01  7.134915066739D-01  7.133295909739D-01
  7.131588881584D-01  7.129798687355D-01  7.127911807148D-01  7.125932489607D-01
  7.123846734488D-01  7.121658284963D-01  7.119352608783D-01  7.116932889221D-01
  7.114384004671D-01  7.111708518059D-01  7.108890654710D-01  7.105932290048D-01
  7.102816925524D-01  7.099545674394D-01  7.096101235486D-01  7.092483876831D-01
  7.088675406996D-01  7.084675156314D-01  7.080463945487D-01  7.076040064113D-01
  7.071383236224D-01  7.066490595773D-01  7.061340648716D-01  7.055929245070D-01
  7.050233537102D-01  7.044247947505D-01  7.037948123183D-01  7.031326899032D-01
  7.024358246732D-01  7.017033233528D-01  7.009323965354D-01  7.001219539908D-01
  6.992689983312D-01  6.983722196669D-01  6.974283885320D-01  6.964359497916D-01
  6.953914147191D-01  6.942929540392D-01  6.931367890270D-01  6.919207835525D-01
  6.906408340461D-01  6.892944603817D-01  6.878771945249D-01  6.863861700590D-01
  6.848165092933D-01  6.831649111949D-01  6.814260366897D-01  6.795960947108D-01
  6.776692253646D-01  6.756410837447D-01  6.735052205613D-01  6.712566632868D-01
  6.688882937564D-01  6.663944261087D-01  6.637671807473D-01  6.610000584105D-01
  6.580843097352D-01  6.550125046242D-01  6.517748964665D-01  6.483629857584D-01
  6.447658777935D-01  6.409738392256D-01  6.369746477340D-01  6.327571398706D-01
  6.283075508128D-01  6.236130513940D-01  6.186580755506D-01  6.134278438651D-01
  6.079046756639D-01  6.020714956666D-01  5.959081268517D-01  5.893947758581D-01
  5.825083016515D-01  5.752256740945D-01  5.675202120461D-01  5.593650079253D-01
  5.507291270591D-01  5.415809890079D-01  5.318845176279D-01  5.216024672632D-01
  5.106925099654D-01  4.991104912393D-01  4.868064369692D-01  4.737277191035D-01
  4.598149599482D-01  4.450050819830D-01  4.292270846656D-01  4.124049409507D-01
  3.944532072777D-01  3.752799149985D-01  3.547813402020D-01  3.328455135188D-01
  3.093461905516D-01
