In49 POTENTIAL                      exc: Vosko,Wilk,Nusair      
  2.25914357  6.50000000  2.23392349
  49.00000
   2.46891   0.8856776984   0.8856506301
353
 0.25000000D-01 0.37220196D-03
 9 1
    0  -1.96656160000D+03
    0  -2.87428550000D+02
    0  -5.37136240000D+01
    0  -7.39818510000D+00
    1  -2.68528840000D+02
    1  -4.59639090000D+01
    1  -4.86454470000D+00
    2  -3.15522220000D+01
    2  -7.38539920000D-01
  4.725879640565D+02  4.726143297000D+02  4.726412978560D+02  4.726688749322D+02
  4.726970696171D+02  4.727258957863D+02  4.727553630690D+02  4.727854854631D+02
  4.728162728400D+02  4.728477393503D+02  4.728798950403D+02  4.729127541813D+02
  4.729463269461D+02  4.729806276899D+02  4.730156666637D+02  4.730514582622D+02
  4.730880127618D+02  4.731253445441D+02  4.731634638519D+02  4.732023849930D+02
  4.732421181097D+02  4.732826773662D+02  4.733240727282D+02  4.733663181373D+02
  4.734094232972D+02  4.734534018364D+02  4.734982631001D+02  4.735440203024D+02
  4.735906823213D+02  4.736382618422D+02  4.736867671543D+02  4.737362102860D+02
  4.737865988019D+02  4.738379439300D+02  4.738902523588D+02  4.739435343559D+02
  4.739977955651D+02  4.740530451163D+02  4.741092874211D+02  4.741665302748D+02
  4.742247766580D+02  4.742840328049D+02  4.743443000191D+02  4.744055827509D+02
  4.744678803832D+02  4.745311953088D+02  4.745955247123D+02  4.746608686385D+02
  4.747272217693D+02  4.747945814829D+02  4.748629396252D+02  4.749322905595D+02
  4.750026229317D+02  4.750739277104D+02  4.751461899451D+02  4.752193967961D+02
  4.752935292854D+02  4.753685703165D+02  4.754444964166D+02  4.755212857463D+02
  4.755989098328D+02  4.756773415688D+02  4.757565469369D+02  4.758364929967D+02
  4.759171395997D+02  4.759984473656D+02  4.760803693866D+02  4.761628591924D+02
  4.762458624443D+02  4.763293248884D+02  4.764131840396D+02  4.764973771227D+02
  4.765818327469D+02  4.766664788343D+02  4.767512342850D+02  4.768360168941D+02
  4.769207350068D+02  4.770052954253D+02  4.770895950535D+02  4.771735287948D+02
  4.772569811882D+02  4.773398342967D+02  4.774219593359D+02  4.775032245552D+02
  4.775834868598D+02  4.776625996860D+02  4.777404046194D+02  4.778167392650D+02
  4.778914288640D+02  4.779642941627D+02  4.780351430288D+02  4.781037783223D+02
  4.781699895154D+02  4.782335605677D+02  4.782942615540D+02  4.783518565480D+02
  4.784060952619D+02  4.784567209433D+02  4.785034620315D+02  4.785460400733D+02
  4.785841614009D+02  4.786175250727D+02  4.786458145800D+02  4.786687058183D+02
  4.786858588298D+02  4.786969258132D+02  4.787015429093D+02  4.786993382574D+02
  4.786899238317D+02  4.786729035535D+02  4.786478651875D+02  4.786143885180D+02
  4.785720373148D+02  4.785203675835D+02  4.784589196102D+02  4.783872262952D+02
  4.783048052870D+02  4.782111674098D+02  4.781058088951D+02  4.779882199130D+02
  4.778578769119D+02  4.777142512612D+02  4.775568017084D+02  4.773849831415D+02
  4.771982391700D+02  4.769960110143D+02  4.767777302161D+02  4.765428276592D+02
  4.762907264133D+02  4.760208508872D+02  4.757326198063D+02  4.754254554979D+02
  4.750987769974D+02  4.747520094609D+02  4.743845773927D+02  4.739959141728D+02
  4.735854553929D+02  4.731526484833D+02  4.726969461363D+02  4.722178160090D+02
  4.717147342082D+02  4.711871950372D+02  4.706347045075D+02  4.700567900903D+02
  4.694529942112D+02  4.688228839589D+02  4.681660445096D+02  4.674820887357D+02
  4.667706504988D+02  4.660313940918D+02  4.652640073298D+02  4.644682107523D+02
  4.636437504335D+02  4.627904068635D+02  4.619079873949D+02  4.609963347176D+02
  4.600553188568D+02  4.590848451555D+02  4.580848457404D+02  4.570552869332D+02
  4.559961601094D+02  4.549074884724D+02  4.537893172482D+02  4.526417197846D+02
  4.514647870540D+02  4.502586330644D+02  4.490233837010D+02  4.477591815011D+02
  4.464661739139D+02  4.451445175683D+02  4.437943661235D+02  4.424158742550D+02
  4.410091853789D+02  4.395744356999D+02  4.381117422207D+02  4.366212073302D+02
  4.351029076399D+02  4.335568997150D+02  4.319832103900D+02  4.303818443246D+02
  4.287527764868D+02  4.270959621922D+02  4.254113323399D+02  4.236988063938D+02
  4.219582906410D+02  4.201896941315D+02  4.183929296559D+02  4.165679319643D+02
  4.147146603658D+02  4.128331177001D+02  4.109233526268D+02  4.089854770783D+02
  4.070196657480D+02  4.050261694781D+02  4.030053095437D+02  4.009574849337D+02
  3.988831599656D+02  3.967828647489D+02  3.946571762942D+02  3.925067132392D+02
  3.903321123992D+02  3.881340204366D+02  3.859130690601D+02  3.836698671216D+02
  3.814049779586D+02  3.791189151720D+02  3.768121249157D+02  3.744849875532D+02
  3.721378064005D+02  3.697708160522D+02  3.673841776755D+02  3.649779934836D+02
  3.625523075360D+02  3.601071248959D+02  3.576424161676D+02  3.551581393664D+02
  3.526542461097D+02  3.501307040825D+02  3.475875027969D+02  3.450246746490D+02
  3.424422983674D+02  3.398405169289D+02  3.372195371542D+02  3.345796431605D+02
  3.319211909918D+02  3.292446167594D+02  3.265504257495D+02  3.238391949999D+02
  3.211115569805D+02  3.183681970800D+02  3.156098327593D+02  3.128372072753D+02
  3.100510661449D+02  3.072521494773D+02  3.044411685633D+02  3.016188001322D+02
  2.987856667987D+02  2.959423371965D+02  2.930893142437D+02  2.902270447738D+02
  2.873559184600D+02  2.844762884745D+02  2.815884807466D+02  2.786928229955D+02
  2.757896590729D+02  2.728793786217D+02  2.699624268250D+02  2.670393241710D+02
  2.641106617549D+02  2.611771036395D+02  2.582393640419D+02  2.552981933904D+02
  2.523543433523D+02  2.494085465828D+02  2.464614820714D+02  2.435137616168D+02
  2.405659072129D+02  2.376183532067D+02  2.346714410989D+02  2.317254390092D+02
  2.287805521341D+02  2.258369550911D+02  2.228948117877D+02  2.199543133921D+02
  2.170157000965D+02  2.140792974775D+02  2.111455335140D+02  2.082149675857D+02
  2.052882980007D+02  2.023663799024D+02  1.994502206113D+02  1.965409846833D+02
  1.936399762805D+02  1.907486314763D+02  1.878684884694D+02  1.850011687643D+02
  1.821483375467D+02  1.793116767213D+02  1.764928391468D+02  1.736934179261D+02
  1.709148997023D+02  1.681586363267D+02  1.654258044249D+02  1.627173878920D+02
  1.600341534775D+02  1.573766549751D+02  1.547452361446D+02  1.521400669197D+02
  1.495611805497D+02  1.470085418528D+02  1.444821079873D+02  1.419819048536D+02
  1.395080747093D+02  1.370609163244D+02  1.346408776455D+02  1.322485329325D+02
  1.298845183533D+02  1.275494706949D+02  1.252439501590D+02  1.229683914356D+02
  1.207230574348D+02  1.185080304919D+02  1.163232065538D+02  1.141683208960D+02
  1.120429677193D+02  1.099466416113D+02  1.078787642822D+02  1.058387263873D+02
  1.038259097596D+02  1.018397216549D+02  9.987960765346D+01  9.794507591296D+01
  9.603570014533D+01  9.415113444428D+01  9.229110773040D+01  9.045543107451D+01
  8.864398576831D+01  8.685672542080D+01  8.509365992924D+01  8.335485453932D+01
  8.164041176680D+01  7.995046929155D+01  7.828518149476D+01  7.664471763131D+01
  7.502924420210D+01  7.343892440123D+01  7.187390210666D+01  7.033430318586D+01
  6.882022150917D+01  6.733172236021D+01  6.586883058577D+01  6.443153611789D+01
  6.301978418684D+01  6.163348282417D+01  6.027249497232D+01  5.893664777921D+01
  5.762572639647D+01  5.633948482894D+01  5.507764113180D+01  5.383988943055D+01
  5.262589598772D+01  5.143531167054D+01  5.026776794611D+01  4.912288865772D+01
  4.800028469745D+01  4.689956387790D+01  4.582032330015D+01  4.476215674338D+01
  4.372464467935D+01  4.270735980193D+01  4.170985512434D+01  4.073166936401D+01
  3.977231426476D+01
N_07 POTENTIAL                      exc: Vosko,Wilk,Nusair      
  1.72127726  6.50000000  1.73067725
   7.00000
   2.01081   0.8856776984   0.8856506301
353
 0.25000000D-01 0.30314114D-03
 2 1
    0  -2.69998930000D+01
    0  -4.29582100000D-01
  2.611904919382D+01  2.611943108133D+01  2.611982223914D+01  2.612024858300D+01
  2.612069055335D+01  2.612114597923D+01  2.612161360635D+01  2.612209389126D+01
  2.612258633904D+01  2.612309170771D+01  2.612360964929D+01  2.612414100558D+01
  2.612468548293D+01  2.612524396230D+01  2.612581618098D+01  2.612640304602D+01
  2.612700431802D+01  2.612762092560D+01  2.612825264988D+01  2.612890043943D+01
  2.612956409502D+01  2.613024458475D+01  2.613094172892D+01  2.613165651528D+01
  2.613238878399D+01  2.613313954288D+01  2.613390865246D+01  2.613469714122D+01
  2.613550489071D+01  2.613633295078D+01  2.613718122470D+01  2.613805078445D+01
  2.613894155584D+01  2.613985463380D+01  2.614078996752D+01  2.614174867572D+01
  2.614273073183D+01  2.614373727926D+01  2.614476831676D+01  2.614582501705D+01
  2.614690778832D+01  2.614801743188D+01  2.614915399964D+01  2.615031871487D+01
  2.615151165737D+01  2.615273407877D+01  2.615398608774D+01  2.615526896528D+01
  2.615658284988D+01  2.615792905285D+01  2.615930774351D+01  2.616072026447D+01
  2.616216681682D+01  2.616364877543D+01  2.616516637411D+01  2.616672102094D+01
  2.616831298341D+01  2.616994370371D+01  2.617161348390D+01  2.617332380120D+01
  2.617507499312D+01  2.617686857273D+01  2.617870491382D+01  2.618058556611D+01
  2.618251094046D+01  2.618448262397D+01  2.618650106524D+01  2.618856788944D+01
  2.619068358352D+01  2.619284981127D+01  2.619506709850D+01  2.619733714811D+01
  2.619966052517D+01  2.620203897198D+01  2.620447309315D+01  2.620696467058D+01
  2.620951434850D+01  2.621212394844D+01  2.621479415415D+01  2.621752682658D+01
  2.622032268876D+01  2.622318364065D+01  2.622611044397D+01  2.622910503703D+01
  2.623216821947D+01  2.623530196697D+01  2.623850711596D+01  2.624178567821D+01
  2.624513852544D+01  2.624856770386D+01  2.625207411862D+01  2.625565984827D+01
  2.625932582907D+01  2.626307416934D+01  2.626690583366D+01  2.627082295703D+01
  2.627482652894D+01  2.627891870741D+01  2.628310050285D+01  2.628737409195D+01
  2.629174050136D+01  2.629620192136D+01  2.630075938937D+01  2.630541510338D+01
  2.631017010526D+01  2.631502659396D+01  2.631998560852D+01  2.632504934104D+01
  2.633021881946D+01  2.633549622016D+01  2.634088255049D+01  2.634637996108D+01
  2.635198942796D+01  2.635771306457D+01  2.636355180355D+01  2.636950770829D+01
  2.637558165438D+01  2.638177564075D+01  2.638809047065D+01  2.639452806236D+01
  2.640108912966D+01  2.640777549213D+01  2.641458775502D+01  2.642152761905D+01
  2.642859555973D+01  2.643579313654D+01  2.644312067171D+01  2.645057955871D+01
  2.645816994041D+01  2.646589301689D+01  2.647374872288D+01  2.648173803484D+01
  2.648986064770D+01  2.649811728108D+01  2.650650735524D+01  2.651503129651D+01
  2.652368821234D+01  2.653247819584D+01  2.654139999987D+01  2.655045334071D+01
  2.655963657115D+01  2.656894898310D+01  2.657838847972D+01  2.658795387694D+01
  2.659764257448D+01  2.660745285631D+01  2.661738156053D+01  2.662742637861D+01
  2.663758352415D+01  2.664785003089D+01  2.665822142025D+01  2.666869399811D+01
  2.667926252107D+01  2.668992249197D+01  2.670066782485D+01  2.671149313925D+01
  2.672239142376D+01  2.673335632910D+01  2.674437983038D+01  2.675545451884D+01
  2.676657126288D+01  2.677772149852D+01  2.678889488919D+01  2.680008161501D+01
  2.681127003135D+01  2.682244895704D+01  2.683360533183D+01  2.684472650352D+01
  2.685579788455D+01  2.686680523821D+01  2.687773233442D+01  2.688856323526D+01
  2.689927995016D+01  2.690986472097D+01  2.692029767681D+01  2.693055911892D+01
  2.694062717555D+01  2.695048008691D+01  2.696009386040D+01  2.696944455615D+01
  2.697850594296D+01  2.698725178494D+01  2.699565349868D+01  2.700368244142D+01
  2.701130757015D+01  2.701849773194D+01  2.702521932553D+01  2.703143859457D+01
  2.703711929250D+01  2.704222497943D+01  2.704671669115D+01  2.705055524055D+01
  2.705369889166D+01  2.705610566659D+01  2.705773102560D+01  2.705853018063D+01
  2.705845578245D+01  2.705746024192D+01  2.705549342543D+01  2.705250498503D+01
  2.704844206342D+01  2.704325163416D+01  2.703687821753D+01  2.702926623213D+01
  2.702035772281D+01  2.701009472505D+01  2.699841700623D+01  2.698526444407D+01
  2.697057478252D+01  2.695428602541D+01  2.693633420824D+01  2.691665580817D+01
  2.689518553263D+01  2.687185874674D+01  2.684660927964D+01  2.681937186998D+01
  2.679007999068D+01  2.675866831297D+01  2.672507054981D+01  2.668922193867D+01
  2.665105710350D+01  2.661051255591D+01  2.656752457519D+01  2.652203172694D+01
  2.647397276004D+01  2.642328914136D+01  2.636992296776D+01  2.631381951479D+01
  2.625492516126D+01  2.619318994889D+01  2.612856551610D+01  2.606100766496D+01
  2.599047429991D+01  2.591692799724D+01  2.584033394369D+01  2.576066250280D+01
  2.567788714726D+01  2.559198701555D+01  2.550294483098D+01  2.541074944106D+01
  2.531539371521D+01  2.521687705856D+01  2.511520327940D+01  2.501038306819D+01
  2.490243182531D+01  2.479137209533D+01  2.467723134503D+01  2.456004434264D+01
  2.443985087568D+01  2.431669806460D+01  2.419063801059D+01  2.406173003290D+01
  2.393003823555D+01  2.379563365963D+01  2.365859175951D+01  2.351899446058D+01
  2.337692753677D+01  2.323248256615D+01  2.308575420312D+01  2.293684202616D+01
  2.278584770024D+01  2.263287671363D+01  2.247803542913D+01  2.232143271038D+01
  2.216317686439D+01  2.200337716251D+01  2.184214068239D+01  2.167957373512D+01
  2.151577862242D+01  2.135085499084D+01  2.118489653104D+01  2.101799229328D+01
  2.085022337207D+01  2.068166423694D+01  2.051237946935D+01  2.034242519116D+01
  2.017184595428D+01  2.000067638812D+01  1.982893838666D+01  1.965664314437D+01
  1.948378883559D+01  1.931036325714D+01  1.913634223555D+01  1.896169311900D+01
  1.878637414469D+01  1.861033897699D+01  1.843353716369D+01  1.825591974044D+01
  1.807744064283D+01  1.789806304858D+01  1.771776118938D+01  1.753652663739D+01
  1.735436950900D+01  1.717132353784D+01  1.698744546979D+01  1.680281781995D+01
  1.661754560938D+01  1.643175634901D+01  1.624559414760D+01  1.605921746320D+01
  1.587279157875D+01  1.568648544764D+01  1.550046402303D+01  1.531488566171D+01
  1.512989559060D+01  1.494562485958D+01  1.476218558892D+01  1.457967176824D+01
  1.439815627746D+01  1.421769328754D+01  1.403831664949D+01  1.386004340250D+01
  1.368287300787D+01  1.350679145707D+01  1.333177088838D+01  1.315777389394D+01
  1.298475318556D+01  1.281265583332D+01  1.264142277364D+01  1.247099282553D+01
  1.230130193144D+01  1.213228687787D+01  1.196388422448D+01  1.179603370677D+01
  1.162867684818D+01  1.146176005212D+01  1.129523291354D+01  1.112905102323D+01
  1.096317400613D+01  1.079756806785D+01  1.063220379124D+01  1.046705845694D+01
  1.030211362965D+01  1.013735728307D+01  9.972781204531D+00  9.808382950641D+00
  9.644163093638D+00  9.480127027801D+00  9.316282073798D+00  9.152639147558D+00
  8.989209729620D+00  8.826007398304D+00  8.663044660565D+00  8.500334340577D+00
  8.337886258264D+00  8.175708454966D+00  8.013803699242D+00  7.852170526310D+00
  7.690799549789D+00  7.529674355175D+00  7.368767424575D+00  7.208041098901D+00
  7.047443146143D+00
Vac0 POTENTIAL                      exc: Vosko,Wilk,Nusair      
  2.25914357  6.50000000  2.23392349
   0.00000
   2.46891   0.8856776984   0.8856506301
353
 0.25000000D-01 0.37220196D-03
 0 1
  8.331148827697D-01  8.330880326448D-01  8.330597112242D-01  8.330515451949D-01
  8.330469256492D-01  8.330449531317D-01  8.330432991583D-01  8.330432140017D-01
  8.330429878413D-01  8.330441134414D-01  8.330449970169D-01  8.330471954713D-01
  8.330491553629D-01  8.330524623329D-01  8.330555855955D-01  8.330601306150D-01
  8.330645853572D-01  8.330705742162D-01  8.330766050741D-01  8.330843238557D-01
  8.330922623584D-01  8.331020932946D-01  8.331123788314D-01  8.331248262913D-01
  8.331380374537D-01  8.331537652655D-01  8.331706640406D-01  8.331905473939D-01
  8.332121398965D-01  8.332373365811D-01  8.332649565293D-01  8.332970046067D-01
  8.333324277008D-01  8.333733795674D-01  8.334189807110D-01  8.334715874980D-01
  8.335305550044D-01  8.335984087572D-01  8.336677195188D-01  8.336978607647D-01
  8.336691419860D-01  8.336427008810D-01  8.336168663262D-01  8.335931039771D-01
  8.335697616594D-01  8.335483218394D-01  8.335271472862D-01  8.335077338122D-01
  8.334884561203D-01  8.334708207141D-01  8.334532119143D-01  8.334371448798D-01
  8.334210117452D-01  8.334063347398D-01  8.333915124054D-01  8.333780727872D-01
  8.333644197146D-01  8.333520860557D-01  8.333394800439D-01  8.333281385712D-01
  8.333164735517D-01  8.333060252587D-01  8.332952087127D-01  8.332855670393D-01
  8.332755178910D-01  8.332666068172D-01  8.332572537070D-01  8.332490061845D-01
  8.332402860560D-01  8.332326427185D-01  8.332244996297D-01  8.332174077156D-01
  8.332097918550D-01  8.332032043019D-01  8.331960711680D-01  8.331899458570D-01
  8.331832555555D-01  8.331775546712D-01  8.331712713253D-01  8.331659608062D-01
  8.331600520569D-01  8.331551011340D-01  8.331495377049D-01  8.331449185019D-01
  8.331396738299D-01  8.331353610196D-01  8.331304109383D-01  8.331263814451D-01
  8.331217039047D-01  8.331179366457D-01  8.331135114745D-01  8.331099871354D-01
  8.331057958277D-01  8.331024966654D-01  8.330985221967D-01  8.330954318651D-01
  8.330916585300D-01  8.330887619275D-01  8.330851751939D-01  8.330824583268D-01
  8.330790447086D-01  8.330764945691D-01  8.330732415101D-01  8.330708459681D-01
  8.330677417408D-01  8.330654894461D-01  8.330625230544D-01  8.330604033469D-01
  8.330575644443D-01  8.330555672718D-01  8.330528460838D-01  8.330509619288D-01
  8.330483491779D-01  8.330465689876D-01  8.330440558285D-01  8.330423709506D-01
  8.330399489079D-01  8.330383510278D-01  8.330360119352D-01  8.330344930200D-01
  8.330322289635D-01  8.330307812054D-01  8.330285844695D-01  8.330272002314D-01
  8.330250632444D-01  8.330237350068D-01  8.330216502886D-01  8.330203705975D-01
  8.330183307064D-01  8.330170921196D-01  8.330150895996D-01  8.330138846333D-01
  8.330119119598D-01  8.330107330349D-01  8.330087825591D-01  8.330076219432D-01
  8.330056858349D-01  8.330045355849D-01  8.330026057718D-01  8.330014576705D-01
  8.329995257757D-01  8.329983712687D-01  8.329964285423D-01  8.329952586670D-01
  8.329932959151D-01  8.329921012272D-01  8.329901087355D-01  8.329888792293D-01
  8.329868466793D-01  8.329855717018D-01  8.329834880822D-01  8.329821562394D-01
  8.329800097487D-01  8.329786088049D-01  8.329763867456D-01  8.329749035132D-01
  8.329725921770D-01  8.329710123954D-01  8.329685969370D-01  8.329669051418D-01
  8.329643694411D-01  8.329625488188D-01  8.329598753299D-01  8.329579075604D-01
  8.329550771453D-01  8.329529422273D-01  8.329499339736D-01  8.329476100336D-01
  8.329444010541D-01  8.329418641356D-01  8.329384293469D-01  8.329356531791D-01
  8.329319650586D-01  8.329289208001D-01  8.329249491176D-01  8.329216050757D-01
  8.329173165979D-01  8.329136379171D-01  8.329089960811D-01  8.329049444011D-01
  8.328999089547D-01  8.328954420320D-01  8.328899686362D-01  8.328850399270D-01
  8.328790797179D-01  8.328736379168D-01  8.328671370208D-01  8.328611255528D-01
  8.328540245524D-01  8.328473810099D-01  8.328396143530D-01  8.328322698762D-01
  8.328237652237D-01  8.328156438144D-01  8.328063213196D-01  8.327973390839D-01
  8.327871105967D-01  8.327771749083D-01  8.327659430954D-01  8.327549516710D-01
  8.327426090438D-01  8.327304489217D-01  8.327168767629D-01  8.327034231736D-01
  8.326884903503D-01  8.326736054696D-01  8.326571671217D-01  8.326406986917D-01
  8.326225947829D-01  8.326043745886D-01  8.325844283046D-01  8.325642704902D-01
  8.325422864684D-01  8.325199856760D-01  8.324957480493D-01  8.324710773621D-01
  8.324443475962D-01  8.324170562651D-01  8.323875707684D-01  8.323573816993D-01
  8.323248491808D-01  8.322914561565D-01  8.322555547059D-01  8.322186193162D-01
  8.321789931751D-01  8.321381414222D-01  8.320943974163D-01  8.320492159632D-01
  8.320009195566D-01  8.319509515792D-01  8.318976225136D-01  8.318423631149D-01
  8.317834705879D-01  8.317223617282D-01  8.316573190623D-01  8.315897439539D-01
  8.315179027024D-01  8.314431796115D-01  8.313638230412D-01  8.312811984347D-01
  8.311935343191D-01  8.311021752858D-01  8.310053279351D-01  8.309043138045D-01
  8.307973152517D-01  8.306856283249D-01  8.305674085770D-01  8.304439238730D-01
  8.303133001278D-01  8.301767740427D-01  8.300324387595D-01  8.298814965189D-01
  8.297220042209D-01  8.295551259970D-01  8.293788786674D-01  8.291943842167D-01
  8.289996151369D-01  8.287956467971D-01  8.285804026586D-01  8.283549065271D-01
  8.281170276269D-01  8.278677327220D-01  8.276048310339D-01  8.273292262167D-01
  8.270386611020D-01  8.267339695120D-01  8.264128208108D-01  8.260759715382D-01
  8.257210097459D-01  8.253486064313D-01  8.249562596341D-01  8.245445456471D-01
  8.241108628462D-01  8.236556826523D-01  8.231762930630D-01  8.226730493363D-01
  8.221431171901D-01  8.215867231731D-01  8.210008974921D-01  8.203857240325D-01
  8.197380827676D-01  8.190578993846D-01  8.183418872235D-01  8.175897964579D-01
  8.167981555030D-01  8.159665196917D-01  8.150912120810D-01  8.141715715550D-01
  8.132036929467D-01  8.121866744851D-01  8.111163571355D-01  8.099915712929D-01
  8.088078752243D-01  8.075638008910D-01  8.062545913532D-01  8.048784455783D-01
  8.034302546387D-01  8.019078453316D-01  8.003057149635D-01  7.986212735654D-01
  7.968485770103D-01  7.949845675560D-01  7.930228049796D-01  7.909597051139D-01
  7.887882686054D-01  7.865043170223D-01  7.841002187439D-01  7.815711221083D-01
  7.789086778111D-01  7.761072684201D-01  7.731577264983D-01  7.700535596299D-01
  7.667846632733D-01  7.633435402114D-01  7.597190068733D-01  7.559024058236D-01
  7.518813039528D-01  7.476456962403D-01  7.431816937795D-01  7.384777165675D-01
  7.335181687762D-01  7.282896177036D-01  7.227744529992D-01  7.169570481212D-01
  7.108173993220D-01  7.043372649463D-01  6.974937788291D-01  6.902655614717D-01
  6.826263010271D-01  6.745508287282D-01  6.660086587383D-01  6.569700180732D-01
  6.473993341688D-01  6.372612068123D-01  6.265138291901D-01  6.151148858864D-01
  6.030148892807D-01  5.901629833470D-01  5.765001724532D-01  5.619650054069D-01
  5.464866679255D-01  5.299905151783D-01  5.123909925897D-01  4.935969784344D-01
  4.735044908823D-01  4.520017949182D-01  4.289618527060D-01  4.042471389051D-01
  3.777017828140D-01  3.491562393649D-01  3.184184715553D-01  2.852790336970D-01
  2.495015021024D-01
Vac0 POTENTIAL                      exc: Vosko,Wilk,Nusair      
  1.72127726  6.50000000  1.73067725
   0.00000
   2.01081   0.8856776984   0.8856506301
353
 0.25000000D-01 0.30314114D-03
 0 1
  6.288066299956D-01  6.287660988058D-01  6.287241251475D-01  6.287114074133D-01
  6.287043488943D-01  6.287001396724D-01  6.286968234415D-01  6.286947446999D-01
  6.286928423016D-01  6.286918065007D-01  6.286907369288D-01  6.286904087688D-01
  6.286899711453D-01  6.286902304384D-01  6.286903569295D-01  6.286911722657D-01
  6.286918585686D-01  6.286932472380D-01  6.286945289355D-01  6.286965429456D-01
  6.286984875942D-01  6.287012099343D-01  6.287039163387D-01  6.287074624705D-01
  6.287110640423D-01  6.287155870042D-01  6.287202584959D-01  6.287259572701D-01
  6.287319248772D-01  6.287390563690D-01  6.287466118000D-01  6.287555072676D-01
  6.287650268320D-01  6.287761140132D-01  6.287880842757D-01  6.288019171250D-01
  6.288169689895D-01  6.288342474243D-01  6.288515460633D-01  6.288579081191D-01
  6.288488965597D-01  6.288407601993D-01  6.288326432799D-01  6.288253379619D-01
  6.288179943296D-01  6.288114097394D-01  6.288047388957D-01  6.287987832722D-01
  6.287927012686D-01  6.287872976695D-01  6.287817338368D-01  6.287768172347D-01
  6.287717116467D-01  6.287672267224D-01  6.287625282268D-01  6.287584276109D-01
  6.287540922768D-01  6.287503351686D-01  6.287463250482D-01  6.287428761096D-01
  6.287391582547D-01  6.287359867203D-01  6.287325323749D-01  6.287296113357D-01
  6.287263952852D-01  6.287237010954D-01  6.287207011379D-01  6.287182129301D-01
  6.287154094330D-01  6.287131087135D-01  6.287104842477D-01  6.287083545717D-01
  6.287058936021D-01  6.287039202865D-01  6.287016089215D-01  6.286997788103D-01
  6.286976045827D-01  6.286959058489D-01  6.286938575298D-01  6.286922795067D-01
  6.286903469510D-01  6.286888799835D-01  6.286870539967D-01  6.286856893190D-01
  6.286839615394D-01  6.286826911687D-01  6.286810539662D-01  6.286798706055D-01
  6.286783169987D-01  6.286772139592D-01  6.286757375344D-01  6.286747086635D-01
  6.286733035109D-01  6.286723431278D-01  6.286710037826D-01  6.286701066241D-01
  6.286688280124D-01  6.286679891829D-01  6.286667665776D-01  6.286659815055D-01
  6.286648104802D-01  6.286640748780D-01  6.286629512734D-01  6.286622611004D-01
  6.286611809869D-01  6.286605324168D-01  6.286594920635D-01  6.286588814535D-01
  6.286578772987D-01  6.286573011607D-01  6.286563297837D-01  6.286557847584D-01
  6.286548428541D-01  6.286543256837D-01  6.286534100368D-01  6.286529175422D-01
  6.286520250032D-01  6.286515540592D-01  6.286506815212D-01  6.286502290333D-01
  6.286493734075D-01  6.286489362880D-01  6.286480944822D-01  6.286476696272D-01
  6.286468385205D-01  6.286464227858D-01  6.286455992050D-01  6.286451893824D-01
  6.286443700771D-01  6.286439628675D-01  6.286431444840D-01  6.286427364721D-01
  6.286419155262D-01  6.286415031524D-01  6.286406760009D-01  6.286402555306D-01
  6.286394183406D-01  6.286389858338D-01  6.286381345495D-01  6.286376858258D-01
  6.286368161336D-01  6.286363467367D-01  6.286354540269D-01  6.286349591842D-01
  6.286340385099D-01  6.286335130890D-01  6.286325591215D-01  6.286319975844D-01
  6.286310045633D-01  6.286304009147D-01  6.286293625957D-01  6.286287103269D-01
  6.286276199220D-01  6.286269119502D-01  6.286257620646D-01  6.286249906648D-01
  6.286237732257D-01  6.286229299579D-01  6.286216361373D-01  6.286207117646D-01
  6.286193318940D-01  6.286183162931D-01  6.286168397701D-01  6.286157218334D-01
  6.286141370181D-01  6.286129045449D-01  6.286111986459D-01  6.286098382229D-01
  6.286079971721D-01  6.286064940416D-01  6.286045023557D-01  6.286028402702D-01
  6.286006808972D-01  6.285988419588D-01  6.285964961102D-01  6.285944605933D-01
  6.285919075575D-01  6.285896537131D-01  6.285868706502D-01  6.285843744900D-01
  6.285813362037D-01  6.285785712615D-01  6.285752499495D-01  6.285721870176D-01
  6.285685519940D-01  6.285651588318D-01  6.285611762211D-01  6.285574172338D-01
  6.285530496330D-01  6.285488855157D-01  6.285440916204D-01  6.285394789662D-01
  6.285342131581D-01  6.285291040234D-01  6.285233159139D-01  6.285176573393D-01
  6.285112912657D-01  6.285050247459D-01  6.284980192142D-01  6.284910801125D-01
  6.284833671815D-01  6.284756840825D-01  6.284671886838D-01  6.284586826781D-01
  6.284493218636D-01  6.284399057570D-01  6.284295878681D-01  6.284191653077D-01
  6.284077890562D-01  6.283962535647D-01  6.283837070172D-01  6.283709409248D-01
  6.283571003802D-01  6.283429736444D-01  6.283277023927D-01  6.283120712934D-01
  6.282952182441D-01  6.282779239412D-01  6.282593221063D-01  6.282401890452D-01
  6.282196538627D-01  6.281984880107D-01  6.281758154905D-01  6.281524023882D-01
  6.281273670626D-01  6.281014696678D-01  6.280738223251D-01  6.280451786303D-01
  6.280146438086D-01  6.279829642050D-01  6.279492374206D-01  6.279142017842D-01
  6.278769464671D-01  6.278382009350D-01  6.277970450389D-01  6.277541984445D-01
  6.277087306973D-01  6.276613506270D-01  6.276111163837D-01  6.275587248144D-01
  6.275032214681D-01  6.274452899412D-01  6.273839618472D-01  6.273199061283D-01
  6.272521389863D-01  6.271813131559D-01  6.271064277931D-01  6.270281177062D-01
  6.269453631964D-01  6.268587792428D-01  6.267673252891D-01  6.266715943778D-01
  6.265705228779D-01  6.264646795616D-01  6.263529752673D-01  6.262359519119D-01
  6.261124920824D-01  6.259831079766D-01  6.258466509147D-01  6.257036002018D-01
  6.255527725494D-01  6.253946108509D-01  6.252278935036D-01  6.250530230873D-01
  6.248687355751D-01  6.246753889039D-01  6.244716720622D-01  6.242578935395D-01
  6.240326902769D-01  6.237963159815D-01  6.235473499242D-01  6.232859851033D-01
  6.230107368706D-01  6.227217309276D-01  6.224174117593D-01  6.220978304422D-01
  6.217613528638D-01  6.214079473191D-01  6.210358924895D-01  6.206450648017D-01
  6.202336461370D-01  6.198014109226D-01  6.193464335371D-01  6.188683751005D-01
  6.183651905372D-01  6.178364150251D-01  6.172798706719D-01  6.166949525783D-01
  6.160793350756D-01  6.154322573512D-01  6.147512291878D-01  6.140353160900D-01
  6.132818444560D-01  6.124896861336D-01  6.116559629437D-01  6.107793305821D-01
  6.098566823986D-01  6.088864325459D-01  6.078652189021D-01  6.067911853476D-01
  6.056606836979D-01  6.044715549682D-01  6.032198301551D-01  6.019030103193D-01
  6.005167660250D-01  5.990582160346D-01  5.975226251726D-01  5.959066813838D-01
  5.942051917367D-01  5.924143575408D-01  5.905284681418D-01  5.885431737218D-01
  5.864521764590D-01  5.842505005448D-01  5.819311801789D-01  5.794885262243D-01
  5.769148103773D-01  5.742035277376D-01  5.713460763272D-01  5.683350146662D-01
  5.651607356033D-01  5.618147177494D-01  5.582861923102D-01  5.545653869219D-01
  5.506401838266D-01  5.464993542597D-01  5.421292058535D-01  5.375168052138D-01
  5.326466118514D-01  5.275036859200D-01  5.220703052129D-01  5.163291541679D-01
  5.102599194744D-01  5.038424553202D-01  4.970533518564D-01  4.898690701840D-01
  4.822624762254D-01  4.742059370094D-01  4.656678102745D-01  4.566154910702D-01
  4.470118445042D-01  4.368181883568D-01  4.259906525689D-01  4.144830792789D-01
  4.022432877291D-01  3.892158670175D-01  3.753383214182D-01  3.605437204883D-01
  3.447566862726D-01  3.278960040705D-01  3.098699268335D-01  2.905792071503D-01
  2.699117364365D-01
