In49 POTENTIAL                      exc: Vosko,Wilk,Nusair      
  2.20033126  6.33750000  2.17664358
  49.00000
   2.40560   0.9811931868   0.9240466115
353
 0.25000000D-01 0.36265835D-03
 9 1
    0  -1.96656160000D+03
    0  -2.87428550000D+02
    0  -5.37136240000D+01
    0  -7.39818510000D+00
    1  -2.68528840000D+02
    1  -4.59639090000D+01
    1  -4.86454470000D+00
    2  -3.15522220000D+01
    2  -7.38539920000D-01
  4.726906034827D+02  4.727162941423D+02  4.727425734446D+02  4.727694480747D+02
  4.727969265356D+02  4.728250225763D+02  4.728537456553D+02  4.728831096571D+02
  4.729131242939D+02  4.729438036185D+02  4.729751575330D+02  4.730072002289D+02
  4.730399417527D+02  4.730733964003D+02  4.731075743180D+02  4.731424898650D+02
  4.731781532381D+02  4.732145788111D+02  4.732517767762D+02  4.732897614652D+02
  4.733285430031D+02  4.733681356146D+02  4.734085492868D+02  4.734497980626D+02
  4.734918917110D+02  4.735348440090D+02  4.735786644166D+02  4.736233663493D+02
  4.736689588563D+02  4.737154548839D+02  4.737628629558D+02  4.738111954285D+02
  4.738604601719D+02  4.739106688173D+02  4.739618284378D+02  4.740139497882D+02
  4.740670389854D+02  4.741211057399D+02  4.741761550348D+02  4.742321953499D+02
  4.742892303464D+02  4.743472670579D+02  4.744063075894D+02  4.744663573177D+02
  4.745274165603D+02  4.745894887766D+02  4.746525722329D+02  4.747166681943D+02
  4.747817725857D+02  4.748478841748D+02  4.749149962269D+02  4.749831046799D+02
  4.750521997924D+02  4.751222743093D+02  4.751933151036D+02  4.752653113318D+02
  4.753382460687D+02  4.754121044526D+02  4.754868653122D+02  4.755625093019D+02
  4.756390105195D+02  4.757163446311D+02  4.757944804803D+02  4.758733882014D+02
  4.759530308195D+02  4.760333723528D+02  4.761143694024D+02  4.761959792432D+02
  4.762781514038D+02  4.763608357459D+02  4.764439740337D+02  4.765275080016D+02
  4.766113709135D+02  4.766954956187D+02  4.767798061009D+02  4.768642255230D+02
  4.769486677657D+02  4.770330454616D+02  4.771172615240D+02  4.772012171707D+02
  4.772848034437D+02  4.773679092238D+02  4.774504127419D+02  4.775321895851D+02
  4.776131042017D+02  4.776930178998D+02  4.777717803474D+02  4.778492375655D+02
  4.779252234253D+02  4.779995676380D+02  4.780720872511D+02  4.781425946385D+02
  4.782108889980D+02  4.782767643445D+02  4.783400010133D+02  4.784003736596D+02
  4.784576427709D+02  4.785115626779D+02  4.785618730805D+02  4.786083070747D+02
  4.786505826978D+02  4.786884109766D+02  4.787214874977D+02  4.787495004835D+02
  4.787721223943D+02  4.787890180384D+02  4.787998362136D+02  4.788042178600D+02
  4.788017877474D+02  4.787921626791D+02  4.787749432350D+02  4.787497220345D+02
  4.787160755442D+02  4.786735724094D+02  4.786217653358D+02  4.785601994999D+02
  4.784884045136D+02  4.784059029235D+02  4.783122022689D+02  4.782068036787D+02
  4.780891940331D+02  4.779588546677D+02  4.778152536469D+02  4.776578545844D+02
  4.774861090369D+02  4.772994654475D+02  4.770973616665D+02  4.768792340238D+02
  4.766445099812D+02  4.763926173372D+02  4.761229770124D+02  4.758350123874D+02
  4.755281422201D+02  4.752017901128D+02  4.748553775558D+02  4.744883335165D+02
  4.741000875981D+02  4.736900797367D+02  4.732577534599D+02  4.728025656719D+02
  4.723239799878D+02  4.718214765807D+02  4.712945455612D+02  4.707426968504D+02
  4.701654535667D+02  4.695623618814D+02  4.689329843634D+02  4.682769097662D+02
  4.675937462738D+02  4.668831311569D+02  4.661447238537D+02  4.653782154262D+02
  4.645833214017D+02  4.637597909503D+02  4.629073994079D+02  4.620259570912D+02
  4.611153014161D+02  4.601753052664D+02  4.592058686221D+02  4.582069263970D+02
  4.571784394988D+02  4.561204020613D+02  4.550328318684D+02  4.539157769239D+02
  4.527693052031D+02  4.515935105306D+02  4.503885016443D+02  4.491544074133D+02
  4.478913652643D+02  4.465995258176D+02  4.452790408039D+02  4.439300672890D+02
  4.425527553048D+02  4.411472519427D+02  4.397136890413D+02  4.382521875567D+02
  4.367628457822D+02  4.352457445357D+02  4.337009365110D+02  4.321284529325D+02
  4.305282947188D+02  4.289004412912D+02  4.272448442101D+02  4.255614387245D+02
  4.238501403424D+02  4.221108593984D+02  4.203435005830D+02  4.185479802359D+02
  4.167242281670D+02  4.148722065937D+02  4.129919127421D+02  4.110833975096D+02
  4.091467665880D+02  4.071821963680D+02  4.051899310401D+02  4.031702933337D+02
  4.011236755422D+02  3.990505436119D+02  3.969514213557D+02  3.948268880260D+02
  3.926775567665D+02  3.905040675882D+02  3.883070627144D+02  3.860871781503D+02
  3.838450193965D+02  3.815811551055D+02  3.792960964253D+02  3.769902955603D+02
  3.746641309640D+02  3.723179123325D+02  3.699518724584D+02  3.675661787796D+02
  3.651609313919D+02  3.627361801250D+02  3.602919272660D+02  3.578281484032D+02
  3.553447978961D+02  3.528418314091D+02  3.503192120132D+02  3.477769323227D+02
  3.452150192234D+02  3.426335537292D+02  3.400326725989D+02  3.374125843659D+02
  3.347735665135D+02  3.321159765571D+02  3.294402439200D+02  3.267468755006D+02
  3.240364419844D+02  3.213095779787D+02  3.185669632212D+02  3.158093181642D+02
  3.130373813905D+02  3.102519024666D+02  3.074536179172D+02  3.046432441440D+02
  3.018214552571D+02  2.989888797808D+02  2.961460842872D+02  2.932935778537D+02
  2.904318051404D+02  2.875611614751D+02  2.846819969630D+02  2.817946419506D+02
  2.788994196035D+02  2.759966765958D+02  2.730867964906D+02  2.701702260325D+02
  2.672474788171D+02  2.643191472775D+02  2.613858890203D+02  2.584484206769D+02
  2.555074878254D+02  2.525638464963D+02  2.496182265524D+02  2.466713132695D+02
  2.437237172237D+02  2.407759677445D+02  2.378284983866D+02  2.348816577686D+02
  2.319357123863D+02  2.289908731933D+02  2.260473114098D+02  2.231051946499D+02
  2.201647084977D+02  2.172260946638D+02  2.142896710732D+02  2.113558653830D+02
  2.084252277969D+02  2.054984551604D+02  2.025763927325D+02  1.996600461271D+02
  1.967505702485D+02  1.938492682593D+02  1.909575677453D+02  1.880770074943D+02
  1.852092024919D+02  1.823558208041D+02  1.795185403614D+02  1.766990196183D+02
  1.738988504950D+02  1.711195279858D+02  1.683624053503D+02  1.656286698430D+02
  1.629193085599D+02  1.602350999990D+02  1.575766014052D+02  1.549441674887D+02
  1.523379696673D+02  1.497580490047D+02  1.472043676817D+02  1.446768859861D+02
  1.421756225872D+02  1.397007191649D+02  1.372524651895D+02  1.348313080810D+02
  1.324378149969D+02  1.300726254631D+02  1.277363739194D+02  1.254296286302D+02
  1.231528258126D+02  1.209062390076D+02  1.186899531966D+02  1.165038747548D+02
  1.143477403662D+02  1.122211527298D+02  1.101236055450D+02  1.080545266242D+02
  1.060133034349D+02  1.039993218399D+02  1.020119841335D+02  1.000507384812D+02
  9.811508696282D+01  9.620460506398D+01  9.431894025825D+01  9.245782292157D+01
  9.062105736199D+01  8.880852630869D+01  8.702017666659D+01  8.525601985702D+01
  8.351611449379D+01  8.180056463277D+01  8.010950124847D+01  7.844308006623D+01
  7.680146329406D+01  7.518481826699D+01  7.359330044188D+01  7.202705364800D+01
  7.048619494172D+01  6.897081688127D+01  6.748097450476D+01  6.601668976316D+01
  6.457794065396D+01  6.316466776906D+01  6.177676549071D+01  6.041409052887D+01
  5.907645503324D+01  5.776363694950D+01  5.647537483268D+01  5.521137972228D+01
  5.397133121487D+01  5.275489020786D+01  5.156169532173D+01  5.039137533157D+01
  4.924354454598D+01  4.811781346285D+01  4.701378178673D+01  4.593104636148D+01
  4.486919144732D+01  4.382779434960D+01  4.280641325692D+01  4.180459243644D+01
  4.082184896989D+01
N_07 POTENTIAL                      exc: Vosko,Wilk,Nusair      
  1.68057905  6.33750000  1.68945972
   7.00000
   1.96292   0.9811931868   0.9240466115
353
 0.25000000D-01 0.29592158D-03
 2 1
    0  -2.69998930000D+01
    0  -4.29582100000D-01
  2.622127578804D+01  2.622164794727D+01  2.622202910524D+01  2.622244507101D+01
  2.622287634240D+01  2.622332082192D+01  2.622377719490D+01  2.622424597413D+01
  2.622472659920D+01  2.622521988219D+01  2.622572540853D+01  2.622624407329D+01
  2.622677551567D+01  2.622732066946D+01  2.622787920433D+01  2.622845207978D+01
  2.622903898840D+01  2.622964091088D+01  2.623025755997D+01  2.623088993594D+01
  2.623153777082D+01  2.623220208400D+01  2.623288262668D+01  2.623358043752D+01
  2.623429528717D+01  2.623502823399D+01  2.623577906859D+01  2.623654886959D+01
  2.623733744820D+01  2.623814590398D+01  2.623897406947D+01  2.623982306595D+01
  2.624069274805D+01  2.624158425955D+01  2.624249747803D+01  2.624343357062D+01
  2.624439243870D+01  2.624537527364D+01  2.624638200168D+01  2.624741384369D+01
  2.624847113261D+01  2.624955471833D+01  2.625066457932D+01  2.625180198537D+01
  2.625296694236D+01  2.625416074798D+01  2.625538343650D+01  2.625663633447D+01
  2.625791950551D+01  2.625923430604D+01  2.626058082999D+01  2.626196046459D+01
  2.626337333509D+01  2.626482086049D+01  2.626630319831D+01  2.626782180028D+01
  2.626937685713D+01  2.627096985428D+01  2.627260101657D+01  2.627427186398D+01
  2.627598265640D+01  2.627773494926D+01  2.627952903829D+01  2.628136651522D+01
  2.628324771244D+01  2.628517425871D+01  2.628714652383D+01  2.628916617430D+01
  2.629123361797D+01  2.629335055969D+01  2.629551744595D+01  2.629773602045D+01
  2.630000676875D+01  2.630233147384D+01  2.630471066066D+01  2.630714615173D+01
  2.630963851159D+01  2.631218960235D+01  2.631480002816D+01  2.631747169067D+01
  2.632020523343D+01  2.632300259731D+01  2.632586446487D+01  2.632879281568D+01
  2.633178837059D+01  2.633485314707D+01  2.633798790332D+01  2.634119469355D+01
  2.634447431203D+01  2.634782884822D+01  2.635125913080D+01  2.635476728261D+01
  2.635835416461D+01  2.636202193072D+01  2.636577147161D+01  2.636960496945D+01
  2.637352334154D+01  2.637752879490D+01  2.638162226978D+01  2.638580599403D+01
  2.639008092650D+01  2.639444931119D+01  2.639891212046D+01  2.640347160897D+01
  2.640812875670D+01  2.641288582266D+01  2.641774378764D+01  2.642270490772D+01
  2.642777015672D+01  2.643294177946D+01  2.643822073392D+01  2.644360924419D+01
  2.644910824229D+01  2.645471992083D+01  2.646044517450D+01  2.646628615229D+01
  2.647224369866D+01  2.647831990535D+01  2.648451555210D+01  2.649083265811D+01
  2.649727192220D+01  2.650383527388D+01  2.651052331297D+01  2.651733786016D+01
  2.652427939613D+01  2.653134961150D+01  2.653854884541D+01  2.654587863483D+01
  2.655333915254D+01  2.656093175577D+01  2.656865642352D+01  2.657651430446D+01
  2.658450515355D+01  2.659262987920D+01  2.660088797906D+01  2.660928008639D+01
  2.661780540505D+01  2.662646425494D+01  2.663525550612D+01  2.664417912336D+01
  2.665323359931D+01  2.666241849800D+01  2.667173188708D+01  2.668117288028D+01
  2.669073906855D+01  2.670042906150D+01  2.671023991734D+01  2.672016968327D+01
  2.673021482423D+01  2.674037276206D+01  2.675063930313D+01  2.676101117622D+01
  2.677148345890D+01  2.678205211420D+01  2.679271141569D+01  2.680345648286D+01
  2.681428070491D+01  2.682517827485D+01  2.683614161200D+01  2.684716389477D+01
  2.685823648187D+01  2.686935144385D+01  2.688049898304D+01  2.689166996380D+01
  2.690285333133D+01  2.691403864074D+01  2.692521347466D+01  2.693636597128D+01
  2.694748224096D+01  2.695854889329D+01  2.696955045278D+01  2.698047188521D+01
  2.699129601260D+01  2.700200603891D+01  2.701258296465D+01  2.702300811217D+01
  2.703326054012D+01  2.704331956872D+01  2.705316219437D+01  2.706276561525D+01
  2.707210464652D+01  2.708115424670D+01  2.708988693384D+01  2.709827531325D+01
  2.710628949521D+01  2.711389962459D+01  2.712107330072D+01  2.712777810958D+01
  2.713397904650D+01  2.713964105172D+01  2.714472643674D+01  2.714919742393D+01
  2.715301357755D+01  2.715613434836D+01  2.715851651013D+01  2.716011671032D+01
  2.716088891322D+01  2.716078695771D+01  2.715976200811D+01  2.715776512026D+01
  2.715474470128D+01  2.715064908517D+01  2.714542400271D+01  2.713901516787D+01
  2.713136575920D+01  2.712241901826D+01  2.711211574379D+01  2.710039690357D+01
  2.708720114256D+01  2.707246740941D+01  2.705613247989D+01  2.703813359921D+01
  2.701840602180D+01  2.699688567051D+01  2.697350669377D+01  2.694820414250D+01
  2.692091154534D+01  2.689156360398D+01  2.686009378687D+01  2.682643704331D+01
  2.679052741574D+01  2.675230077240D+01  2.671169243803D+01  2.666863994441D+01
  2.662308067859D+01  2.657495465029D+01  2.652420215609D+01  2.647076656185D+01
  2.641459198080D+01  2.635562606840D+01  2.629381771137D+01  2.622911983164D+01
  2.616148708248D+01  2.609087865739D+01  2.601725598859D+01  2.594058555563D+01
  2.586083658063D+01  2.577798383047D+01  2.569200530223D+01  2.560288501177D+01
  2.551061066182D+01  2.541517640913D+01  2.531658050659D+01  2.521482804008D+01
  2.510992853561D+01  2.500189865616D+01  2.489075976400D+01  2.477654056751D+01
  2.465927462829D+01  2.453900294764D+01  2.441577140781D+01  2.428963328827D+01
  2.416064663049D+01  2.402887667290D+01  2.389439313054D+01  2.375727253931D+01
  2.361759544098D+01  2.347544862870D+01  2.333092222968D+01  2.318411184548D+01
  2.303511552683D+01  2.288403580413D+01  2.273097655159D+01  2.257604490675D+01
  2.241934802439D+01  2.226099488789D+01  2.210109295833D+01  2.193974988609D+01
  2.177707006714D+01  2.161315627109D+01  2.144810612613D+01  2.128201369122D+01
  2.111496590470D+01  2.094704414481D+01  2.077832069723D+01  2.060886037219D+01
  2.043871707477D+01  2.026793558078D+01  2.009654833278D+01  1.992457752090D+01
  1.975203227555D+01  1.957891124885D+01  1.940520042202D+01  1.923087642161D+01
  1.905590518067D+01  1.888024621600D+01  1.870385233106D+01  1.852667497050D+01
  1.834866496906D+01  1.816977883208D+01  1.798998018255D+01  1.780924639381D+01
  1.762756992820D+01  1.744496430966D+01  1.726146420345D+01  1.707712954888D+01
  1.689204331189D+01  1.670631297274D+01  1.652006554323D+01  1.633344648481D+01
  1.614661256626D+01  1.595972922770D+01  1.577296260586D+01  1.558647681306D+01
  1.540042656385D+01  1.521495561478D+01  1.503019094447D+01  1.484624296352D+01
  1.466320151848D+01  1.448113784683D+01  1.430010215138D+01  1.412012689341D+01
  1.394122544686D+01  1.376339621341D+01  1.358662185789D+01  1.341087379215D+01
  1.323611159931D+01  1.306228756022D+01  1.288934600526D+01  1.271722768145D+01
  1.254586888139D+01  1.237520554407D+01  1.220517208947D+01  1.203570520941D+01
  1.186674238584D+01  1.169822536641D+01  1.153009837336D+01  1.136231127934D+01
  1.119481752879D+01  1.102757704000D+01  1.086055386735D+01  1.069371885910D+01
  1.052704709027D+01  1.036052030514D+01  1.019412414817D+01  1.002785041654D+01
  9.861694111813D+00  9.695655521683D+00  9.529737107754D+00  9.363945427500D+00
  9.198287864325D+00  9.032774390699D+00  8.867414136227D+00  8.702216982356D+00
  8.537189954123D+00  8.372338628015D+00  8.207663327777D+00  8.043160323624D+00
  7.878817814047D+00  7.714616971690D+00  7.550527494799D+00  7.386508763908D+00
  7.222505008741D+00
Vac0 POTENTIAL                      exc: Vosko,Wilk,Nusair      
  2.20033126  6.33750000  2.17664358
   0.00000
   2.40560   0.9811931868   0.9240466115
353
 0.25000000D-01 0.36265835D-03
 0 1
  8.824991070671D-01  8.824699439681D-01  8.824392808946D-01  8.824303672417D-01
  8.824253731565D-01  8.824231348653D-01  8.824213189259D-01  8.824210896741D-01
  8.824207832339D-01  8.824218264084D-01  8.824226806151D-01  8.824248420540D-01
  8.824268157760D-01  8.824301288777D-01  8.824333108616D-01  8.824379102777D-01
  8.824424769246D-01  8.824485797767D-01  8.824547902229D-01  8.824627007113D-01
  8.824709086240D-01  8.824810356459D-01  8.824917123603D-01  8.825045983443D-01
  8.825183677286D-01  8.825347301921D-01  8.825524177636D-01  8.825732071248D-01
  8.825959079562D-01  8.826223871467D-01  8.826515592510D-01  8.826854132393D-01
  8.827230059705D-01  8.827664924583D-01  8.828151234844D-01  8.828712807414D-01
  8.829344777921D-01  8.830072866025D-01  8.830818342962D-01  8.831150004957D-01
  8.830854351726D-01  8.830581634252D-01  8.830315698720D-01  8.830070582071D-01
  8.829830325586D-01  8.829609139385D-01  8.829391218878D-01  8.829190911564D-01
  8.828992535789D-01  8.828810549278D-01  8.828629369370D-01  8.828463543012D-01
  8.828297568107D-01  8.828146064387D-01  8.827993595732D-01  8.827854841848D-01
  8.827714421132D-01  8.827587062930D-01  8.827457430962D-01  8.827340296102D-01
  8.827220360010D-01  8.827112428352D-01  8.827001234809D-01  8.826901614446D-01
  8.826798328028D-01  8.826706235604D-01  8.826610121042D-01  8.826524865711D-01
  8.826435273200D-01  8.826356243227D-01  8.826272596318D-01  8.826199247977D-01
  8.826121033427D-01  8.826052881761D-01  8.825979640944D-01  8.825916251929D-01
  8.825847573735D-01  8.825788557655D-01  8.825724072364D-01  8.825669078208D-01
  8.825608452323D-01  8.825557162978D-01  8.825500094761D-01  8.825452222935D-01
  8.825398438619D-01  8.825353723247D-01  8.825302973738D-01  8.825261176963D-01
  8.825213234981D-01  8.825174139478D-01  8.825128797068D-01  8.825092203713D-01
  8.825049270085D-01  8.825014995950D-01  8.824974295559D-01  8.824942172091D-01
  8.824903542979D-01  8.824873414427D-01  8.824836706720D-01  8.824808428738D-01
  8.824773503311D-01  8.824746941707D-01  8.824713669007D-01  8.824688698609D-01
  8.824656957594D-01  8.824633461245D-01  8.824603138407D-01  8.824581006038D-01
  8.824551994536D-01  8.824531122321D-01  8.824503321172D-01  8.824483610772D-01
  8.824456924094D-01  8.824438281930D-01  8.824412618272D-01  8.824394954849D-01
  8.824370226523D-01  8.824353455811D-01  8.824329578284D-01  8.824313617104D-01
  8.824290508408D-01  8.824275275857D-01  8.824252856017D-01  8.824238272911D-01
  8.824216463389D-01  8.824202451697D-01  8.824181174843D-01  8.824167657152D-01
  8.824146835648D-01  8.824133734609D-01  8.824113290927D-01  8.824100528685D-01
  8.824080384519D-01  8.824067882161D-01  8.824047957834D-01  8.824035634787D-01
  8.824015848669D-01  8.824003622083D-01  8.823983889952D-01  8.823971674060D-01
  8.823951908433D-01  8.823939613870D-01  8.823919723311D-01  8.823907256379D-01
  8.823887144739D-01  8.823874406634D-01  8.823853972246D-01  8.823840858223D-01
  8.823819993038D-01  8.823806391509D-01  8.823784980152D-01  8.823770771700D-01
  8.823748690453D-01  8.823733746780D-01  8.823710862470D-01  8.823695045231D-01
  8.823671214022D-01  8.823654373561D-01  8.823629439632D-01  8.823611413597D-01
  8.823585207691D-01  8.823565819517D-01  8.823538157347D-01  8.823517214594D-01
  8.823487895104D-01  8.823465187623D-01  8.823433991069D-01  8.823409288991D-01
  8.823375974827D-01  8.823349026348D-01  8.823313330905D-01  8.823283859851D-01
  8.823245493776D-01  8.823213196912D-01  8.823171842347D-01  8.823136386415D-01
  8.823091693887D-01  8.823052712340D-01  8.823004297326D-01  8.822961386721D-01
  8.822908825865D-01  8.822861541886D-01  8.822804368817D-01  8.822752221886D-01
  8.822689922603D-01  8.822632373028D-01  8.822564380810D-01  8.822500833432D-01
  8.822426523209D-01  8.822356321493D-01  8.822275003632D-01  8.822197423132D-01
  8.822108336573D-01  8.822022577722D-01  8.821924882398D-01  8.821830062537D-01
  8.821722830996D-01  8.821617975568D-01  8.821500183718D-01  8.821384216541D-01
  8.821254733425D-01  8.821126465942D-01  8.820984042435D-01  8.820842161835D-01
  8.820685418160D-01  8.820528474252D-01  8.820355886180D-01  8.820182276885D-01
  8.819992160483D-01  8.819800115806D-01  8.819590610586D-01  8.819378174893D-01
  8.819147225184D-01  8.818912237622D-01  8.818657571982D-01  8.818397644836D-01
  8.818116753299D-01  8.817829248067D-01  8.817519356989D-01  8.817201357942D-01
  8.816859402205D-01  8.816507687157D-01  8.816130279437D-01  8.815741287437D-01
  8.815324684235D-01  8.814894479856D-01  8.814434543948D-01  8.813958777802D-01
  8.813450936730D-01  8.812924801821D-01  8.812364001999D-01  8.811782185475D-01
  8.811162841454D-01  8.810519471257D-01  8.809835409632D-01  8.809123995514D-01
  8.808368392900D-01  8.807581761206D-01  8.806747075662D-01  8.805877297217D-01
  8.804955192409D-01  8.803993502771D-01  8.802974764114D-01  8.801911475383D-01
  8.800785917292D-01  8.799610320572D-01  8.798366683886D-01  8.797066941401D-01
  8.795692779911D-01  8.794255805663D-01  8.792737360597D-01  8.791148688342D-01
  8.789470749484D-01  8.787714386647D-01  8.785860138678D-01  8.783918404707D-01
  8.781869257140D-01  8.779722604593D-01  8.777458003546D-01  8.775084820041D-01
  8.772582039850D-01  8.769958428789D-01  8.767192341253D-01  8.764291878985D-01
  8.761234697792D-01  8.758028164604D-01  8.754649162166D-01  8.751104244198D-01
  8.747369437831D-01  8.743450396650D-01  8.739322200627D-01  8.734989506794D-01
  8.730426346395D-01  8.725636272909D-01  8.720592156091D-01  8.715296327044D-01
  8.709720368774D-01  8.703865257959D-01  8.697701151597D-01  8.691227525070D-01
  8.684412954400D-01  8.677255250144D-01  8.669721234714D-01  8.661806871554D-01
  8.653477036890D-01  8.644725643564D-01  8.635515406468D-01  8.625837960298D-01
  8.615653617805D-01  8.604951480596D-01  8.593689189175D-01  8.581853025741D-01
  8.569397654804D-01  8.556306216731D-01  8.542530057447D-01  8.528048811225D-01
  8.512810117681D-01  8.496789691943D-01  8.479931026765D-01  8.462205447773D-01
  8.443551798012D-01  8.423936475422D-01  8.403293096472D-01  8.381582512310D-01
  8.358732447321D-01  8.334697489463D-01  8.309398698535D-01  8.282783565050D-01
  8.254765581623D-01  8.225284163237D-01  8.194244173439D-01  8.161575796919D-01
  8.127174010008D-01  8.090958394027D-01  8.052812536764D-01  8.012643771931D-01
  7.970322494712D-01  7.925741808680D-01  7.878756733965D-01  7.829243737903D-01
  7.777039808588D-01  7.722001839078D-01  7.663945531742D-01  7.602704597608D-01
  7.538069447572D-01  7.469846157985D-01  7.397794892855D-01  7.321688573414D-01
  7.241250960224D-01  7.156214947397D-01  7.066260214160D-01  6.971071042676D-01
  6.870273424012D-01  6.763492270978D-01  6.650287832424D-01  6.530212137966D-01
  6.402744535888D-01  6.267347163989D-01  6.123399379274D-01  5.970251998013D-01
  5.807160330150D-01  5.633336873332D-01  5.447882603959D-01  5.249837750113D-01
  5.038110933024D-01  4.811527581974D-01  4.568756534936D-01  4.308355567626D-01
  4.028694993275D-01  3.728002139421D-01  3.404274612620D-01  3.055330343183D-01
  2.678713012029D-01
Vac0 POTENTIAL                      exc: Vosko,Wilk,Nusair      
  1.68057905  6.33750000  1.68945972
   0.00000
   1.96292   0.9811931868   0.9240466115
353
 0.25000000D-01 0.29592158D-03
 0 1
  6.706251493744D-01  6.705819701497D-01  6.705372616055D-01  6.705237102137D-01
  6.705161952699D-01  6.705117090418D-01  6.705081821131D-01  6.705059668650D-01
  6.705039476257D-01  6.705028452272D-01  6.705017152605D-01  6.705013692170D-01
  6.705009155117D-01  6.705011989012D-01  6.705013504309D-01  6.705022313262D-01
  6.705029854019D-01  6.705044844710D-01  6.705058816364D-01  6.705080574015D-01
  6.705101733766D-01  6.705131186314D-01  6.705160638000D-01  6.705199076216D-01
  6.705238312453D-01  6.705287450321D-01  6.705338430885D-01  6.705400503232D-01
  6.705465772558D-01  6.705543673883D-01  6.705626523914D-01  6.705723998874D-01
  6.705828690871D-01  6.705950591290D-01  6.706082653651D-01  6.706235284271D-01
  6.706401909583D-01  6.706593261485D-01  6.706785284043D-01  6.706858372209D-01
  6.706762906066D-01  6.706676664461D-01  6.706590678451D-01  6.706513243007D-01
  6.706435451188D-01  6.706365652978D-01  6.706294990398D-01  6.706231857110D-01
  6.706167434203D-01  6.706110150391D-01  6.706051218309D-01  6.705999094988D-01
  6.705945018681D-01  6.705897469617D-01  6.705847707053D-01  6.705804230307D-01
  6.705758315971D-01  6.705718479192D-01  6.705676010970D-01  6.705639439676D-01
  6.705600068411D-01  6.705566436622D-01  6.705529857606D-01  6.705498880158D-01
  6.705464826219D-01  6.705436252536D-01  6.705404488396D-01  6.705378097365D-01
  6.705348414974D-01  6.705324010651D-01  6.705296225313D-01  6.705273633398D-01
  6.705247580521D-01  6.705226645436D-01  6.705202177798D-01  6.705182760126D-01
  6.705159745614D-01  6.705141720043D-01  6.705120039670D-01  6.705103293150D-01
  6.705082839411D-01  6.705067269631D-01  6.705047945095D-01  6.705033459170D-01
  6.705015175213D-01  6.705001688542D-01  6.704984364316D-01  6.704971799576D-01
  6.704955361094D-01  6.704943647398D-01  6.704928026691D-01  6.704917098838D-01
  6.704902233273D-01  6.704892031056D-01  6.704877862717D-01  6.704868330352D-01
  6.704854805472D-01  6.704845891080D-01  6.704832959543D-01  6.704824614669D-01
  6.704812229573D-01  6.704804408766D-01  6.704792526021D-01  6.704785186451D-01
  6.704773764404D-01  6.704766865513D-01  6.704755864610D-01  6.704749367777D-01
  6.704738750261D-01  6.704732618513D-01  6.704722348117D-01  6.704716545830D-01
  6.704706587503D-01  6.704701080141D-01  6.704691399798D-01  6.704686153642D-01
  6.704676717875D-01  6.704671699784D-01  6.704662475646D-01  6.704657652791D-01
  6.704648607523D-01  6.704643947158D-01  6.704635047954D-01  6.704630517151D-01
  6.704621730897D-01  6.704617296297D-01  6.704608589328D-01  6.704604216885D-01
  6.704595554705D-01  6.704591209415D-01  6.704582556435D-01  6.704578202048D-01
  6.704569521293D-01  6.704565120023D-01  6.704556372818D-01  6.704551885029D-01
  6.704543030686D-01  6.704538414547D-01  6.704529410009D-01  6.704524621142D-01
  6.704515420610D-01  6.704510411698D-01  6.704500966227D-01  6.704495686591D-01
  6.704485943656D-01  6.704480338799D-01  6.704470241810D-01  6.704464252922D-01
  6.704453740710D-01  6.704447304120D-01  6.704436310367D-01  6.704429356956D-01
  6.704417809572D-01  6.704410264112D-01  6.704398084559D-01  6.704389865007D-01
  6.704376967541D-01  6.704367984251D-01  6.704354275108D-01  6.704344429971D-01
  6.704329806458D-01  6.704318991948D-01  6.704303341446D-01  6.704291439580D-01
  6.704274638452D-01  6.704261519633D-01  6.704243432006D-01  6.704228953756D-01
  6.704209430198D-01  6.704193435757D-01  6.704172311794D-01  6.704154628575D-01
  6.704131723077D-01  6.704112160958D-01  6.704087274345D-01  6.704065623789D-01
  6.704038536049D-01  6.704014566026D-01  6.703985034535D-01  6.703958490225D-01
  6.703926247334D-01  6.703896847593D-01  6.703861597964D-01  6.703829032524D-01
  6.703790450185D-01  6.703754376562D-01  6.703712101661D-01  6.703672141734D-01
  6.703625776943D-01  6.703581513184D-01  6.703530619732D-01  6.703481591031D-01
  6.703425684317D-01  6.703371381374D-01  6.703309926124D-01  6.703249786354D-01
  6.703182191265D-01  6.703115593167D-01  6.703041204989D-01  6.702967461931D-01
  6.702885558926D-01  6.702803912260D-01  6.702713696976D-01  6.702623308445D-01
  6.702523899724D-01  6.702423843063D-01  6.702314267210D-01  6.702203518859D-01
  6.702082699884D-01  6.701960128728D-01  6.701826877556D-01  6.701691233578D-01
  6.701544236123D-01  6.701394137871D-01  6.701231941848D-01  6.701065862570D-01
  6.700886862928D-01  6.700703115245D-01  6.700505538049D-01  6.700302257019D-01
  6.700084141639D-01  6.699859266024D-01  6.699618445440D-01  6.699369696997D-01
  6.699103776022D-01  6.698828636607D-01  6.698534967811D-01  6.698230654057D-01
  6.697906311143D-01  6.697569746463D-01  6.697211494820D-01  6.696839278445D-01
  6.696443542590D-01  6.696031915324D-01  6.695594742883D-01  6.695139549226D-01
  6.694656571105D-01  6.694153217358D-01  6.693619603674D-01  6.693063011591D-01
  6.692473422922D-01  6.691857978431D-01  6.691206511880D-01  6.690526008345D-01
  6.689806137852D-01  6.689053713285D-01  6.688258223572D-01  6.687426291138D-01
  6.686547204591D-01  6.685627375680D-01  6.684655871411D-01  6.683638870464D-01
  6.682565194683D-01  6.681440764879D-01  6.680254131634D-01  6.679010930421D-01
  6.677699411644D-01  6.676324895005D-01  6.674875298685D-01  6.673355592883D-01
  6.671753328038D-01  6.670073087446D-01  6.668302014422D-01  6.666444263882D-01
  6.664486528330D-01  6.662432488284D-01  6.660268336958D-01  6.657997229399D-01
  6.655604805707D-01  6.653093638742D-01  6.650448755710D-01  6.647672084267D-01
  6.644747972284D-01  6.641677632162D-01  6.638444658554D-01  6.635049470674D-01
  6.631474827740D-01  6.627720269023D-01  6.623767626739D-01  6.619615463561D-01
  6.615244582637D-01  6.610652462254D-01  6.605818762618D-01  6.600739757304D-01
  6.595393836387D-01  6.589775934259D-01  6.583863028632D-01  6.577648564239D-01
  6.571107947163D-01  6.564232963857D-01  6.556997270162D-01  6.549390804995D-01
  6.541385273310D-01  6.532968553692D-01  6.524110174393D-01  6.514795713927D-01
  6.504992269165D-01  6.494682847861D-01  6.483831827601D-01  6.472419338996D-01
  6.460406714040D-01  6.447770858465D-01  6.434469687785D-01  6.420476486987D-01
  6.405745332201D-01  6.390245435521D-01  6.373926549793D-01  6.356753295896D-01
  6.338670547592D-01  6.319637737986D-01  6.299594220715D-01  6.278493551548D-01
  6.256268821322D-01  6.232866907685D-01  6.208213774102D-01  6.182248685532D-01
  6.154889466434D-01  6.126066672619D-01  6.095688799428D-01  6.063676400025D-01
  6.029927232652D-01  5.994350313101D-01  5.956830987062D-01  5.917264901266D-01
  5.875522983220D-01  5.831485311315D-01  5.785005979487D-01  5.735946841170D-01
  5.684142230229D-01  5.629432546672D-01  5.571628797196D-01  5.510545981498D-01
  5.445967405419D-01  5.377677814893D-01  5.305427421180D-01  5.228964714164D-01
  5.148000121579D-01  5.062238413369D-01  4.971341893944D-01  4.874962283258D-01
  4.772703311394D-01  4.664151928281D-01  4.548840131266D-01  4.426275312308D-01
  4.295901100025D-01  4.157126591514D-01  4.009285958734D-01  3.851666200945D-01
  3.683465125385D-01  3.503818861254D-01  3.311752274794D-01  3.106211607361D-01
  2.886007607522D-01
