In49 POTENTIAL                      exc: Vosko,Wilk,Nusair      
  2.25914357  6.50000000  2.23392349
  49.00000
   2.46891   0.8856998186   0.8856494864
353
 0.25000000D-01 0.37220196D-03
 9 1
    0  -1.96656160000D+03
    0  -2.87428550000D+02
    0  -5.37136240000D+01
    0  -7.39818510000D+00
    1  -2.68528840000D+02
    1  -4.59639090000D+01
    1  -4.86454470000D+00
    2  -3.15522220000D+01
    2  -7.38539920000D-01
  4.725879643001D+02  4.726143299436D+02  4.726412980995D+02  4.726688751757D+02
  4.726970698606D+02  4.727258960298D+02  4.727553633124D+02  4.727854857065D+02
  4.728162730834D+02  4.728477395936D+02  4.728798952836D+02  4.729127544245D+02
  4.729463271893D+02  4.729806279331D+02  4.730156669069D+02  4.730514585053D+02
  4.730880130049D+02  4.731253447872D+02  4.731634640950D+02  4.732023852361D+02
  4.732421183527D+02  4.732826776091D+02  4.733240729711D+02  4.733663183802D+02
  4.734094235400D+02  4.734534020793D+02  4.734982633429D+02  4.735440205452D+02
  4.735906825641D+02  4.736382620849D+02  4.736867673970D+02  4.737362105286D+02
  4.737865990446D+02  4.738379441726D+02  4.738902526013D+02  4.739435345984D+02
  4.739977958076D+02  4.740530453588D+02  4.741092876635D+02  4.741665305172D+02
  4.742247769004D+02  4.742840330472D+02  4.743443002614D+02  4.744055829932D+02
  4.744678806254D+02  4.745311955510D+02  4.745955249544D+02  4.746608688807D+02
  4.747272220114D+02  4.747945817250D+02  4.748629398672D+02  4.749322908015D+02
  4.750026231737D+02  4.750739279524D+02  4.751461901870D+02  4.752193970380D+02
  4.752935295273D+02  4.753685705584D+02  4.754444966585D+02  4.755212859881D+02
  4.755989100746D+02  4.756773418106D+02  4.757565471787D+02  4.758364932385D+02
  4.759171398415D+02  4.759984476074D+02  4.760803696284D+02  4.761628594342D+02
  4.762458626861D+02  4.763293251302D+02  4.764131842814D+02  4.764973773646D+02
  4.765818329887D+02  4.766664790762D+02  4.767512345269D+02  4.768360171361D+02
  4.769207352489D+02  4.770052956673D+02  4.770895952956D+02  4.771735290370D+02
  4.772569814305D+02  4.773398345390D+02  4.774219595784D+02  4.775032247977D+02
  4.775834871024D+02  4.776625999288D+02  4.777404048622D+02  4.778167395079D+02
  4.778914291071D+02  4.779642944059D+02  4.780351432723D+02  4.781037785659D+02
  4.781699897592D+02  4.782335608117D+02  4.782942617982D+02  4.783518567925D+02
  4.784060955066D+02  4.784567211883D+02  4.785034622768D+02  4.785460403188D+02
  4.785841616467D+02  4.786175253189D+02  4.786458148266D+02  4.786687060653D+02
  4.786858590771D+02  4.786969260610D+02  4.787015431575D+02  4.786993385060D+02
  4.786899240808D+02  4.786729038032D+02  4.786478654377D+02  4.786143887688D+02
  4.785720375663D+02  4.785203678356D+02  4.784589198629D+02  4.783872265486D+02
  4.783048055412D+02  4.782111676647D+02  4.781058091508D+02  4.779882201695D+02
  4.778578771693D+02  4.777142515195D+02  4.775568019677D+02  4.773849834018D+02
  4.771982394313D+02  4.769960112767D+02  4.767777304795D+02  4.765428279239D+02
  4.762907266791D+02  4.760208511543D+02  4.757326200747D+02  4.754254557676D+02
  4.750987772685D+02  4.747520097335D+02  4.743845776667D+02  4.739959144483D+02
  4.735854556700D+02  4.731526487620D+02  4.726969464167D+02  4.722178162910D+02
  4.717147344920D+02  4.711871953229D+02  4.706347047950D+02  4.700567903797D+02
  4.694529945025D+02  4.688228842522D+02  4.681660448050D+02  4.674820890332D+02
  4.667706507984D+02  4.660313943935D+02  4.652640076337D+02  4.644682110584D+02
  4.636437507419D+02  4.627904071741D+02  4.619079877078D+02  4.609963350329D+02
  4.600553191744D+02  4.590848454755D+02  4.580848460628D+02  4.570552872579D+02
  4.559961604365D+02  4.549074888020D+02  4.537893175801D+02  4.526417201189D+02
  4.514647873906D+02  4.502586334034D+02  4.490233840423D+02  4.477591818447D+02
  4.464661742598D+02  4.451445179164D+02  4.437943664739D+02  4.424158746076D+02
  4.410091857336D+02  4.395744360566D+02  4.381117425795D+02  4.366212076910D+02
  4.351029080026D+02  4.335569000796D+02  4.319832107565D+02  4.303818446929D+02
  4.287527768569D+02  4.270959625641D+02  4.254113327135D+02  4.236988067691D+02
  4.219582910179D+02  4.201896945100D+02  4.183929300362D+02  4.165679323462D+02
  4.147146607494D+02  4.128331180854D+02  4.109233530138D+02  4.089854774670D+02
  4.070196661385D+02  4.050261698704D+02  4.030053099378D+02  4.009574853297D+02
  3.988831603635D+02  3.967828651488D+02  3.946571766960D+02  3.925067136430D+02
  3.903321128050D+02  3.881340208444D+02  3.859130694700D+02  3.836698675335D+02
  3.814049783725D+02  3.791189155880D+02  3.768121253336D+02  3.744849879730D+02
  3.721378068224D+02  3.697708164760D+02  3.673841781012D+02  3.649779939112D+02
  3.625523079655D+02  3.601071253273D+02  3.576424166009D+02  3.551581398015D+02
  3.526542465466D+02  3.501307045212D+02  3.475875032373D+02  3.450246750912D+02
  3.424422988112D+02  3.398405173743D+02  3.372195376011D+02  3.345796436088D+02
  3.319211914415D+02  3.292446172103D+02  3.265504262015D+02  3.238391954528D+02
  3.211115574340D+02  3.183681975340D+02  3.156098332135D+02  3.128372077295D+02
  3.100510665987D+02  3.072521499305D+02  3.044411690156D+02  3.016188005831D+02
  2.987856672481D+02  2.959423376439D+02  2.930893146889D+02  2.902270452164D+02
  2.873559188997D+02  2.844762889112D+02  2.815884811800D+02  2.786928234254D+02
  2.757896594992D+02  2.728793790441D+02  2.699624272435D+02  2.670393245856D+02
  2.641106621653D+02  2.611771040458D+02  2.582393644439D+02  2.552981937880D+02
  2.523543437453D+02  2.494085469711D+02  2.464614824549D+02  2.435137619953D+02
  2.405659075862D+02  2.376183535748D+02  2.346714414615D+02  2.317254393663D+02
  2.287805524855D+02  2.258369554368D+02  2.228948121276D+02  2.199543137263D+02
  2.170157004250D+02  2.140792978004D+02  2.111455338314D+02  2.082149678977D+02
  2.052882983075D+02  2.023663802040D+02  1.994502209080D+02  1.965409849752D+02
  1.936399765679D+02  1.907486317593D+02  1.878684887483D+02  1.850011690392D+02
  1.821483378178D+02  1.793116769888D+02  1.764928394109D+02  1.736934181871D+02
  1.709148999604D+02  1.681586365822D+02  1.654258046783D+02  1.627173881435D+02
  1.600341537276D+02  1.573766552243D+02  1.547452363933D+02  1.521400671683D+02
  1.495611807987D+02  1.470085421025D+02  1.444821082380D+02  1.419819051054D+02
  1.395080749621D+02  1.370609165779D+02  1.346408778994D+02  1.322485331863D+02
  1.298845186063D+02  1.275494709464D+02  1.252439504082D+02  1.229683916815D+02
  1.207230576767D+02  1.185080307288D+02  1.163232067845D+02  1.141683211196D+02
  1.120429679344D+02  1.099466418167D+02  1.078787644764D+02  1.058387265686D+02
  1.038259099263D+02  1.018397218049D+02  9.987960778479D+01  9.794507602336D+01
  9.603570023244D+01  9.415113450567D+01  9.229110776360D+01  9.045543107702D+01
  8.864398573766D+01  8.685672535465D+01  8.509365982536D+01  8.335485439571D+01
  8.164041158171D+01  7.995046906356D+01  7.828518122280D+01  7.664471731474D+01
  7.502924384074D+01  7.343892399537D+01  7.187390165708D+01  7.033430269386D+01
  6.882022097650D+01  6.733172178907D+01  6.586882997874D+01  6.443153547787D+01
  6.301978351692D+01  6.163348212756D+01  6.027249425220D+01  5.893664703858D+01
  5.762572563803D+01  5.633948405499D+01  5.507764034409D+01  5.383988863023D+01
  5.262589517528D+01  5.143531084585D+01  5.026776710842D+01  4.912288780582D+01
  4.800028382976D+01  4.689956299263D+01  4.582032239542D+01  4.476215581737D+01
  4.372464373040D+01  4.270735882859D+01  4.170985412543D+01  4.073166833858D+01
  3.977231321209D+01
N_07 POTENTIAL                      exc: Vosko,Wilk,Nusair      
  1.72127726  6.50000000  1.73067725
   7.00000
   2.01081   0.8856998186   0.8856494864
353
 0.25000000D-01 0.30314114D-03
 2 1
    0  -2.69998930000D+01
    0  -4.29582100000D-01
  2.611904916755D+01  2.611943105483D+01  2.611982221238D+01  2.612024855609D+01
  2.612069052632D+01  2.612114595209D+01  2.612161357909D+01  2.612209386389D+01
  2.612258631156D+01  2.612309168011D+01  2.612360962158D+01  2.612414097775D+01
  2.612468545498D+01  2.612524393423D+01  2.612581615278D+01  2.612640301770D+01
  2.612700428957D+01  2.612762089701D+01  2.612825262116D+01  2.612890041057D+01
  2.612956406602D+01  2.613024455560D+01  2.613094169963D+01  2.613165648584D+01
  2.613238875439D+01  2.613313951312D+01  2.613390862254D+01  2.613469711114D+01
  2.613550486046D+01  2.613633292036D+01  2.613718119409D+01  2.613805075367D+01
  2.613894152487D+01  2.613985460265D+01  2.614078993617D+01  2.614174864417D+01
  2.614273070008D+01  2.614373724730D+01  2.614476828458D+01  2.614582498467D+01
  2.614690775571D+01  2.614801739905D+01  2.614915396658D+01  2.615031868157D+01
  2.615151162383D+01  2.615273404498D+01  2.615398605370D+01  2.615526893098D+01
  2.615658281531D+01  2.615792901802D+01  2.615930770840D+01  2.616072022908D+01
  2.616216678114D+01  2.616364873945D+01  2.616516633783D+01  2.616672098436D+01
  2.616831294651D+01  2.616994366649D+01  2.617161344635D+01  2.617332376331D+01
  2.617507495489D+01  2.617686853415D+01  2.617870487487D+01  2.618058552680D+01
  2.618251090077D+01  2.618448258391D+01  2.618650102478D+01  2.618856784859D+01
  2.619068354225D+01  2.619284976959D+01  2.619506705639D+01  2.619733710557D+01
  2.619966048218D+01  2.620203892855D+01  2.620447304926D+01  2.620696462622D+01
  2.620951430366D+01  2.621212390311D+01  2.621479410832D+01  2.621752678025D+01
  2.622032264191D+01  2.622318359327D+01  2.622611039605D+01  2.622910498857D+01
  2.623216817045D+01  2.623530191739D+01  2.623850706580D+01  2.624178562746D+01
  2.624513847410D+01  2.624856765191D+01  2.625207406605D+01  2.625565979507D+01
  2.625932577523D+01  2.626307411486D+01  2.626690577852D+01  2.627082290122D+01
  2.627482647245D+01  2.627891865023D+01  2.628310044497D+01  2.628737403337D+01
  2.629174044205D+01  2.629620186133D+01  2.630075932859D+01  2.630541504186D+01
  2.631017004299D+01  2.631502653093D+01  2.631998554471D+01  2.632504927645D+01
  2.633021875408D+01  2.633549615399D+01  2.634088248352D+01  2.634637989330D+01
  2.635198935936D+01  2.635771299516D+01  2.636355173331D+01  2.636950763722D+01
  2.637558158248D+01  2.638177556802D+01  2.638809039708D+01  2.639452798795D+01
  2.640108905442D+01  2.640777541605D+01  2.641458767811D+01  2.642152754131D+01
  2.642859548117D+01  2.643579305716D+01  2.644312059152D+01  2.645057947772D+01
  2.645816985863D+01  2.646589293433D+01  2.647374863955D+01  2.648173795078D+01
  2.648986056290D+01  2.649811719557D+01  2.650650726904D+01  2.651503120966D+01
  2.652368812486D+01  2.653247810775D+01  2.654139991121D+01  2.655045325152D+01
  2.655963648146D+01  2.656894889297D+01  2.657838838919D+01  2.658795378605D+01
  2.659764248330D+01  2.660745276490D+01  2.661738146894D+01  2.662742628692D+01
  2.663758343242D+01  2.664784993921D+01  2.665822132870D+01  2.666869390679D+01
  2.667926243006D+01  2.668992240138D+01  2.670066773479D+01  2.671149304983D+01
  2.672239133511D+01  2.673335624135D+01  2.674437974366D+01  2.675545443330D+01
  2.676657117868D+01  2.677772141582D+01  2.678889480817D+01  2.680008153585D+01
  2.681126995425D+01  2.682244888220D+01  2.683360525947D+01  2.684472643387D+01
  2.685579781785D+01  2.686680517471D+01  2.687773227439D+01  2.688856317898D+01
  2.689927989793D+01  2.690986467310D+01  2.692029763362D+01  2.693055908076D+01
  2.694062714277D+01  2.695048005990D+01  2.696009383955D+01  2.696944454186D+01
  2.697850593568D+01  2.698725178511D+01  2.699565350678D+01  2.700368245794D+01
  2.701130759561D+01  2.701849776687D+01  2.702521937049D+01  2.703143865015D+01
  2.703711935931D+01  2.704222505810D+01  2.704671678235D+01  2.705055534496D+01
  2.705369900999D+01  2.705610579959D+01  2.705773117403D+01  2.705853034529D+01
  2.705845596417D+01  2.705746044156D+01  2.705549364387D+01  2.705250522319D+01
  2.704844232224D+01  2.704325191464D+01  2.703687852066D+01  2.702926655897D+01
  2.702035807442D+01  2.701009510254D+01  2.699841741074D+01  2.698526487677D+01
  2.697057524460D+01  2.695428651811D+01  2.693633473282D+01  2.691665636592D+01
  2.689518612487D+01  2.687185937482D+01  2.684660994492D+01  2.681937257389D+01
  2.679008073463D+01  2.675866909841D+01  2.672507137821D+01  2.668922281151D+01
  2.665105802229D+01  2.661051352218D+01  2.656752559047D+01  2.652203279277D+01
  2.647397387797D+01  2.642329031294D+01  2.636992419453D+01  2.631382079831D+01
  2.625492650306D+01  2.619319135048D+01  2.612856697900D+01  2.606100919064D+01
  2.599047588983D+01  2.591692965280D+01  2.584033566627D+01  2.576066429373D+01
  2.567788900781D+01  2.559198894695D+01  2.550294683435D+01  2.541075151748D+01
  2.531539586567D+01  2.521687928395D+01  2.511520558051D+01  2.501038544572D+01
  2.490243427982D+01  2.479137462727D+01  2.467723395471D+01  2.456004703023D+01
  2.443985364119D+01  2.431670090790D+01  2.419064093136D+01  2.406173303066D+01
  2.393004130961D+01  2.379563680914D+01  2.365859498339D+01  2.351899775756D+01
  2.337693090536D+01  2.323248600464D+01  2.308575770959D+01  2.293684559845D+01
  2.278585133597D+01  2.263288041021D+01  2.247803918372D+01  2.232143651994D+01
  2.216318072565D+01  2.200338107200D+01  2.184214463645D+01  2.167957772991D+01
  2.151578265395D+01  2.135085905496D+01  2.118490062350D+01  2.101799640976D+01
  2.085022750819D+01  2.068166838833D+01  2.051238363169D+01  2.034242936022D+01
  2.017185012600D+01  2.000068055867D+01  1.982894255250D+01  1.965664730235D+01
  1.948379298300D+01  1.931036739181D+01  1.913634635592D+01  1.896169722420D+01
  1.878637823460D+01  1.861034305228D+01  1.843354122586D+01  1.825592379183D+01
  1.807744468654D+01  1.789806708846D+01  1.771776522988D+01  1.753653068346D+01
  1.735437356586D+01  1.717132761081D+01  1.698744956403D+01  1.680282194030D+01
  1.661754976010D+01  1.643176053363D+01  1.624559836875D+01  1.605922172257D+01
  1.587279587702D+01  1.568648978449D+01  1.550046839720D+01  1.531489007112D+01
  1.512990003241D+01  1.494562933040D+01  1.476219008486D+01  1.457967628511D+01
  1.439816081087D+01  1.421769783300D+01  1.403832120250D+01  1.386004795864D+01
  1.368287756285D+01  1.350679600675D+01  1.333177542878D+01  1.315777842129D+01
  1.298475769624D+01  1.281266032387D+01  1.264142724071D+01  1.247099726586D+01
  1.230130634181D+01  1.213229125505D+01  1.196388856520D+01  1.179603800765D+01
  1.162868110569D+01  1.146176426252D+01  1.129523707286D+01  1.112905512721D+01
  1.096317805020D+01  1.079757204710D+01  1.063220770038D+01  1.046706229032D+01
  1.030211738122D+01  1.013736094643D+01  9.972784772916D+00  9.808386416977D+00
  9.644166450570D+00  9.480130267765D+00  9.316285189079D+00  9.152642130392D+00
  8.989212572280D+00  8.826010093227D+00  8.663047200468D+00  8.500336718610D+00
  8.337888468146D+00  8.175710491156D+00  8.013805557090D+00  7.852172202230D+00
  7.690801041401D+00  7.529675661468D+00  7.368768545997D+00  7.208042037471D+00
  7.047443905466D+00
Vac0 POTENTIAL                      exc: Vosko,Wilk,Nusair      
  2.25914357  6.50000000  2.23392349
   0.00000
   2.46891   0.8856998186   0.8856494864
353
 0.25000000D-01 0.37220196D-03
 0 1
  8.331149525025D-01  8.330881003969D-01  8.330597769507D-01  8.330516102067D-01
  8.330469903609D-01  8.330450175801D-01  8.330433634885D-01  8.330432782212D-01
  8.330430520001D-01  8.330441776120D-01  8.330450611850D-01  8.330472596636D-01
  8.330492196283D-01  8.330525266763D-01  8.330556500583D-01  8.330601952152D-01
  8.330646501512D-01  8.330706392132D-01  8.330766703169D-01  8.330843893915D-01
  8.330923282472D-01  8.331021595957D-01  8.331124456024D-01  8.331248935994D-01
  8.331381054131D-01  8.331538339439D-01  8.331707335658D-01  8.331906178916D-01
  8.332122115225D-01  8.332374095076D-01  8.332650309613D-01  8.332970807672D-01
  8.333325058705D-01  8.333734600585D-01  8.334190638958D-01  8.334716738049D-01
  8.335306449341D-01  8.335985028858D-01  8.336678180352D-01  8.336979615689D-01
  8.336692416901D-01  8.336427995400D-01  8.336169639952D-01  8.335932007079D-01
  8.335698575012D-01  8.335484168261D-01  8.335272414711D-01  8.335078272251D-01
  8.334885488026D-01  8.334709126934D-01  8.334533032271D-01  8.334372355507D-01
  8.334211018089D-01  8.334064242168D-01  8.333916013240D-01  8.333781611674D-01
  8.333645075826D-01  8.333521734276D-01  8.333395669452D-01  8.333282250139D-01
  8.333165595610D-01  8.333061108452D-01  8.332952938981D-01  8.332856518322D-01
  8.332756023116D-01  8.332666908738D-01  8.332573374210D-01  8.332490895610D-01
  8.332403691120D-01  8.332327254621D-01  8.332245820742D-01  8.332174898679D-01
  8.332098737312D-01  8.332032859051D-01  8.331961525128D-01  8.331900269480D-01
  8.331833364054D-01  8.331776352819D-01  8.331713517129D-01  8.331660409694D-01
  8.331601320108D-01  8.331551808793D-01  8.331496172525D-01  8.331449978543D-01
  8.331397529978D-01  8.331354400035D-01  8.331304897494D-01  8.331264600834D-01
  8.331217823811D-01  8.331180149594D-01  8.331135896360D-01  8.331100651440D-01
  8.331058736928D-01  8.331025743867D-01  8.330985997836D-01  8.330955093162D-01
  8.330917358545D-01  8.330888391240D-01  8.330852522711D-01  8.330825352832D-01
  8.330791215526D-01  8.330765712990D-01  8.330733181342D-01  8.330709224847D-01
  8.330678181572D-01  8.330655657606D-01  8.330625992743D-01  8.330604794701D-01
  8.330576404788D-01  8.330556432147D-01  8.330529219421D-01  8.330510377007D-01
  8.330484248699D-01  8.330466445974D-01  8.330441313632D-01  8.330424464067D-01
  8.330400242928D-01  8.330384263382D-01  8.330360871779D-01  8.330345681918D-01
  8.330323040711D-01  8.330308562455D-01  8.330286594487D-01  8.330272751459D-01
  8.330251381010D-01  8.330238098019D-01  8.330217250285D-01  8.330204452783D-01
  8.330184053344D-01  8.330171666911D-01  8.330151641208D-01  8.330139591003D-01
  8.330119863786D-01  8.330108074013D-01  8.330088568794D-01  8.330076962130D-01
  8.330057600602D-01  8.330046097612D-01  8.330026799054D-01  8.330015317566D-01
  8.329995998202D-01  8.329984452670D-01  8.329965025003D-01  8.329953325799D-01
  8.329933697888D-01  8.329921750569D-01  8.329901825265D-01  8.329889529770D-01
  8.329869203890D-01  8.329856453687D-01  8.329835617115D-01  8.329822298262D-01
  8.329800832981D-01  8.329786823119D-01  8.329764602153D-01  8.329749769403D-01
  8.329726655663D-01  8.329710857419D-01  8.329686702453D-01  8.329669784065D-01
  8.329644426670D-01  8.329626220003D-01  8.329599484716D-01  8.329579806565D-01
  8.329551502001D-01  8.329530152352D-01  8.329500069387D-01  8.329476829500D-01
  8.329444739257D-01  8.329419369564D-01  8.329385021207D-01  8.329357258995D-01
  8.329320377293D-01  8.329289934146D-01  8.329250216793D-01  8.329216775777D-01
  8.329173890436D-01  8.329137102993D-01  8.329090684029D-01  8.329050166550D-01
  8.328999811436D-01  8.328955141481D-01  8.328900406821D-01  8.328851118946D-01
  8.328791516092D-01  8.328737097237D-01  8.328672087448D-01  8.328611971852D-01
  8.328540960945D-01  8.328474524527D-01  8.328396856972D-01  8.328323411122D-01
  8.328238363518D-01  8.328157148245D-01  8.328063922115D-01  8.327974098469D-01
  8.327871812301D-01  8.327772454007D-01  8.327660134452D-01  8.327550218664D-01
  8.327426790825D-01  8.327305187908D-01  8.327169464596D-01  8.327034926841D-01
  8.326885596708D-01  8.326736745854D-01  8.326572360281D-01  8.326407673730D-01
  8.326226632332D-01  8.326044427913D-01  8.325844962524D-01  8.325643381652D-01
  8.325423538621D-01  8.325200527690D-01  8.324958148319D-01  8.324711438132D-01
  8.324444137045D-01  8.324171220080D-01  8.323876361326D-01  8.323574466604D-01
  8.323249137237D-01  8.322915202547D-01  8.322556183420D-01  8.322186824615D-01
  8.321790558101D-01  8.321382035156D-01  8.320944589457D-01  8.320492768949D-01
  8.320009798653D-01  8.319510112281D-01  8.318976814743D-01  8.318424213472D-01
  8.317835280599D-01  8.317224183962D-01  8.316573748905D-01  8.315897988945D-01
  8.315179567154D-01  8.314432326447D-01  8.313638750501D-01  8.312812493621D-01
  8.311935841153D-01  8.311022238883D-01  8.310053752887D-01  8.309043598409D-01
  8.307973599095D-01  8.306856715291D-01  8.305674502596D-01  8.304439639520D-01
  8.303133385276D-01  8.301768106737D-01  8.300324735380D-01  8.298815293467D-01
  8.297220350054D-01  8.295551546308D-01  8.293789050481D-01  8.291944082267D-01
  8.289996366634D-01  8.287956657113D-01  8.285804188360D-01  8.283549198270D-01
  8.281170379122D-01  8.278677398388D-01  8.276048348313D-01  8.273292265266D-01
  8.270386577587D-01  8.267339623319D-01  8.264128096121D-01  8.260759561206D-01
  8.257209899104D-01  8.253485819594D-01  8.249562303080D-01  8.245445112291D-01
  8.241108230987D-01  8.236556373166D-01  8.231762418800D-01  8.226729920254D-01
  8.221430534694D-01  8.215866527384D-01  8.210008200374D-01  8.203856392290D-01
  8.197379902839D-01  8.190577988659D-01  8.183417783119D-01  8.175896787718D-01
  8.167980286570D-01  8.159663832762D-01  8.150910656826D-01  8.141714147359D-01
  8.132035252651D-01  8.121864954747D-01  8.111161663262D-01  8.099913681904D-01
  8.088076593309D-01  8.075635716855D-01  8.062543483117D-01  8.048781881544D-01
  8.034299822847D-01  8.019075574789D-01  8.003054110439D-01  7.986209529920D-01
  7.968482391992D-01  7.949842119071D-01  7.930224308994D-01  7.909593119963D-01
  7.887878558547D-01  7.865038840352D-01  7.840997649325D-01  7.815706468824D-01
  7.789081806023D-01  7.761067486645D-01  7.731571836606D-01  7.700529931873D-01
  7.667840727403D-01  7.633429251236D-01  7.597183668135D-01  7.559017404058D-01
  7.518806128485D-01  7.476449791638D-01  7.431809505142D-01  7.384769469516D-01
  7.335173727293D-01  7.282887952132D-01  7.227736041471D-01  7.169561730698D-01
  7.108164983415D-01  7.043363384004D-01  6.974928272016D-01  6.902645853525D-01
  6.826253011379D-01  6.745498059076D-01  6.660076139669D-01  6.569689524571D-01
  6.473982489637D-01  6.372601034051D-01  6.265127091212D-01  6.151137508290D-01
  6.030137410608D-01  5.901618239201D-01  5.764990039209D-01  5.619638299902D-01
  5.464854879779D-01  5.299893331552D-01  5.123898110572D-01  4.935958000342D-01
  4.735033183357D-01  4.520006309866D-01  4.289607001906D-01  4.042460006027D-01
  3.777006615128D-01  3.491551378103D-01  3.184173924128D-01  2.852779795437D-01
  2.495004753867D-01
Vac0 POTENTIAL                      exc: Vosko,Wilk,Nusair      
  1.72127726  6.50000000  1.73067725
   0.00000
   2.01081   0.8856998186   0.8856494864
353
 0.25000000D-01 0.30314114D-03
 0 1
  6.288045923152D-01  6.287640571822D-01  6.287220794796D-01  6.287093605538D-01
  6.287023013475D-01  6.286980916519D-01  6.286947751567D-01  6.286926961899D-01
  6.286907936327D-01  6.286897576755D-01  6.286886880131D-01  6.286883597521D-01
  6.286879220864D-01  6.286881813601D-01  6.286883078323D-01  6.286891231837D-01
  6.286898095285D-01  6.286911982643D-01  6.286924800313D-01  6.286944941519D-01
  6.286964389420D-01  6.286991614462D-01  6.287018680428D-01  6.287054144049D-01
  6.287090162422D-01  6.287135395120D-01  6.287182113542D-01  6.287239105261D-01
  6.287298785999D-01  6.287370106132D-01  6.287445666338D-01  6.287534627711D-01
  6.287629830950D-01  6.287740711408D-01  6.287860423780D-01  6.287998763306D-01
  6.288149294444D-01  6.288322092960D-01  6.288495093919D-01  6.288558720991D-01
  6.288468600477D-01  6.288387232244D-01  6.288306058629D-01  6.288233001266D-01
  6.288159560951D-01  6.288093711238D-01  6.288026999176D-01  6.287967439551D-01
  6.287906616233D-01  6.287852577117D-01  6.287796935779D-01  6.287747766907D-01
  6.287696708284D-01  6.287651856430D-01  6.287604868960D-01  6.287563860413D-01
  6.287520504760D-01  6.287482931471D-01  6.287442828155D-01  6.287408336727D-01
  6.287371156215D-01  6.287339439013D-01  6.287304893710D-01  6.287275681595D-01
  6.287243519415D-01  6.287216575908D-01  6.287186574783D-01  6.287161691198D-01
  6.287133654777D-01  6.287110646197D-01  6.287084400186D-01  6.287063102133D-01
  6.287038491175D-01  6.287018756815D-01  6.286995641995D-01  6.286977339756D-01
  6.286955596376D-01  6.286938607995D-01  6.286918123776D-01  6.286902342556D-01
  6.286883016044D-01  6.286868345447D-01  6.286850084682D-01  6.286836437045D-01
  6.286819158399D-01  6.286806453878D-01  6.286790081062D-01  6.286778246695D-01
  6.286762709881D-01  6.286751678772D-01  6.286736913822D-01  6.286726624443D-01
  6.286712572260D-01  6.286702967796D-01  6.286689573724D-01  6.286680601541D-01
  6.286667814836D-01  6.286659425981D-01  6.286647199370D-01  6.286639348125D-01
  6.286627637346D-01  6.286620280826D-01  6.286609044280D-01  6.286602142083D-01
  6.286591340477D-01  6.286584854331D-01  6.286574450353D-01  6.286568343831D-01
  6.286558301860D-01  6.286552540081D-01  6.286542825910D-01  6.286537375279D-01
  6.286527955852D-01  6.286522783790D-01  6.286513626958D-01  6.286508701672D-01
  6.286499775935D-01  6.286495066169D-01  6.286486340458D-01  6.286481815267D-01
  6.286473258693D-01  6.286468887201D-01  6.286460468842D-01  6.286456220006D-01
  6.286447908649D-01  6.286443751030D-01  6.286435514943D-01  6.286431416453D-01
  6.286423223130D-01  6.286419150780D-01  6.286410966682D-01  6.286406886320D-01
  6.286398676607D-01  6.286394552628D-01  6.286386280868D-01  6.286382075933D-01
  6.286373703791D-01  6.286369378494D-01  6.286360865412D-01  6.286356377955D-01
  6.286347680796D-01  6.286342986607D-01  6.286334059275D-01  6.286329110629D-01
  6.286319903654D-01  6.286314649226D-01  6.286305109319D-01  6.286299493726D-01
  6.286289563281D-01  6.286283526571D-01  6.286273143145D-01  6.286266620229D-01
  6.286255715939D-01  6.286248635988D-01  6.286237136883D-01  6.286229422647D-01
  6.286217248000D-01  6.286208815074D-01  6.286195876602D-01  6.286186632615D-01
  6.286172833632D-01  6.286162677352D-01  6.286147911831D-01  6.286136732178D-01
  6.286120883716D-01  6.286108558681D-01  6.286091499366D-01  6.286077894811D-01
  6.286059483957D-01  6.286044452308D-01  6.286024535076D-01  6.286007913850D-01
  6.285986319721D-01  6.285967929937D-01  6.285944471022D-01  6.285924115418D-01
  6.285898584598D-01  6.285876045684D-01  6.285848214551D-01  6.285823252438D-01
  6.285792869029D-01  6.285765219050D-01  6.285732005335D-01  6.285701375407D-01
  6.285665024521D-01  6.285631092233D-01  6.285591265416D-01  6.285553674812D-01
  6.285509998026D-01  6.285468356052D-01  6.285420416247D-01  6.285374288824D-01
  6.285321629807D-01  6.285270537492D-01  6.285212655369D-01  6.285156068557D-01
  6.285092406690D-01  6.285029740318D-01  6.284959683755D-01  6.284890291445D-01
  6.284813160764D-01  6.284736328348D-01  6.284651372850D-01  6.284566311219D-01
  6.284472701408D-01  6.284378538606D-01  6.284275357880D-01  6.284171130360D-01
  6.284057365818D-01  6.283942008787D-01  6.283816541075D-01  6.283688877814D-01
  6.283550469899D-01  6.283409199959D-01  6.283256484717D-01  6.283100170873D-01
  6.282931637370D-01  6.282758691192D-01  6.282572669518D-01  6.282381335427D-01
  6.282175979931D-01  6.281964317567D-01  6.281737588310D-01  6.281503453038D-01
  6.281253095304D-01  6.280994116662D-01  6.280717638288D-01  6.280431196154D-01
  6.280125842472D-01  6.279809040706D-01  6.279471766827D-01  6.279121404132D-01
  6.278748844294D-01  6.278361381979D-01  6.277949815654D-01  6.277521341984D-01
  6.277066656379D-01  6.276592847142D-01  6.276090495727D-01  6.275566570608D-01
  6.275011527227D-01  6.274432201548D-01  6.273818909656D-01  6.273178340972D-01
  6.272500657460D-01  6.271792386465D-01  6.271043519489D-01  6.270260404609D-01
  6.269432844780D-01  6.268566989779D-01  6.267652433984D-01  6.266695107805D-01
  6.265684374868D-01  6.264625922876D-01  6.263508860144D-01  6.262338605821D-01
  6.261103985700D-01  6.259810121738D-01  6.258445527055D-01  6.257014994673D-01
  6.255506691623D-01  6.253925046804D-01  6.252257844101D-01  6.250509109270D-01
  6.248666201949D-01  6.246732701459D-01  6.244695497585D-01  6.242557675169D-01
  6.240305603514D-01  6.237941819635D-01  6.235452116123D-01  6.232838422897D-01
  6.230085893353D-01  6.227195784433D-01  6.224152540857D-01  6.220956673311D-01
  6.217591840533D-01  6.214057725384D-01  6.210337114532D-01  6.206428772149D-01
  6.202314516896D-01  6.197992092940D-01  6.193442243906D-01  6.188661580885D-01
  6.183629652950D-01  6.178341811764D-01  6.172776278226D-01  6.166927003220D-01
  6.160770729877D-01  6.154299849941D-01  6.147489461054D-01  6.140330218125D-01
  6.132795384948D-01  6.124873679865D-01  6.116536320897D-01  6.107769864862D-01
  6.098543245076D-01  6.088840602929D-01  6.078628317023D-01  6.067887826039D-01
  6.056582647962D-01  6.044691192832D-01  6.032173770464D-01  6.019005391373D-01
  6.005142761072D-01  5.990557067125D-01  5.975200957678D-01  5.959041312156D-01
  5.942026201190D-01  5.924117637898D-01  5.905258515740D-01  5.885405336621D-01
  5.864495122394D-01  5.842478115137D-01  5.819284656999D-01  5.794857856869D-01
  5.769120431966D-01  5.742007333657D-01  5.713432542543D-01  5.683321644327D-01
  5.651578568023D-01  5.618118100397D-01  5.582832554201D-01  5.545624206636D-01
  5.506371881011D-01  5.464963290722D-01  5.421261513196D-01  5.375137215764D-01
  5.326434994879D-01  5.275005453604D-01  5.220671371480D-01  5.163259594686D-01
  5.102566992003D-01  5.038392107402D-01  4.970500844579D-01  4.898657816937D-01
  4.822591686192D-01  4.742026125325D-01  4.656644714520D-01  4.566121407264D-01
  4.470084857722D-01  4.368148246971D-01  4.259872877776D-01  4.144797175041D-01
  4.022399334774D-01  3.892125251677D-01  3.753349972244D-01  3.605404195906D-01
  3.447534146956D-01  3.278927682396D-01  3.098667335417D-01  2.905760635924D-01
  2.699086501607D-01
