In49 POTENTIAL                      exc: Vosko,Wilk,Nusair      
  2.31897314  6.66250000  2.29182178
  49.00000
   2.53289   0.8007019273   0.8498776253
353
 0.25000000D-01 0.38184860D-03
 9 1
    0  -1.96656160000D+03
    0  -2.87428550000D+02
    0  -5.37136240000D+01
    0  -7.39818510000D+00
    1  -2.68528840000D+02
    1  -4.59639090000D+01
    1  -4.86454470000D+00
    2  -3.15522220000D+01
    2  -7.38539920000D-01
  4.724941001660D+02  4.725211480330D+02  4.725488123274D+02  4.725770992011D+02
  4.726060174815D+02  4.726355812002D+02  4.726658001141D+02  4.726966883634D+02
  4.727282559351D+02  4.727605171049D+02  4.727934820190D+02  4.728271650548D+02
  4.728615764656D+02  4.728967306906D+02  4.729326380387D+02  4.729693129631D+02
  4.730067657715D+02  4.730450108751D+02  4.730840585167D+02  4.731239230005D+02
  4.731646144333D+02  4.732061469375D+02  4.732485304029D+02  4.732917786859D+02
  4.733359013680D+02  4.733809119435D+02  4.734268195833D+02  4.734736373115D+02
  4.735213737733D+02  4.735700414014D+02  4.736196481863D+02  4.736702058334D+02
  4.737217215347D+02  4.737742061168D+02  4.738276658126D+02  4.738821104014D+02
  4.739375449790D+02  4.739939780896D+02  4.740514134947D+02  4.741098582961D+02
  4.741693147107D+02  4.742297881599D+02  4.742912790585D+02  4.743537909121D+02
  4.744173220765D+02  4.744818738551D+02  4.745474422533D+02  4.746140260671D+02
  4.746816186325D+02  4.747502159043D+02  4.748198082001D+02  4.748903882689D+02
  4.749619430290D+02  4.750344616267D+02  4.751079271668D+02  4.751823247609D+02
  4.752576332506D+02  4.753338332451D+02  4.754108988355D+02  4.754888056224D+02
  4.755675224211D+02  4.756470192773D+02  4.757272591640D+02  4.758082059853D+02
  4.758898162635D+02  4.759720471317D+02  4.760548480103D+02  4.761381685887D+02
  4.762219504906D+02  4.763061352446D+02  4.763906559393D+02  4.764754451813D+02
  4.765604267411D+02  4.766455234992D+02  4.767306490822D+02  4.768157157973D+02
  4.769006262591D+02  4.769852813143D+02  4.770695716585D+02  4.771533857518D+02
  4.772366014282D+02  4.773190938016D+02  4.774007268690D+02  4.774813614100D+02
  4.775608465839D+02  4.776390278246D+02  4.777157384343D+02  4.777908074757D+02
  4.778640513647D+02  4.779352817620D+02  4.780042971686D+02  4.780708908201D+02
  4.781348422875D+02  4.781959253782D+02  4.782538997468D+02  4.783085188067D+02
  4.783595213549D+02  4.784066394998D+02  4.784495903058D+02  4.784880837422D+02
  4.785218143530D+02  4.785504692343D+02  4.785737197355D+02  4.785912294721D+02
  4.786026460659D+02  4.786076092003D+02  4.786057424079D+02  4.785966611767D+02
  4.785799647934D+02  4.785552445095D+02  4.785220754495D+02  4.784800248461D+02
  4.784286440228D+02  4.783674767082D+02  4.782960511025D+02  4.782138882809D+02
  4.781204943540D+02  4.780153689692D+02  4.778979975755D+02  4.777678600328D+02
  4.776244229885D+02  4.774671486039D+02  4.772954870517D+02  4.771088853656D+02
  4.769067800658D+02  4.766886061378D+02  4.764537897894D+02  4.762017575630D+02
  4.759319292261D+02  4.756437270164D+02  4.753365686647D+02  4.750098767698D+02
  4.746630719475D+02  4.742955823273D+02  4.739068368172D+02  4.734962747079D+02
  4.730633390368D+02  4.726074862807D+02  4.721281797945D+02  4.716248995652D+02
  4.710971356957D+02  4.705443981834D+02  4.699662104098D+02  4.693621189009D+02
  4.687316867740D+02  4.680745034267D+02  4.673901778835D+02  4.666783483526D+02
  4.659386754046D+02  4.651708513273D+02  4.643745930627D+02  4.635496512800D+02
  4.626958029914D+02  4.618128602597D+02  4.609006624064D+02  4.599590842693D+02
  4.589880279173D+02  4.579874303745D+02  4.569572547620D+02  4.558974974142D+02
  4.548081783818D+02  4.536893478819D+02  4.525410761264D+02  4.513634590784D+02
  4.501566075915D+02  4.489206525043D+02  4.476557331435D+02  4.463620018372D+02
  4.450396119102D+02  4.436887217897D+02  4.423094827203D+02  4.409020427453D+02
  4.394665344871D+02  4.380030794168D+02  4.365117761793D+02  4.349927056952D+02
  4.334459206349D+02  4.318714520066D+02  4.302693004624D+02  4.286394450613D+02
  4.269818370663D+02  4.252964114673D+02  4.235830837263D+02  4.218417643268D+02
  4.200723584798D+02  4.182747833904D+02  4.164489702386D+02  4.145948830587D+02
  4.127125214590D+02  4.108019391736D+02  4.088632452420D+02  4.068966197371D+02
  4.049023108555D+02  4.028806454182D+02  4.008320198362D+02  3.987569039275D+02
  3.966558250580D+02  3.945293654553D+02  3.923781406218D+02  3.902027921076D+02
  3.880039628913D+02  3.857822888304D+02  3.835383745007D+02  3.812727868212D+02
  3.789860346026D+02  3.766785671442D+02  3.743507596812D+02  3.720029184476D+02
  3.696352728002D+02  3.672479868340D+02  3.648411576487D+02  3.624148324618D+02
  3.599690115457D+02  3.575036690621D+02  3.550187586941D+02  3.525142361144D+02
  3.499900651941D+02  3.474462400183D+02  3.448827896672D+02  3.422997979027D+02
  3.396974047909D+02  3.370758225199D+02  3.344353325457D+02  3.317762964345D+02
  3.290991476868D+02  3.264043970526D+02  3.236926187901D+02  3.209644505557D+02
  3.182205745802D+02  3.154617130432D+02  3.126886055036D+02  3.099020016071D+02
  3.071026371546D+02  3.042912269681D+02  3.014684429222D+02  2.986349107097D+02
  2.957911937917D+02  2.929377980207D+02  2.900751651197D+02  2.872036879828D+02
  2.843237151802D+02  2.814355765668D+02  2.785395961078D+02  2.756361224900D+02
  2.727255424704D+02  2.698083067833D+02  2.668849334880D+02  2.639560193477D+02
  2.610222257343D+02  2.580842719026D+02  2.551429046561D+02  2.521988795706D+02
  2.492529244863D+02  2.463057211914D+02  2.433578757662D+02  2.404099124014D+02
  2.374622594834D+02  2.345152608429D+02  2.315691791273D+02  2.286242226584D+02
  2.256805616154D+02  2.227383642251D+02  2.197978184902D+02  2.168591701956D+02
  2.139227429547D+02  2.109889714084D+02  2.080584138584D+02  2.051317759362D+02
  2.022099121155D+02  1.992938371782D+02  1.963847148695D+02  1.934838563953D+02
  1.905926963348D+02  1.877127789992D+02  1.848457232473D+02  1.819931990388D+02
  1.791568841488D+02  1.763384346286D+02  1.735394378295D+02  1.707613819890D+02
  1.680056117086D+02  1.652733038968D+02  1.625654341711D+02  1.598827689310D+02
  1.572258535647D+02  1.545950319596D+02  1.519904667935D+02  1.494121932605D+02
  1.468601712944D+02  1.443343626779D+02  1.418347910347D+02  1.393616053261D+02
  1.369151031702D+02  1.344957391237D+02  1.321040849768D+02  1.297407812421D+02
  1.274064594958D+02  1.251016815968D+02  1.228268748297D+02  1.205823023260D+02
  1.183680384115D+02  1.161839794032D+02  1.140298533004D+02  1.119052557933D+02
  1.098096755127D+02  1.077425370267D+02  1.057032263389D+02  1.036911293129D+02
  1.017056495525D+02  9.974623748087D+01  9.781239823378D+01  9.590371082847D+01
  9.401982665633D+01  9.216048014793D+01  9.032547979324D+01  8.851471246292D+01
  8.672812923396D+01  8.496574563956D+01  8.322762448806D+01  8.151387408698D+01
  7.982462992056D+01  7.816005250686D+01  7.652030937289D+01  7.490557375757D+01
  7.331600787469D+01  7.175176323731D+01  7.021296578479D+01  6.869971822289D+01
  6.721208725012D+01  6.575010801268D+01  6.431377341913D+01  6.290304061321D+01
  6.151782221848D+01  6.015799462890D+01  5.882339095822D+01  5.751381090500D+01
  5.622901514408D+01  5.496873646903D+01  5.373267526783D+01  5.252051148588D+01
  5.133190059118D+01  5.016648559640D+01  4.902389258687D+01  4.790374175588D+01
  4.680564143156D+01  4.572919718620D+01  4.467400370643D+01  4.363965172191D+01
  4.262571792426D+01  4.163177045628D+01  4.065735736790D+01  3.970201218732D+01
  3.876524184702D+01
N_07 POTENTIAL                      exc: Vosko,Wilk,Nusair      
  1.76095821  6.66250000  1.77099661
   7.00000
   2.05765   0.8007019273   0.8498776253
353
 0.25000000D-01 0.31020338D-03
 2 1
    0  -2.69998930000D+01
    0  -4.29582100000D-01
  2.602658843021D+01  2.602697981680D+01  2.602738073741D+01  2.602781723342D+01
  2.602826967200D+01  2.602873581111D+01  2.602921445172D+01  2.602970599823D+01
  2.603021001646D+01  2.603072721456D+01  2.603125730655D+01  2.603180108514D+01
  2.603235831926D+01  2.603292984126D+01  2.603351545143D+01  2.603411600863D+01
  2.603473133680D+01  2.603536231674D+01  2.603600879333D+01  2.603667166764D+01
  2.603735080457D+01  2.603804712510D+01  2.603876051402D+01  2.603949191234D+01
  2.604024122508D+01  2.604100941373D+01  2.604179640404D+01  2.604260317856D+01
  2.604342968447D+01  2.604427692605D+01  2.604514487265D+01  2.604603455110D+01
  2.604694595368D+01  2.604788013059D+01  2.604883709790D+01  2.604981793006D+01
  2.605082266780D+01  2.605185241069D+01  2.605290722522D+01  2.605398824014D+01
  2.605509593429D+01  2.605623106418D+01  2.605739375040D+01  2.605858517372D+01
  2.605980548307D+01  2.606105588804D+01  2.606233656691D+01  2.606364875907D+01
  2.606499267309D+01  2.606636957915D+01  2.606777971708D+01  2.606922438882D+01
  2.607070386644D+01  2.607221948458D+01  2.607377154848D+01  2.607536142642D+01
  2.607698945776D+01  2.607865704532D+01  2.608036456344D+01  2.608211345038D+01
  2.608390411634D+01  2.608573803581D+01  2.608761565564D+01  2.608953848736D+01
  2.609150701518D+01  2.609352278837D+01  2.609558632920D+01  2.609769922527D+01
  2.609986203745D+01  2.610207639223D+01  2.610434288956D+01  2.610666319519D+01
  2.610903794848D+01  2.611146885471D+01  2.611395659287D+01  2.611650290787D+01
  2.611910851830D+01  2.612177520865D+01  2.612450373698D+01  2.612729592701D+01
  2.613015257587D+01  2.613307554605D+01  2.613606567303D+01  2.613912485725D+01
  2.614225397165D+01  2.614545495350D+01  2.614872871189D+01  2.615207721947D+01
  2.615550141982D+01  2.615900331914D+01  2.616258389342D+01  2.616624518006D+01
  2.616998818498D+01  2.617381497399D+01  2.617772657981D+01  2.618172509333D+01
  2.618581157043D+01  2.618998812309D+01  2.619425582603D+01  2.619861680767D+01
  2.620307215652D+01  2.620762401198D+01  2.621227347054D+01  2.621702267627D+01
  2.622187272688D+01  2.622682576391D+01  2.623188287854D+01  2.623704620150D+01
  2.624231680861D+01  2.624769681039D+01  2.625318725727D+01  2.625879022887D+01
  2.626450673888D+01  2.627033882396D+01  2.627628744825D+01  2.628235459191D+01
  2.628854115511D+01  2.629484904626D+01  2.630127908550D+01  2.630783309242D+01
  2.631451178910D+01  2.632131688732D+01  2.632824899106D+01  2.633530968312D+01
  2.634249942710D+01  2.634981965336D+01  2.635727066041D+01  2.636485370020D+01
  2.637256887884D+01  2.638041724122D+01  2.638839867092D+01  2.639651397416D+01
  2.640476277889D+01  2.641314561795D+01  2.642166182731D+01  2.643031162835D+01
  2.643909402524D+01  2.644800888632D+01  2.645705484049D+01  2.646623135761D+01
  2.647553664392D+01  2.648496972142D+01  2.649452832220D+01  2.650421096672D+01
  2.651401485712D+01  2.652393795427D+01  2.653397686993D+01  2.654412894270D+01
  2.655439012891D+01  2.656475707733D+01  2.657522501888D+01  2.658578984005D+01
  2.659644597132D+01  2.660718845932D+01  2.661801085400D+01  2.662890727940D+01
  2.663987031959D+01  2.665089308816D+01  2.666196711278D+01  2.667308440351D+01
  2.668423533606D+01  2.669541071884D+01  2.670659967505D+01  2.671779170853D+01
  2.672897458468D+01  2.674013639531D+01  2.675126343847D+01  2.676234228232D+01
  2.677335764412D+01  2.678429445330D+01  2.679513572971D+01  2.680586464608D+01
  2.681646240586D+01  2.682691030530D+01  2.683718761106D+01  2.684727362228D+01
  2.685714554834D+01  2.686678057124D+01  2.687615372390D+01  2.688523995327D+01
  2.689401199967D+01  2.690244246116D+01  2.691050167437D+01  2.691815978077D+01
  2.692538460964D+01  2.693214374681D+01  2.693840242051D+01  2.694412557337D+01
  2.694927575191D+01  2.695381518258D+01  2.695770366583D+01  2.696090065709D+01
  2.696336316634D+01  2.696504784514D+01  2.696590889267D+01  2.696590014984D+01
  2.696497301304D+01  2.696307853650D+01  2.696016535481D+01  2.695618179485D+01
  2.695107380841D+01  2.694478709477D+01  2.693726504482D+01  2.692845087567D+01
  2.691828558743D+01  2.690671011117D+01  2.689366327972D+01  2.687908399024D+01
  2.686290919017D+01  2.684507605567D+01  2.682551999389D+01  2.680417683825D+01
  2.678098086808D+01  2.675586702163D+01  2.672876893377D+01  2.669962116743D+01
  2.666835726986D+01  2.663491202277D+01  2.659921951735D+01  2.656121542300D+01
  2.652083508078D+01  2.647801579022D+01  2.643269492039D+01  2.638481221369D+01
  2.633430791305D+01  2.628112508094D+01  2.622520774068D+01  2.616650320809D+01
  2.610496024398D+01  2.604053139525D+01  2.597317115472D+01  2.590283830747D+01
  2.582949409348D+01  2.575310455399D+01  2.567363869135D+01  2.559107080940D+01
  2.550537866391D+01  2.541654578994D+01  2.532455963542D+01  2.522941386750D+01
  2.513110648086D+01  2.502964207429D+01  2.492502992453D+01  2.481728622359D+01
  2.470643210822D+01  2.459249584791D+01  2.447551081982D+01  2.435551763692D+01
  2.423256205776D+01  2.410669704497D+01  2.397798059913D+01  2.384647773649D+01
  2.371225823820D+01  2.357539853781D+01  2.343597937620D+01  2.329408759073D+01
  2.314981366810D+01  2.300325342833D+01  2.285450546986D+01  2.270367274366D+01
  2.255085988731D+01  2.239617468767D+01  2.223972530401D+01  2.208162162154D+01
  2.192197236838D+01  2.176088636750D+01  2.159846955863D+01  2.143482616378D+01
  2.127005563415D+01  2.110425375520D+01  2.093750955171D+01  2.076990637432D+01
  2.060151881519D+01  2.043241384111D+01  2.026264780012D+01  2.009226769946D+01
  1.992130842191D+01  1.974979429081D+01  1.957773666336D+01  1.940513597579D+01
  1.923197993109D+01  1.905824626059D+01  1.888390175182D+01  1.870890596509D+01
  1.853321130854D+01  1.835676785343D+01  1.817952449619D+01  1.800143476342D+01
  1.782245875920D+01  1.764256943029D+01  1.746175452745D+01  1.728002233585D+01
  1.709740249103D+01  1.691394995451D+01  1.672974354358D+01  1.654488724781D+01
  1.635950595129D+01  1.617374405511D+01  1.598775887777D+01  1.580171754393D+01
  1.561578937750D+01  1.543014255494D+01  1.524493698773D+01  1.506032206903D+01
  1.487643108656D+01  1.469338075419D+01  1.451126749181D+01  1.433016876311D+01
  1.415014099526D+01  1.397122232445D+01  1.379343165990D+01  1.361677230738D+01
  1.344123166052D+01  1.326678522901D+01  1.309339654543D+01  1.292102125458D+01
  1.274960695962D+01  1.257909715866D+01  1.240943087079D+01  1.224054630611D+01
  1.207238019540D+01  1.190487114699D+01  1.173795865640D+01  1.157158614420D+01
  1.140569965281D+01  1.124025058192D+01  1.107519409607D+01  1.091049158575D+01
  1.074610881690D+01  1.058201815058D+01  1.041819646792D+01  1.025462718191D+01
  1.009129797046D+01  9.928202611553D+00  9.765338553904D+00  9.602708602371D+00
  9.440318350346D+00  9.278177736046D+00  9.116298353405D+00  8.954694891705D+00
  8.793382332689D+00  8.632377276106D+00  8.471695020377D+00  8.311350765961D+00
  8.151356566377D+00  7.991722391461D+00  7.832452928021D+00  7.673548478753D+00
  7.515001588800D+00  7.356797808004D+00  7.198911970702D+00  7.041308993351D+00
  6.883939824606D+00
Vac0 POTENTIAL                      exc: Vosko,Wilk,Nusair      
  2.31897314  6.66250000  2.29182178
   0.00000
   2.53289   0.8007019273   0.8498776253
353
 0.25000000D-01 0.38184860D-03
 0 1
  7.879439084088D-01  7.879191335812D-01  7.878929136003D-01  7.878854179855D-01
  7.878811327447D-01  7.878793951079D-01  7.878778821852D-01  7.878779202304D-01
  7.878777591020D-01  7.878789498257D-01  7.878798497156D-01  7.878820693685D-01
  7.878840035287D-01  7.878872893453D-01  7.878903426836D-01  7.878948190830D-01
  7.878991517375D-01  7.879050137189D-01  7.879108565649D-01  7.879183732220D-01
  7.879260371990D-01  7.879355660165D-01  7.879454609795D-01  7.879574712323D-01
  7.879701342562D-01  7.879852406712D-01  7.880013756954D-01  7.880203850193D-01
  7.880409174392D-01  7.880648922384D-01  7.880910434955D-01  7.881213894285D-01
  7.881547790505D-01  7.881933642658D-01  7.882361497239D-01  7.882854686817D-01
  7.883405354486D-01  7.884038338495D-01  7.884683375359D-01  7.884957329980D-01
  7.884678253007D-01  7.884421778901D-01  7.884170706465D-01  7.883940241805D-01
  7.883713367709D-01  7.883505453522D-01  7.883299627156D-01  7.883111387567D-01
  7.882923978515D-01  7.882753002804D-01  7.882581797559D-01  7.882426049643D-01
  7.882269172057D-01  7.882126920329D-01  7.881982769652D-01  7.881852531990D-01
  7.881719733938D-01  7.881600234325D-01  7.881477602447D-01  7.881367736158D-01
  7.881254240573D-01  7.881153046382D-01  7.881047788823D-01  7.880954426302D-01
  7.880856619572D-01  7.880770350631D-01  7.880679301947D-01  7.880599475620D-01
  7.880514572766D-01  7.880440612686D-01  7.880361312523D-01  7.880292706449D-01
  7.880218525389D-01  7.880154816419D-01  7.880085322435D-01  7.880026101666D-01
  7.879960907454D-01  7.879905807756D-01  7.879844565039D-01  7.879793255783D-01
  7.879735650417D-01  7.879687832900D-01  7.879633580691D-01  7.879588984334D-01
  7.879537827448D-01  7.879496206394D-01  7.879447910267D-01  7.879409040551D-01
  7.879363391167D-01  7.879327068171D-01  7.879283869766D-01  7.879249906055D-01
  7.879208979046D-01  7.879177202443D-01  7.879138381648D-01  7.879108633548D-01
  7.879071766576D-01  7.879043900482D-01  7.879008846374D-01  7.878982726535D-01
  7.878949354484D-01  7.878924854754D-01  7.878893042999D-01  7.878870045767D-01
  7.878839680599D-01  7.878818075827D-01  7.878789050679D-01  7.878768735055D-01
  7.878740949670D-01  7.878721825811D-01  7.878695185494D-01  7.878677161226D-01
  7.878651576148D-01  7.878634563831D-01  7.878609948388D-01  7.878593864287D-01
  7.878570136478D-01  7.878554900188D-01  7.878531981053D-01  7.878517514920D-01
  7.878495327985D-01  7.878481556583D-01  7.878460027332D-01  7.878446876930D-01
  7.878425932291D-01  7.878413330346D-01  7.878392898179D-01  7.878380772829D-01
  7.878360781421D-01  7.878349060975D-01  7.878329438530D-01  7.878318050953D-01
  7.878298725066D-01  7.878287597461D-01  7.878268494601D-01  7.878257552655D-01
  7.878238597599D-01  7.878227765032D-01  7.878208880295D-01  7.878198078266D-01
  7.878179183488D-01  7.878168329969D-01  7.878149341285D-01  7.878138350394D-01
  7.878119179738D-01  7.878107961043D-01  7.878088515419D-01  7.878076973164D-01
  7.878057153854D-01  7.878045186145D-01  7.878024887857D-01  7.878012385770D-01
  7.877991495711D-01  7.877978342330D-01  7.877956739196D-01  7.877942808558D-01
  7.877920361436D-01  7.877905517383D-01  7.877882084557D-01  7.877866179481D-01
  7.877841607108D-01  7.877824480575D-01  7.877798601251D-01  7.877780078490D-01
  7.877752709666D-01  7.877732599914D-01  7.877703542155D-01  7.877681636830D-01
  7.877650671908D-01  7.877626742607D-01  7.877593631392D-01  7.877567427679D-01
  7.877531907820D-01  7.877503154794D-01  7.877464938169D-01  7.877433333780D-01
  7.877392103673D-01  7.877357315763D-01  7.877312723758D-01  7.877274386799D-01
  7.877226049355D-01  7.877183760843D-01  7.877131255504D-01  7.877084571990D-01
  7.877027433213D-01  7.876975865906D-01  7.876913580446D-01  7.876856590376D-01
  7.876788592192D-01  7.876725584847D-01  7.876651249484D-01  7.876581568907D-01
  7.876500207275D-01  7.876423129529D-01  7.876333981043D-01  7.876248707000D-01
  7.876150931997D-01  7.876056579369D-01  7.875949250731D-01  7.875844845260D-01
  7.875726939159D-01  7.875611404888D-01  7.875481790556D-01  7.875353939080D-01
  7.875211367506D-01  7.875069886090D-01  7.874912977531D-01  7.874756415976D-01
  7.874583646154D-01  7.874410402291D-01  7.874220087138D-01  7.874028390788D-01
  7.873818669586D-01  7.873606564835D-01  7.873375381581D-01  7.873140707193D-01
  7.872885790006D-01  7.872626157767D-01  7.872344996120D-01  7.872057766907D-01
  7.871747586469D-01  7.871429843792D-01  7.871087578610D-01  7.870736099372D-01
  7.870358361129D-01  7.869969583301D-01  7.869552627326D-01  7.869122614209D-01
  7.868662301906D-01  7.868186702629D-01  7.867678459938D-01  7.867152465782D-01
  7.866591237262D-01  7.866009533374D-01  7.865389731423D-01  7.864746443432D-01
  7.864061892156D-01  7.863350527138D-01  7.862594400279D-01  7.861807781489D-01
  7.860972533780D-01  7.860102728469D-01  7.859180019734D-01  7.858218259327D-01
  7.857198870534D-01  7.856135462344D-01  7.855009202752D-01  7.853833432330D-01
  7.852589036793D-01  7.851289059910D-01  7.849914075260D-01  7.848476798403D-01
  7.846957457751D-01  7.845368405908D-01  7.843689489556D-01  7.841932659892D-01
  7.840077341412D-01  7.838135041341D-01  7.836084717200D-01  7.833937385123D-01
  7.831671486072D-01  7.829297492912D-01  7.826793275132D-01  7.824168704540D-01
  7.821401018324D-01  7.818499423213D-01  7.815440456687D-01  7.812232589446D-01
  7.808851584554D-01  7.805305098013D-01  7.801568035623D-01  7.797647151440D-01
  7.793516402086D-01  7.789181542847D-01  7.784615479137D-01  7.779822859960D-01
  7.774775426189D-01  7.769476601080D-01  7.763896834985D-01  7.758038192548D-01
  7.751869693428D-01  7.745391895756D-01  7.738572232364D-01  7.731409590036D-01
  7.723869640651D-01  7.715949415674D-01  7.707612631548D-01  7.698854258760D-01
  7.689635840703D-01  7.679950056540D-01  7.669756032607D-01  7.659043898152D-01
  7.647770088175D-01  7.635921890937D-01  7.623452740901D-01  7.610346756668D-01
  7.596554022426D-01  7.582055114650D-01  7.566796370102D-01  7.550754399272D-01
  7.533871338510D-01  7.516119347692D-01  7.497435843489D-01  7.477787978095D-01
  7.457107849922D-01  7.435356959412D-01  7.412461392482D-01  7.388376248410D-01
  7.363020790137D-01  7.336342837879D-01  7.308253878846D-01  7.278693418492D-01
  7.247564040240D-01  7.214795704083D-01  7.180280744351D-01  7.143938102555D-01
  7.105648248001D-01  7.065317328163D-01  7.022811992796D-01  6.978023440503D-01
  6.930802121730D-01  6.881021654267D-01  6.828513373726D-01  6.773130083146D-01
  6.714680410872D-01  6.652992349669D-01  6.587847370769D-01  6.519043695338D-01
  6.446330099065D-01  6.369468842625D-01  6.288169082642D-01  6.202149366853D-01
  6.111070543393D-01  6.014597699406D-01  5.912332429904D-01  5.803874064086D-01
  5.688751115918D-01  5.566481598724D-01  5.436503430609D-01  5.298233583612D-01
  5.150997157115D-01  4.994085042761D-01  4.826681308521D-01  4.647918987459D-01
  4.456805339310D-01  4.252275288481D-01  4.033114100980D-01  3.798007884736D-01
  3.545463117504D-01  3.273855364941D-01  2.981339860230D-01  2.665903076804D-01
  2.325266069489D-01
Vac0 POTENTIAL                      exc: Vosko,Wilk,Nusair      
  1.76095821  6.66250000  1.77099661
   0.00000
   2.05765   0.8007019273   0.8498776253
353
 0.25000000D-01 0.31020338D-03
 0 1
  5.909184471004D-01  5.908803611289D-01  5.908409151861D-01  5.908289665577D-01
  5.908223301017D-01  5.908183744265D-01  5.908152523326D-01  5.908132964402D-01
  5.908115005005D-01  5.908105219093D-01  5.908095055231D-01  5.908091884652D-01
  5.908087620112D-01  5.908089924549D-01  5.908090908322D-01  5.908098377251D-01
  5.908104550860D-01  5.908117324977D-01  5.908128997482D-01  5.908147535933D-01
  5.908165307601D-01  5.908190349485D-01  5.908215100926D-01  5.908247675545D-01
  5.908280595498D-01  5.908322065063D-01  5.908364707121D-01  5.908416838379D-01
  5.908471207706D-01  5.908536274376D-01  5.908604948645D-01  5.908685872981D-01
  5.908772166151D-01  5.908872708672D-01  5.908980891211D-01  5.909105905395D-01
  5.909241495713D-01  5.909397094585D-01  5.909552507091D-01  5.909607550860D-01
  5.909522658176D-01  5.909446044252D-01  5.909369577556D-01  5.909300790601D-01
  5.909231606992D-01  5.909169608064D-01  5.909106761004D-01  5.909050685982D-01
  5.908993384824D-01  5.908942508938D-01  5.908890088102D-01  5.908843798926D-01
  5.908795694042D-01  5.908753470585D-01  5.908709199840D-01  5.908670595955D-01
  5.908629745619D-01  5.908594377021D-01  5.908556589688D-01  5.908524123556D-01
  5.908489088890D-01  5.908459235460D-01  5.908426682643D-01  5.908399188490D-01
  5.908368880031D-01  5.908343522430D-01  5.908315249228D-01  5.908291831640D-01
  5.908265408783D-01  5.908243757051D-01  5.908219020357D-01  5.908198979576D-01
  5.908175782761D-01  5.908157214643D-01  5.908135426863D-01  5.908118207481D-01
  5.908097711300D-01  5.908081729283D-01  5.908062418946D-01  5.908047573812D-01
  5.908029353765D-01  5.908015554580D-01  5.907998338228D-01  5.907985502425D-01
  5.907969211001D-01  5.907957263386D-01  5.907941825023D-01  5.907930696876D-01
  5.907916045819D-01  5.907905674135D-01  5.907891749968D-01  5.907882076792D-01
  5.907868823849D-01  5.907859795666D-01  5.907847162470D-01  5.907838729712D-01
  5.907826668467D-01  5.907818785014D-01  5.907807251184D-01  5.907799873968D-01
  5.907788825873D-01  5.907781914498D-01  5.907771312944D-01  5.907764829351D-01
  5.907754637315D-01  5.907748545452D-01  5.907738727789D-01  5.907732993335D-01
  5.907723516480D-01  5.907718106572D-01  5.907708938301D-01  5.907703821281D-01
  5.907694930440D-01  5.907690075611D-01  5.907681431910D-01  5.907676809314D-01
  5.907668383067D-01  5.907663963242D-01  5.907655725163D-01  5.907651478948D-01
  5.907643399931D-01  5.907639298219D-01  5.907631349108D-01  5.907627362640D-01
  5.907619514014D-01  5.907615613149D-01  5.907607835090D-01  5.907603989575D-01
  5.907596251437D-01  5.907592430168D-01  5.907584700325D-01  5.907580871094D-01
  5.907573116693D-01  5.907569245928D-01  5.907561432607D-01  5.907557485091D-01
  5.907549576697D-01  5.907545515264D-01  5.907537473546D-01  5.907533258768D-01
  5.907525043034D-01  5.907520632874D-01  5.907512199639D-01  5.907507549069D-01
  5.907498851670D-01  5.907493912276D-01  5.907484900438D-01  5.907479619971D-01
  5.907470239350D-01  5.907464561247D-01  5.907454752926D-01  5.907448615780D-01
  5.907438315717D-01  5.907431652698D-01  5.907420791118D-01  5.907413529341D-01
  5.907402030074D-01  5.907394089900D-01  5.907381869647D-01  5.907373163918D-01
  5.907360131451D-01  5.907350564645D-01  5.907336619919D-01  5.907326087224D-01
  5.907311120401D-01  5.907299506691D-01  5.907283397072D-01  5.907270575773D-01
  5.907253190606D-01  5.907239022462D-01  5.907220215639D-01  5.907204547332D-01
  5.907184157946D-01  5.907166820580D-01  5.907144671333D-01  5.907125478768D-01
  5.907101374215D-01  5.907080121217D-01  5.907053845824D-01  5.907030306026D-01
  5.907001622028D-01  5.906975545677D-01  5.906944190713D-01  5.906915302186D-01
  5.906880986685D-01  5.906848981739D-01  5.906811386029D-01  5.906775928766D-01
  5.906734699885D-01  5.906695419399D-01  5.906650167570D-01  5.906606654242D-01
  5.906556948979D-01  5.906508750379D-01  5.906454116180D-01  5.906400732545D-01
  5.906340644137D-01  5.906281523370D-01  5.906215400450D-01  5.906149932592D-01
  5.906077134021D-01  5.906004645147D-01  5.905924462525D-01  5.905844207988D-01
  5.905755858560D-01  5.905667015537D-01  5.905569634348D-01  5.905471293586D-01
  5.905363924812D-01  5.905255081520D-01  5.905136668881D-01  5.905016212649D-01
  5.904885588821D-01  5.904752292484D-01  5.904608167386D-01  5.904460674710D-01
  5.904301622559D-01  5.904138434635D-01  5.903962879632D-01  5.903782339822D-01
  5.903588540336D-01  5.903388817642D-01  5.903174848712D-01  5.902953919382D-01
  5.902717653382D-01  5.902473280570D-01  5.902212365820D-01  5.901942077105D-01
  5.901653914227D-01  5.901354976742D-01  5.901036692512D-01  5.900706085450D-01
  5.900354503879D-01  5.899988888081D-01  5.899600498433D-01  5.899196182752D-01
  5.898767104175D-01  5.898320008273D-01  5.897845950664D-01  5.897351563860D-01
  5.896827784582D-01  5.896281120318D-01  5.895702376307D-01  5.895097921775D-01
  5.894458416550D-01  5.893790076945D-01  5.893083401965D-01  5.892344438793D-01
  5.891563508548D-01  5.890746471336D-01  5.889883451502D-01  5.888980102198D-01
  5.888026330083D-01  5.887027559347D-01  5.885973455800D-01  5.884869190293D-01
  5.883704162128D-01  5.882483261814D-01  5.881195593715D-01  5.879845738068D-01
  5.878422472788D-01  5.876930034665D-01  5.875356840234D-01  5.873706746050D-01
  5.871967768520D-01  5.870143343162D-01  5.868221043268D-01  5.866203838031D-01
  5.864078809916D-01  5.861848411519D-01  5.859499181490D-01  5.857032999981D-01
  5.854435802959D-01  5.851708836065D-01  5.848837367132D-01  5.845821938267D-01
  5.842647076356D-01  5.839312543159D-01  5.835802043551D-01  5.832114473394D-01
  5.828232625234D-01  5.824154433664D-01  5.819861678169D-01  5.815351225666D-01
  5.810603730124D-01  5.805614871915D-01  5.800364053803D-01  5.794845636674D-01
  5.789037631422D-01  5.782932930565D-01  5.776507995469D-01  5.769754083290D-01
  5.762645928882D-01  5.755172966407D-01  5.747308005165D-01  5.739038445091D-01
  5.730334945629D-01  5.721182634186D-01  5.711549766996D-01  5.701418929441D-01
  5.690755687665D-01  5.679539779442D-01  5.667733755048D-01  5.655314157114D-01
  5.642240148956D-01  5.628484681504D-01  5.614003106932D-01  5.598764330337D-01
  5.582719406032D-01  5.565832671141D-01  5.548050321312D-01  5.529331522740D-01
  5.509616963316D-01  5.488859938740D-01  5.466994874176D-01  5.443968379062D-01
  5.419707733113D-01  5.394151903077D-01  5.367219985383D-01  5.338842176343D-01
  5.308928161743D-01  5.277398029760D-01  5.244150595225D-01  5.209094241616D-01
  5.172115164427D-01  5.133108124856D-01  5.091944592404D-01  5.048503388036D-01
  5.002638700566D-01  4.954210590729D-01  4.903052848654D-01  4.849003322030D-01
  4.791871572478D-01  4.731468980166D-01  4.667576144452D-01  4.599972703081D-01
  4.528404406098D-01  4.452612569045D-01  4.372300727582D-01  4.287163619383D-01
  4.196853298503D-01  4.101007508158D-01  3.999215096358D-01  3.891043599343D-01
  3.776003751144D-01  3.653576037073D-01  3.523174048945D-01  3.384169665946D-01
  3.235854876646D-01  3.077466440627D-01  2.908141539842D-01  2.726945867318D-01
  2.532823192357D-01
