In49 POTENTIAL                      exc: Vosko,Wilk,Nusair      
  2.20033126  6.33750000  2.17664358
  49.00000
   2.40560   0.9811566540   0.9240453164
353
 0.25000000D-01 0.36265835D-03
 9 1
    0  -1.96656160000D+03
    0  -2.87428550000D+02
    0  -5.37136240000D+01
    0  -7.39818510000D+00
    1  -2.68528840000D+02
    1  -4.59639090000D+01
    1  -4.86454470000D+00
    2  -3.15522220000D+01
    2  -7.38539920000D-01
  4.726906076603D+02  4.727162983200D+02  4.727425776223D+02  4.727694522524D+02
  4.727969307133D+02  4.728250267540D+02  4.728537498329D+02  4.728831138347D+02
  4.729131284715D+02  4.729438077961D+02  4.729751617106D+02  4.730072044065D+02
  4.730399459302D+02  4.730734005778D+02  4.731075784955D+02  4.731424940424D+02
  4.731781574155D+02  4.732145829885D+02  4.732517809536D+02  4.732897656426D+02
  4.733285471805D+02  4.733681397920D+02  4.734085534641D+02  4.734498022399D+02
  4.734918958883D+02  4.735348481863D+02  4.735786685938D+02  4.736233705265D+02
  4.736689630334D+02  4.737154590610D+02  4.737628671329D+02  4.738111996056D+02
  4.738604643490D+02  4.739106729943D+02  4.739618326147D+02  4.740139539652D+02
  4.740670431623D+02  4.741211099169D+02  4.741761592117D+02  4.742321995267D+02
  4.742892345232D+02  4.743472712347D+02  4.744063117662D+02  4.744663614944D+02
  4.745274207370D+02  4.745894929533D+02  4.746525764095D+02  4.747166723709D+02
  4.747817767623D+02  4.748478883513D+02  4.749150004034D+02  4.749831088564D+02
  4.750522039688D+02  4.751222784858D+02  4.751933192800D+02  4.752653155082D+02
  4.753382502451D+02  4.754121086289D+02  4.754868694885D+02  4.755625134782D+02
  4.756390146958D+02  4.757163488074D+02  4.757944846565D+02  4.758733923776D+02
  4.759530349958D+02  4.760333765291D+02  4.761143735786D+02  4.761959834194D+02
  4.762781555800D+02  4.763608399221D+02  4.764439782099D+02  4.765275121779D+02
  4.766113750898D+02  4.766954997950D+02  4.767798102772D+02  4.768642296993D+02
  4.769486719421D+02  4.770330496380D+02  4.771172657004D+02  4.772012213471D+02
  4.772848076202D+02  4.773679134004D+02  4.774504169185D+02  4.775321937618D+02
  4.776131083784D+02  4.776930220766D+02  4.777717845243D+02  4.778492417425D+02
  4.779252276023D+02  4.779995718152D+02  4.780720914284D+02  4.781425988159D+02
  4.782108931755D+02  4.782767685222D+02  4.783400051912D+02  4.784003778376D+02
  4.784576469491D+02  4.785115668563D+02  4.785618772591D+02  4.786083112535D+02
  4.786505868768D+02  4.786884151559D+02  4.787214916772D+02  4.787495046633D+02
  4.787721265743D+02  4.787890222187D+02  4.787998403943D+02  4.788042220410D+02
  4.788017919287D+02  4.787921668608D+02  4.787749474171D+02  4.787497262170D+02
  4.787160797271D+02  4.786735765928D+02  4.786217695197D+02  4.785602036843D+02
  4.784884086985D+02  4.784059071089D+02  4.783122064549D+02  4.782068078653D+02
  4.780891982203D+02  4.779588588555D+02  4.778152578354D+02  4.776578587736D+02
  4.774861132268D+02  4.772994696381D+02  4.770973658578D+02  4.768792382159D+02
  4.766445141741D+02  4.763926215310D+02  4.761229812070D+02  4.758350165830D+02
  4.755281464165D+02  4.752017943102D+02  4.748553817542D+02  4.744883377159D+02
  4.741000917985D+02  4.736900839381D+02  4.732577576624D+02  4.728025698754D+02
  4.723239841924D+02  4.718214807864D+02  4.712945497679D+02  4.707427010583D+02
  4.701654577757D+02  4.695623660916D+02  4.689329885746D+02  4.682769139786D+02
  4.675937504873D+02  4.668831353714D+02  4.661447280693D+02  4.653782196428D+02
  4.645833256193D+02  4.637597951690D+02  4.629074036275D+02  4.620259613116D+02
  4.611153056373D+02  4.601753094884D+02  4.592058728447D+02  4.582069306203D+02
  4.571784437226D+02  4.561204062854D+02  4.550328360928D+02  4.539157811485D+02
  4.527693094276D+02  4.515935147550D+02  4.503885058684D+02  4.491544116369D+02
  4.478913694873D+02  4.465995300397D+02  4.452790450249D+02  4.439300715087D+02
  4.425527595231D+02  4.411472561592D+02  4.397136932557D+02  4.382521917688D+02
  4.367628499917D+02  4.352457487423D+02  4.337009407145D+02  4.321284571326D+02
  4.305282989150D+02  4.289004454834D+02  4.272448483980D+02  4.255614429077D+02
  4.238501445205D+02  4.221108635713D+02  4.203435047503D+02  4.185479843974D+02
  4.167242323225D+02  4.148722107428D+02  4.129919168847D+02  4.110834016454D+02
  4.091467707168D+02  4.071822004896D+02  4.051899351543D+02  4.031702974403D+02
  4.011236796411D+02  3.990505477028D+02  3.969514254385D+02  3.948268921004D+02
  3.926775608324D+02  3.905040716453D+02  3.883070667626D+02  3.860871821892D+02
  3.838450234258D+02  3.815811591249D+02  3.792961004346D+02  3.769902995591D+02
  3.746641349518D+02  3.723179163091D+02  3.699518764233D+02  3.675661827323D+02
  3.651609353321D+02  3.627361840522D+02  3.602919311797D+02  3.578281523029D+02
  3.553448017813D+02  3.528418352793D+02  3.503192158679D+02  3.477769361614D+02
  3.452150230454D+02  3.426335575339D+02  3.400326763858D+02  3.374125881342D+02
  3.347735702626D+02  3.321159802863D+02  3.294402476284D+02  3.267468791874D+02
  3.240364456488D+02  3.213095816197D+02  3.185669668377D+02  3.158093217552D+02
  3.130373849549D+02  3.102519060033D+02  3.074536214248D+02  3.046432476213D+02
  3.018214587027D+02  2.989888831934D+02  2.961460876654D+02  2.932935811962D+02
  2.904318084458D+02  2.875611647421D+02  2.846820001903D+02  2.817946451371D+02
  2.788994227481D+02  2.759966796974D+02  2.730867995484D+02  2.701702290456D+02
  2.672474817848D+02  2.643191501990D+02  2.613858918950D+02  2.584484235042D+02
  2.555074906046D+02  2.525638492267D+02  2.496182292333D+02  2.466713159002D+02
  2.437237198034D+02  2.407759702726D+02  2.378285008622D+02  2.348816601911D+02
  2.319357147552D+02  2.289908755079D+02  2.260473136697D+02  2.231051968549D+02
  2.201647106477D+02  2.172260967587D+02  2.142896731132D+02  2.113558673687D+02
  2.084252297286D+02  2.054984570391D+02  2.025763945592D+02  1.996600479029D+02
  1.967505719747D+02  1.938492699375D+02  1.909575693773D+02  1.880770090821D+02
  1.852092040375D+02  1.823558223100D+02  1.795185418300D+02  1.766990210525D+02
  1.738988518978D+02  1.711195293605D+02  1.683624067005D+02  1.656286711726D+02
  1.629193098730D+02  1.602351013004D+02  1.575766026996D+02  1.549441687812D+02
  1.523379709632D+02  1.497580503093D+02  1.472043690003D+02  1.446768873237D+02
  1.421756239485D+02  1.397007205542D+02  1.372524666104D+02  1.348313095367D+02
  1.324378164900D+02  1.300726269958D+02  1.277363754936D+02  1.254296302477D+02
  1.231528274749D+02  1.209062407161D+02  1.186899549526D+02  1.165038765594D+02
  1.143477422201D+02  1.122211546334D+02  1.101236074980D+02  1.080545286257D+02
  1.060133054831D+02  1.039993239322D+02  1.020119862660D+02  1.000507406491D+02
  9.811508915984D+01  9.620460728281D+01  9.431894249023D+01  9.245782515692D+01
  9.062105958977D+01  8.880852851703D+01  8.702017884276D+01  8.525602198773D+01
  8.351611656536D+01  8.180056663149D+01  8.010950316078D+01  7.844308187915D+01
  7.680146499543D+01  7.518481984585D+01  7.359330188868D+01  7.202705495498D+01
  7.048619610301D+01  6.897081789315D+01  6.748097536569D+01  6.601669047384D+01
  6.457794121719D+01  6.316466818964D+01  6.177676577508D+01  6.041409068477D+01
  5.907645506922D+01  5.776363687436D+01  5.647537465485D+01  5.521137944918D+01
  5.397133085229D+01  5.275488975936D+01  5.156169478814D+01  5.039137471069D+01
  4.924354383232D+01  4.811781264768D+01  4.701378085814D+01  4.593104530472D+01
  4.486919024511D+01  4.382779298258D+01  4.280641170408D+01  4.180459067555D+01
  4.082184697791D+01
N_07 POTENTIAL                      exc: Vosko,Wilk,Nusair      
  1.68057905  6.33750000  1.68945972
   7.00000
   1.96292   0.9811566540   0.9240453164
353
 0.25000000D-01 0.29592158D-03
 2 1
    0  -2.69998930000D+01
    0  -4.29582100000D-01
  2.622127242782D+01  2.622164458765D+01  2.622202574600D+01  2.622244171179D+01
  2.622287298311D+01  2.622331746253D+01  2.622377383540D+01  2.622424261449D+01
  2.622472323942D+01  2.622521652226D+01  2.622572204844D+01  2.622624071305D+01
  2.622677215525D+01  2.622731730887D+01  2.622787584355D+01  2.622844871881D+01
  2.622903562724D+01  2.622963754952D+01  2.623025419841D+01  2.623088657417D+01
  2.623153440883D+01  2.623219872179D+01  2.623287926423D+01  2.623357707484D+01
  2.623429192425D+01  2.623502487083D+01  2.623577570517D+01  2.623654550591D+01
  2.623733408425D+01  2.623814253976D+01  2.623897070497D+01  2.623981970116D+01
  2.624068938296D+01  2.624158089417D+01  2.624249411233D+01  2.624343020461D+01
  2.624438907237D+01  2.624537190698D+01  2.624637863467D+01  2.624741047634D+01
  2.624846776489D+01  2.624955135024D+01  2.625066121084D+01  2.625179861650D+01
  2.625296357309D+01  2.625415737831D+01  2.625538006640D+01  2.625663296395D+01
  2.625791613455D+01  2.625923093464D+01  2.626057745812D+01  2.626195709226D+01
  2.626336996227D+01  2.626481748719D+01  2.626629982450D+01  2.626781842597D+01
  2.626937348230D+01  2.627096647891D+01  2.627259764065D+01  2.627426848751D+01
  2.627597927935D+01  2.627773157163D+01  2.627952566007D+01  2.628136313639D+01
  2.628324433298D+01  2.628517087862D+01  2.628714314309D+01  2.628916279290D+01
  2.629123023589D+01  2.629334717693D+01  2.629551406247D+01  2.629773263626D+01
  2.630000338382D+01  2.630232808816D+01  2.630470727422D+01  2.630714276451D+01
  2.630963512357D+01  2.631218621352D+01  2.631479663851D+01  2.631746830017D+01
  2.632020184207D+01  2.632299920508D+01  2.632586107174D+01  2.632878942164D+01
  2.633178497563D+01  2.633484975116D+01  2.633798450645D+01  2.634119129570D+01
  2.634447091318D+01  2.634782544837D+01  2.635125572991D+01  2.635476388068D+01
  2.635835076161D+01  2.636201852663D+01  2.636576806642D+01  2.636960156315D+01
  2.637351993410D+01  2.637752538631D+01  2.638161886001D+01  2.638580258308D+01
  2.639007751434D+01  2.639444589782D+01  2.639890870584D+01  2.640346819311D+01
  2.640812533956D+01  2.641288240424D+01  2.641774036792D+01  2.642270148669D+01
  2.642776673436D+01  2.643293835577D+01  2.643821730887D+01  2.644360581778D+01
  2.644910481450D+01  2.645471649166D+01  2.646044174393D+01  2.646628272033D+01
  2.647224026528D+01  2.647831647055D+01  2.648451211588D+01  2.649082922047D+01
  2.649726848314D+01  2.650383183339D+01  2.651051987105D+01  2.651733441682D+01
  2.652427595138D+01  2.653134616534D+01  2.653854539785D+01  2.654587518589D+01
  2.655333570223D+01  2.656092830411D+01  2.656865297051D+01  2.657651085015D+01
  2.658450169795D+01  2.659262642235D+01  2.660088452098D+01  2.660927662714D+01
  2.661780194465D+01  2.662646079345D+01  2.663525204358D+01  2.664417565985D+01
  2.665323013486D+01  2.666241503270D+01  2.667172842098D+01  2.668116941348D+01
  2.669073560112D+01  2.670042559354D+01  2.671023644894D+01  2.672016621454D+01
  2.673021135528D+01  2.674036929302D+01  2.675063583412D+01  2.676100770739D+01
  2.677147999039D+01  2.678204864618D+01  2.679270794832D+01  2.680345301633D+01
  2.681427723941D+01  2.682517481059D+01  2.683613814919D+01  2.684716043365D+01
  2.685823302268D+01  2.686934798685D+01  2.688049552850D+01  2.689166651202D+01
  2.690284988262D+01  2.691403519542D+01  2.692521003307D+01  2.693636253379D+01
  2.694747880795D+01  2.695854546515D+01  2.696954702995D+01  2.698046846814D+01
  2.699129260174D+01  2.700200263478D+01  2.701257956775D+01  2.702300472306D+01
  2.703325715936D+01  2.704331619692D+01  2.705315883214D+01  2.706276226328D+01
  2.707210130547D+01  2.708115091731D+01  2.708988361685D+01  2.709827200946D+01
  2.710628620544D+01  2.711389634971D+01  2.712107004163D+01  2.712777486720D+01
  2.713397582182D+01  2.713963784576D+01  2.714472325055D+01  2.714919425862D+01
  2.715301043427D+01  2.715613122829D+01  2.715851341451D+01  2.716011364044D+01
  2.716088587041D+01  2.716078394335D+01  2.715975902362D+01  2.715776216714D+01
  2.715474178104D+01  2.715064619940D+01  2.714542115304D+01  2.713901235600D+01
  2.713136298684D+01  2.712241628723D+01  2.711211305591D+01  2.710039426075D+01
  2.708719854674D+01  2.707246486260D+01  2.705612998413D+01  2.703813115661D+01
  2.701840363449D+01  2.699688334071D+01  2.697350442371D+01  2.694820193447D+01
  2.692090940167D+01  2.689156152704D+01  2.686009177908D+01  2.682643510711D+01
  2.679052555360D+01  2.675229898683D+01  2.671169073154D+01  2.666863831956D+01
  2.662307913795D+01  2.657495319642D+01  2.652420079156D+01  2.647076528924D+01
  2.641459080267D+01  2.635562498731D+01  2.629381672983D+01  2.622911895216D+01
  2.616148630750D+01  2.609087798934D+01  2.601725542981D+01  2.594058510841D+01
  2.586083624718D+01  2.577798361292D+01  2.569200520258D+01  2.560288503195D+01
  2.551061080362D+01  2.541517667421D+01  2.531658089645D+01  2.521482855609D+01
  2.510992917892D+01  2.500189942779D+01  2.489076066472D+01  2.477654159791D+01
  2.465927578871D+01  2.453900423821D+01  2.441577282839D+01  2.428963483844D+01
  2.416064830957D+01  2.402887847992D+01  2.389439506421D+01  2.375727459806D+01
  2.361759762288D+01  2.347545093152D+01  2.333092465084D+01  2.318411438208D+01
  2.303511817559D+01  2.288403856145D+01  2.273097941353D+01  2.257604786902D+01
  2.241935108237D+01  2.226099803665D+01  2.210109619263D+01  2.193975320041D+01
  2.177707345568D+01  2.161315972784D+01  2.144810964487D+01  2.128201726560D+01
  2.111496952823D+01  2.094704781099D+01  2.077832439954D+01  2.060886410422D+01
  2.043872083027D+01  2.026793935377D+01  2.009655211760D+01  1.992458131237D+01
  1.975203606905D+01  1.957891504045D+01  1.940520420857D+01  1.923088020087D+01
  1.905590895140D+01  1.888024997807D+01  1.870385608550D+01  1.852667871956D+01
  1.834866871617D+01  1.816978258190D+01  1.798998394078D+01  1.780925016712D+01
  1.762757372401D+01  1.744496813590D+01  1.726146806828D+01  1.707713346040D+01
  1.689204727779D+01  1.670631700006D+01  1.652006963802D+01  1.633345065198D+01
  1.614661680937D+01  1.595973354893D+01  1.577296700593D+01  1.558648129137D+01
  1.540043111852D+01  1.521496024283D+01  1.503019564195D+01  1.484624772579D+01
  1.466320634030D+01  1.448114272258D+01  1.430010707521D+01  1.412013185939D+01
  1.394123044903D+01  1.376340124592D+01  1.358662691498D+01  1.341087886825D+01
  1.323611668895D+01  1.306229265810D+01  1.288935110615D+01  1.271723278015D+01
  1.254587397269D+01  1.237521062268D+01  1.220517714992D+01  1.203571024600D+01
  1.186674739256D+01  1.169823033689D+01  1.153010330077D+01  1.136231615637D+01
  1.119482234759D+01  1.102758179217D+01  1.086055854390D+01  1.069372345049D+01
  1.052705158641D+01  1.036052469543D+01  1.019412842157D+01  1.002785456168D+01
  9.861698117068D+00  9.695659375357D+00  9.529740798195D+00  9.363948943317D+00
  9.198291194564D+00  9.032777525095D+00  8.867417065411D+00  8.702219698133D+00
  8.537192449693D+00  8.372340898247D+00  8.207665369410D+00  8.043162135500D+00
  7.878819397233D+00  7.714618329597D+00  7.550528633177D+00  7.386509690744D+00
  7.222505734010D+00
Vac0 POTENTIAL                      exc: Vosko,Wilk,Nusair      
  2.20033126  6.33750000  2.17664358
   0.00000
   2.40560   0.9811566540   0.9240453164
353
 0.25000000D-01 0.36265835D-03
 0 1
  8.824989895548D-01  8.824698287065D-01  8.824391679157D-01  8.824302548922D-01
  8.824252611685D-01  8.824230230829D-01  8.824212072581D-01  8.824209780861D-01
  8.824206716590D-01  8.824217148523D-01  8.824225690078D-01  8.824247304045D-01
  8.824267040099D-01  8.824300169810D-01  8.824331987906D-01  8.824377980007D-01
  8.824423643620D-01  8.824484669090D-01  8.824546769736D-01  8.824625870145D-01
  8.824707943924D-01  8.824809207989D-01  8.824915967712D-01  8.825044819150D-01
  8.825182502781D-01  8.825346115934D-01  8.825522977849D-01  8.825730855712D-01
  8.825957845320D-01  8.826222615674D-01  8.826514311188D-01  8.826852821595D-01
  8.827228714126D-01  8.827663538593D-01  8.828149801305D-01  8.828711318412D-01
  8.829343223689D-01  8.830071235773D-01  8.830816632789D-01  8.831148249553D-01
  8.830852610607D-01  8.830579906884D-01  8.830313984147D-01  8.830068879886D-01
  8.829828634953D-01  8.829607459978D-01  8.829389549908D-01  8.829189252776D-01
  8.828990886465D-01  8.828808909233D-01  8.828627737943D-01  8.828461920092D-01
  8.828295953045D-01  8.828144457109D-01  8.827991995668D-01  8.827853248941D-01
  8.827712834815D-01  8.827585483202D-01  8.827455857315D-01  8.827338728537D-01
  8.827218798049D-01  8.827110872018D-01  8.826999683646D-01  8.826900068501D-01
  8.826796786873D-01  8.826704699294D-01  8.826608589154D-01  8.826523338332D-01
  8.826433749922D-01  8.826354724150D-01  8.826271081068D-01  8.826197736644D-01
  8.826119525628D-01  8.826051377629D-01  8.825978140111D-01  8.825914754532D-01
  8.825846079410D-01  8.825787066540D-01  8.825722584121D-01  8.825667592977D-01
  8.825606969764D-01  8.825555683251D-01  8.825498617542D-01  8.825450748364D-01
  8.825396966396D-01  8.825352253523D-01  8.825301506202D-01  8.825259711788D-01
  8.825211771849D-01  8.825172678570D-01  8.825127338069D-01  8.825090746823D-01
  8.825047814980D-01  8.825013542832D-01  8.824972844124D-01  8.824940722527D-01
  8.824902094993D-01  8.824871968215D-01  8.824835261986D-01  8.824806985682D-01
  8.824772061640D-01  8.824745501628D-01  8.824712230229D-01  8.824687261339D-01
  8.824655521543D-01  8.824632026621D-01  8.824601704930D-01  8.824579573910D-01
  8.824550563486D-01  8.824529692560D-01  8.824501892414D-01  8.824482183239D-01
  8.824455497506D-01  8.824436856502D-01  8.824411193729D-01  8.824393531413D-01
  8.824368803914D-01  8.824352034255D-01  8.824328157502D-01  8.824312197320D-01
  8.824289089350D-01  8.824273857749D-01  8.824251438588D-01  8.824236856381D-01
  8.824215047491D-01  8.824201036656D-01  8.824179760391D-01  8.824166243514D-01
  8.824145422558D-01  8.824132322290D-01  8.824111879116D-01  8.824099117609D-01
  8.824078973907D-01  8.824066472246D-01  8.824046548348D-01  8.824034225958D-01
  8.824014440234D-01  8.824002214268D-01  8.823982482493D-01  8.823970267186D-01
  8.823950501881D-01  8.823938207868D-01  8.823918317594D-01  8.823905851175D-01
  8.823885739785D-01  8.823873002159D-01  8.823852567985D-01  8.823839454408D-01
  8.823818589401D-01  8.823804988278D-01  8.823783577063D-01  8.823769368983D-01
  8.823747287839D-01  8.823732344500D-01  8.823709460255D-01  8.823693643309D-01
  8.823669812127D-01  8.823652971918D-01  8.823628037974D-01  8.823610012147D-01
  8.823583806181D-01  8.823564418170D-01  8.823536755893D-01  8.823515813256D-01
  8.823486493610D-01  8.823463786192D-01  8.823432589427D-01  8.823407887358D-01
  8.823374572927D-01  8.823347624397D-01  8.823311928625D-01  8.823282457456D-01
  8.823244090984D-01  8.823211793935D-01  8.823170438901D-01  8.823134982709D-01
  8.823090289632D-01  8.823051307741D-01  8.823002892092D-01  8.822959981052D-01
  8.822907419466D-01  8.822860134953D-01  8.822802961049D-01  8.822750813475D-01
  8.822688513244D-01  8.822630962905D-01  8.822562969613D-01  8.822499421340D-01
  8.822425109904D-01  8.822354907146D-01  8.822273587919D-01  8.822196006218D-01
  8.822106918124D-01  8.822021157894D-01  8.821923460850D-01  8.821828639414D-01
  8.821721405947D-01  8.821616548728D-01  8.821498754725D-01  8.821382785519D-01
  8.821253299998D-01  8.821125030221D-01  8.820982604032D-01  8.820840720846D-01
  8.820683974182D-01  8.820527027365D-01  8.820354435963D-01  8.820180823403D-01
  8.819990703295D-01  8.819798654957D-01  8.819589145616D-01  8.819376705825D-01
  8.819145751536D-01  8.818910759392D-01  8.818656088663D-01  8.818396156400D-01
  8.818115259211D-01  8.817827748270D-01  8.817517850918D-01  8.817199845508D-01
  8.816857882809D-01  8.816506160674D-01  8.816128745230D-01  8.815739745344D-01
  8.815323133577D-01  8.814892920427D-01  8.814432975025D-01  8.813957199129D-01
  8.813449347535D-01  8.812923201797D-01  8.812362390317D-01  8.811780561770D-01
  8.811161204837D-01  8.810517821298D-01  8.809833745375D-01  8.809122316459D-01
  8.808366698018D-01  8.807580049919D-01  8.806745346858D-01  8.805875550234D-01
  8.804953426047D-01  8.803991716274D-01  8.802972956182D-01  8.801909645158D-01
  8.800784063368D-01  8.799608441976D-01  8.798364779093D-01  8.797065009315D-01
  8.795690818879D-01  8.794253814453D-01  8.792735337412D-01  8.791146631802D-01
  8.789468657638D-01  8.787712257954D-01  8.785857971015D-01  8.783916196357D-01
  8.781867005797D-01  8.779720308344D-01  8.777455659885D-01  8.775082426847D-01
  8.772579594396D-01  8.769955928728D-01  8.767189783622D-01  8.764289261188D-01
  8.761232016610D-01  8.758025417175D-01  8.754646344996D-01  8.751101354137D-01
  8.747366471087D-01  8.743447349766D-01  8.739319069492D-01  8.734986287623D-01
  8.730423034736D-01  8.725632864626D-01  8.720588646371D-01  8.715292711380D-01
  8.709716641972D-01  8.703861415121D-01  8.697697187128D-01  8.691223433663D-01
  8.684408730044D-01  8.677250887109D-01  8.669716726559D-01  8.661802212113D-01
  8.653472219286D-01  8.644720661189D-01  8.635510252004D-01  8.625832626700D-01
  8.615648097319D-01  8.604945765748D-01  8.593683271791D-01  8.581846897941D-01
  8.569391308023D-01  8.556299642716D-01  8.542523247286D-01  8.528041756345D-01
  8.512802808884D-01  8.496782120409D-01  8.479923183093D-01  8.462197322992D-01
  8.443543382626D-01  8.423927760432D-01  8.403284072428D-01  8.381573170338D-01
  8.358722778185D-01  8.334687484606D-01  8.309388349145D-01  8.282772863110D-01
  8.254754518992D-01  8.225272732707D-01  8.194232367827D-01  8.161563610138D-01
  8.127161436164D-01  8.090945428503D-01  8.052799175329D-01  8.012630011830D-01
  7.970308333786D-01  7.925727246463D-01  7.878741770811D-01  7.829228376088D-01
  7.777024051445D-01  7.721985692094D-01  7.663929001697D-01  7.602687693671D-01
  7.538052180426D-01  7.469828540921D-01  7.397776940884D-01  7.321670304336D-01
  7.241232393723D-01  7.156196106083D-01  7.066241122624D-01  6.971051728491D-01
  6.870253916739D-01  6.763472603106D-01  6.650268038302D-01  6.530192254661D-01
  6.402724602017D-01  6.267327220458D-01  6.123379467976D-01  5.970232162399D-01
  5.807140613737D-01  5.633317320045D-01  5.447863256372D-01  5.249818649459D-01
  5.038092117048D-01  4.811509084477D-01  4.568738383051D-01  4.308337780670D-01
  4.028677579175D-01  3.727985092293D-01  3.404257908409D-01  3.055313935265D-01
  2.678696824839D-01
Vac0 POTENTIAL                      exc: Vosko,Wilk,Nusair      
  1.68057905  6.33750000  1.68945972
   0.00000
   1.96292   0.9811566540   0.9240453164
353
 0.25000000D-01 0.29592158D-03
 0 1
  6.706219244962D-01  6.705787437611D-01  6.705340336652D-01  6.705204818396D-01
  6.705129666313D-01  6.705084802241D-01  6.705049531076D-01  6.705027377289D-01
  6.705007183326D-01  6.704996157519D-01  6.704984856373D-01  6.704981394225D-01
  6.704976855133D-01  6.704979686757D-01  6.704981199634D-01  6.704990006021D-01
  6.704997543863D-01  6.705012531192D-01  6.705026499381D-01  6.705048253039D-01
  6.705069408322D-01  6.705098856014D-01  6.705128302250D-01  6.705166734403D-01
  6.705205963855D-01  6.705255094210D-01  6.705306066377D-01  6.705368129390D-01
  6.705433388204D-01  6.705511277822D-01  6.705594114716D-01  6.705691574938D-01
  6.705796250275D-01  6.705918132068D-01  6.706050173434D-01  6.706202780321D-01
  6.706369378826D-01  6.706560700457D-01  6.706752691779D-01  6.706825766295D-01
  6.706730312068D-01  6.706644081754D-01  6.706558106437D-01  6.706480681168D-01
  6.706402899001D-01  6.706333110000D-01  6.706262456166D-01  6.706199331216D-01
  6.706134916249D-01  6.706077640059D-01  6.706018715192D-01  6.705966598817D-01
  6.705912529107D-01  6.705864986416D-01  6.705815229926D-01  6.705771759015D-01
  6.705725850255D-01  6.705686018834D-01  6.705643555759D-01  6.705606989415D-01
  6.705567622891D-01  6.705533995683D-01  6.705497421026D-01  6.705466447838D-01
  6.705432397942D-01  6.705403828197D-01  6.705372067819D-01  6.705345680439D-01
  6.705316001545D-01  6.705291600611D-01  6.705263818540D-01  6.705241229789D-01
  6.705215179932D-01  6.705194247806D-01  6.705169782990D-01  6.705150368083D-01
  6.705127356200D-01  6.705109333213D-01  6.705087655301D-01  6.705070911192D-01
  6.705050459760D-01  6.705034892244D-01  6.705015569860D-01  6.705001086058D-01
  6.704982804124D-01  6.704969319439D-01  6.704951997113D-01  6.704939434243D-01
  6.704922997543D-01  6.704911285607D-01  6.704895666568D-01  6.704884740366D-01
  6.704869876376D-01  6.704859675709D-01  6.704845508854D-01  6.704835977950D-01
  6.704822454461D-01  6.704813541445D-01  6.704800611222D-01  6.704792267642D-01
  6.704779883781D-01  6.704772064200D-01  6.704760182616D-01  6.704752844204D-01
  6.704741423246D-01  6.704734525447D-01  6.704723525573D-01  6.704717029772D-01
  6.704706413227D-01  6.704700282450D-01  6.704690012967D-01  6.704684211599D-01
  6.704674254134D-01  6.704668747640D-01  6.704659068105D-01  6.704653822767D-01
  6.704644387764D-01  6.704639370446D-01  6.704630147025D-01  6.704625324901D-01
  6.704616280309D-01  6.704611620630D-01  6.704602722060D-01  6.704598191903D-01
  6.704589406244D-01  6.704584972254D-01  6.704576265840D-01  6.704571893970D-01
  6.704563232312D-01  6.704558887556D-01  6.704550235066D-01  6.704545881180D-01
  6.704537200877D-01  6.704532800077D-01  6.704524053292D-01  6.704519565938D-01
  6.704510711982D-01  6.704506096247D-01  6.704497092063D-01  6.704492303570D-01
  6.704483103360D-01  6.704478094788D-01  6.704468649609D-01  6.704463370281D-01
  6.704453627607D-01  6.704448023027D-01  6.704437926266D-01  6.704431937622D-01
  6.704421425606D-01  6.704414989229D-01  6.704403995639D-01  6.704397042404D-01
  6.704385495150D-01  6.704377949831D-01  6.704365770371D-01  6.704357550925D-01
  6.704344653515D-01  6.704335670293D-01  6.704321961167D-01  6.704312116057D-01
  6.704297492519D-01  6.704286677995D-01  6.704271027425D-01  6.704259125498D-01
  6.704242324255D-01  6.704229205327D-01  6.704211117536D-01  6.704196639125D-01
  6.704177115347D-01  6.704161120690D-01  6.704139996449D-01  6.704122312951D-01
  6.704099407114D-01  6.704079844651D-01  6.704054957628D-01  6.704033306657D-01
  6.704006218432D-01  6.703982247915D-01  6.703952715858D-01  6.703926170969D-01
  6.703893927421D-01  6.703864527007D-01  6.703829276622D-01  6.703796710406D-01
  6.703758127205D-01  6.703722052691D-01  6.703679776809D-01  6.703639815868D-01
  6.703593449965D-01  6.703549185054D-01  6.703498290345D-01  6.703449260342D-01
  6.703393352212D-01  6.703339047801D-01  6.703277590960D-01  6.703217449536D-01
  6.703149852664D-01  6.703083252710D-01  6.703008862535D-01  6.702935117395D-01
  6.702853212158D-01  6.702771563164D-01  6.702681345386D-01  6.702590954254D-01
  6.702491542751D-01  6.702391483187D-01  6.702281904234D-01  6.702171152645D-01
  6.702050330220D-01  6.701927755455D-01  6.701794500444D-01  6.701658852450D-01
  6.701511850726D-01  6.701361748006D-01  6.701199547240D-01  6.701033462994D-01
  6.700854458084D-01  6.700670704882D-01  6.700473121838D-01  6.700269834679D-01
  6.700051712810D-01  6.699826830391D-01  6.699586002609D-01  6.699337246617D-01
  6.699071317661D-01  6.698796169873D-01  6.698502492231D-01  6.698198169194D-01
  6.697873816477D-01  6.697537241510D-01  6.697178979007D-01  6.696806751234D-01
  6.696411003352D-01  6.695999363461D-01  6.695562177705D-01  6.695106970070D-01
  6.694623977211D-01  6.694120607990D-01  6.693586977997D-01  6.693030368791D-01
  6.692440762080D-01  6.691825298644D-01  6.691173812140D-01  6.690493287652D-01
  6.689773395096D-01  6.689020947363D-01  6.688225433261D-01  6.687393475219D-01
  6.686514361722D-01  6.685594504513D-01  6.684622970470D-01  6.683605938264D-01
  6.682532229600D-01  6.681407765275D-01  6.680221095725D-01  6.678977856403D-01
  6.677666297559D-01  6.676291738864D-01  6.674842098340D-01  6.673322346144D-01
  6.671720032550D-01  6.670039740802D-01  6.668268614039D-01  6.666410807118D-01
  6.664453012353D-01  6.662398910196D-01  6.660234693660D-01  6.657963517714D-01
  6.655571022247D-01  6.653059780028D-01  6.650414818041D-01  6.647638063838D-01
  6.644713865060D-01  6.641643433989D-01  6.638410365035D-01  6.635015077282D-01
  6.631440329690D-01  6.627685661392D-01  6.623732904330D-01  6.619580621027D-01
  6.615209614348D-01  6.610617362417D-01  6.605783525145D-01  6.600704375935D-01
  6.595358304557D-01  6.589740245220D-01  6.583827175326D-01  6.577612539419D-01
  6.571071743263D-01  6.564196573121D-01  6.556960684514D-01  6.549354016168D-01
  6.541348272722D-01  6.532931332574D-01  6.524072723671D-01  6.514758024353D-01
  6.504954331200D-01  6.494644651816D-01  6.483793363522D-01  6.472380596809D-01
  6.460367683445D-01  6.447731529084D-01  6.434430049067D-01  6.420436528363D-01
  6.405705042994D-01  6.390204805117D-01  6.373885567560D-01  6.356711951359D-01
  6.338628830371D-01  6.319595637983D-01  6.299551728065D-01  6.278450656819D-01
  6.256225515486D-01  6.232823182331D-01  6.208169621425D-01  6.182204098568D-01
  6.154844439063D-01  6.126021199824D-01  6.095642877316D-01  6.063630026111D-01
  6.029880405899D-01  5.994303034228D-01  5.956783258606D-01  5.917216727906D-01
  5.875474371868D-01  5.831436271460D-01  5.784956523302D-01  5.735896983873D-01
  5.684091990208D-01  5.629381945857D-01  5.571577861196D-01  5.510494739973D-01
  5.445915892217D-01  5.377626068421D-01  5.305375484520D-01  5.228912635424D-01
  5.147947953979D-01  5.062186215543D-01  4.971289729967D-01  4.874910222878D-01
  4.772651429965D-01  4.664100306872D-01  4.548788856455D-01  4.426224476120D-01
  4.295850799511D-01  4.157076928434D-01  4.009237038820D-01  3.851618133211D-01
  3.683418020940D-01  3.503772831868D-01  3.311707431466D-01  3.106168057699D-01
  2.885965453373D-01
