In49 POTENTIAL                      exc: Vosko,Wilk,Nusair      
  2.31897314  6.66250000  2.29182178
  49.00000
   2.53289   0.8007055521   0.8498774371
353
 0.25000000D-01 0.38184860D-03
 9 1
    0  -1.96656160000D+03
    0  -2.87428550000D+02
    0  -5.37136240000D+01
    0  -7.39818510000D+00
    1  -2.68528840000D+02
    1  -4.59639090000D+01
    1  -4.86454470000D+00
    2  -3.15522220000D+01
    2  -7.38539920000D-01
  4.724941001913D+02  4.725211480583D+02  4.725488123526D+02  4.725770992263D+02
  4.726060175068D+02  4.726355812254D+02  4.726658001393D+02  4.726966883886D+02
  4.727282559603D+02  4.727605171302D+02  4.727934820442D+02  4.728271650800D+02
  4.728615764908D+02  4.728967307158D+02  4.729326380639D+02  4.729693129883D+02
  4.730067657967D+02  4.730450109002D+02  4.730840585419D+02  4.731239230257D+02
  4.731646144584D+02  4.732061469626D+02  4.732485304281D+02  4.732917787110D+02
  4.733359013931D+02  4.733809119686D+02  4.734268196084D+02  4.734736373366D+02
  4.735213737984D+02  4.735700414265D+02  4.736196482114D+02  4.736702058585D+02
  4.737217215598D+02  4.737742061418D+02  4.738276658377D+02  4.738821104264D+02
  4.739375450040D+02  4.739939781147D+02  4.740514135197D+02  4.741098583211D+02
  4.741693147357D+02  4.742297881849D+02  4.742912790835D+02  4.743537909371D+02
  4.744173221015D+02  4.744818738801D+02  4.745474422783D+02  4.746140260921D+02
  4.746816186575D+02  4.747502159293D+02  4.748198082251D+02  4.748903882939D+02
  4.749619430540D+02  4.750344616517D+02  4.751079271917D+02  4.751823247859D+02
  4.752576332755D+02  4.753338332700D+02  4.754108988604D+02  4.754888056474D+02
  4.755675224460D+02  4.756470193023D+02  4.757272591889D+02  4.758082060102D+02
  4.758898162884D+02  4.759720471566D+02  4.760548480353D+02  4.761381686136D+02
  4.762219505156D+02  4.763061352696D+02  4.763906559642D+02  4.764754452062D+02
  4.765604267660D+02  4.766455235242D+02  4.767306491072D+02  4.768157158223D+02
  4.769006262841D+02  4.769852813393D+02  4.770695716835D+02  4.771533857769D+02
  4.772366014532D+02  4.773190938266D+02  4.774007268941D+02  4.774813614351D+02
  4.775608466090D+02  4.776390278497D+02  4.777157384595D+02  4.777908075009D+02
  4.778640513899D+02  4.779352817872D+02  4.780042971939D+02  4.780708908454D+02
  4.781348423128D+02  4.781959254036D+02  4.782538997723D+02  4.783085188322D+02
  4.783595213804D+02  4.784066395254D+02  4.784495903314D+02  4.784880837679D+02
  4.785218143788D+02  4.785504692601D+02  4.785737197614D+02  4.785912294981D+02
  4.786026460920D+02  4.786076092264D+02  4.786057424341D+02  4.785966612030D+02
  4.785799648198D+02  4.785552445360D+02  4.785220754761D+02  4.784800248728D+02
  4.784286440497D+02  4.783674767351D+02  4.782960511296D+02  4.782138883082D+02
  4.781204943814D+02  4.780153689967D+02  4.778979976033D+02  4.777678600607D+02
  4.776244230166D+02  4.774671486322D+02  4.772954870801D+02  4.771088853942D+02
  4.769067800946D+02  4.766886061668D+02  4.764537898186D+02  4.762017575925D+02
  4.759319292558D+02  4.756437270464D+02  4.753365686949D+02  4.750098768002D+02
  4.746630719782D+02  4.742955823583D+02  4.739068368484D+02  4.734962747394D+02
  4.730633390687D+02  4.726074863128D+02  4.721281798270D+02  4.716248995981D+02
  4.710971357289D+02  4.705443982169D+02  4.699662104436D+02  4.693621189352D+02
  4.687316868086D+02  4.680745034617D+02  4.673901779189D+02  4.666783483883D+02
  4.659386754408D+02  4.651708513639D+02  4.643745930996D+02  4.635496513174D+02
  4.626958030292D+02  4.618128602979D+02  4.609006624450D+02  4.599590843083D+02
  4.589880279568D+02  4.579874304144D+02  4.569572548024D+02  4.558974974550D+02
  4.548081784230D+02  4.536893479235D+02  4.525410761685D+02  4.513634591209D+02
  4.501566076343D+02  4.489206525475D+02  4.476557331872D+02  4.463620018813D+02
  4.450396119546D+02  4.436887218345D+02  4.423094827655D+02  4.409020427908D+02
  4.394665345329D+02  4.380030794630D+02  4.365117762258D+02  4.349927057420D+02
  4.334459206820D+02  4.318714520539D+02  4.302693005101D+02  4.286394451091D+02
  4.269818371144D+02  4.252964115156D+02  4.235830837749D+02  4.218417643756D+02
  4.200723585287D+02  4.182747834396D+02  4.164489702879D+02  4.145948831083D+02
  4.127125215088D+02  4.108019392236D+02  4.088632452922D+02  4.068966197875D+02
  4.049023109060D+02  4.028806454689D+02  4.008320198872D+02  3.987569039786D+02
  3.966558251094D+02  3.945293655069D+02  3.923781406736D+02  3.902027921596D+02
  3.880039629435D+02  3.857822888828D+02  3.835383745533D+02  3.812727868740D+02
  3.789860346556D+02  3.766785671974D+02  3.743507597345D+02  3.720029185012D+02
  3.696352728539D+02  3.672479868878D+02  3.648411577028D+02  3.624148325159D+02
  3.599690116000D+02  3.575036691165D+02  3.550187587486D+02  3.525142361691D+02
  3.499900652488D+02  3.474462400731D+02  3.448827897221D+02  3.422997979578D+02
  3.396974048460D+02  3.370758225750D+02  3.344353326009D+02  3.317762964897D+02
  3.290991477420D+02  3.264043971078D+02  3.236926188452D+02  3.209644506107D+02
  3.182205746351D+02  3.154617130979D+02  3.126886055581D+02  3.099020016614D+02
  3.071026372086D+02  3.042912270217D+02  3.014684429753D+02  2.986349107624D+02
  2.957911938438D+02  2.929377980722D+02  2.900751651706D+02  2.872036880329D+02
  2.843237152296D+02  2.814355766154D+02  2.785395961556D+02  2.756361225369D+02
  2.727255425165D+02  2.698083068284D+02  2.668849335322D+02  2.639560193909D+02
  2.610222257765D+02  2.580842719438D+02  2.551429046963D+02  2.521988796097D+02
  2.492529245243D+02  2.463057212283D+02  2.433578758019D+02  2.404099124359D+02
  2.374622595167D+02  2.345152608749D+02  2.315691791581D+02  2.286242226879D+02
  2.256805616435D+02  2.227383642519D+02  2.197978185156D+02  2.168591702197D+02
  2.139227429775D+02  2.109889714298D+02  2.080584138785D+02  2.051317759550D+02
  2.022099121331D+02  1.992938371945D+02  1.963847148846D+02  1.934838564092D+02
  1.905926963475D+02  1.877127790108D+02  1.848457232578D+02  1.819931990483D+02
  1.791568841573D+02  1.763384346361D+02  1.735394378360D+02  1.707613819947D+02
  1.680056117135D+02  1.652733039008D+02  1.625654341745D+02  1.598827689336D+02
  1.572258535667D+02  1.545950319611D+02  1.519904667945D+02  1.494121932610D+02
  1.468601712945D+02  1.443343626776D+02  1.418347910339D+02  1.393616053249D+02
  1.369151031685D+02  1.344957391214D+02  1.321040849739D+02  1.297407812384D+02
  1.274064594913D+02  1.251016815913D+02  1.228268748231D+02  1.205823023181D+02
  1.183680384022D+02  1.161839793924D+02  1.140298532879D+02  1.119052557789D+02
  1.098096754962D+02  1.077425370077D+02  1.057032263174D+02  1.036911292885D+02
  1.017056495250D+02  9.974623745000D+01  9.781239819920D+01  9.590371078987D+01
  9.401982661339D+01  9.216048010034D+01  9.032547974069D+01  8.851471240512D+01
  8.672812917064D+01  8.496574557050D+01  8.322762441305D+01  8.151387400589D+01
  7.982462983329D+01  7.816005241338D+01  7.652030927325D+01  7.490557365187D+01
  7.331600776312D+01  7.175176312013D+01  7.021296566233D+01  6.869971809555D+01
  6.721208711835D+01  6.575010787698D+01  6.431377328006D+01  6.290304047132D+01
  6.151782207433D+01  6.015799448303D+01  5.882339081113D+01  5.751381075711D+01
  5.622901499574D+01  5.496873632048D+01  5.373267511921D+01  5.252051133718D+01
  5.133190044231D+01  5.016648544716D+01  4.902389243697D+01  4.790374160499D+01
  4.680564127931D+01  4.572919703225D+01  4.467400355045D+01  4.363965156365D+01
  4.262571776354D+01  4.163177029300D+01  4.065735720206D+01  3.970201201901D+01
  3.876524167640D+01
N_07 POTENTIAL                      exc: Vosko,Wilk,Nusair      
  1.76095821  6.66250000  1.77099661
   7.00000
   2.05765   0.8007055521   0.8498774371
353
 0.25000000D-01 0.31020338D-03
 2 1
    0  -2.69998930000D+01
    0  -4.29582100000D-01
  2.602658835204D+01  2.602697973858D+01  2.602738065915D+01  2.602781715514D+01
  2.602826959369D+01  2.602873573279D+01  2.602921437338D+01  2.602970591987D+01
  2.603020993807D+01  2.603072713615D+01  2.603125722813D+01  2.603180100670D+01
  2.603235824079D+01  2.603292976278D+01  2.603351537292D+01  2.603411593009D+01
  2.603473125825D+01  2.603536223817D+01  2.603600871473D+01  2.603667158902D+01
  2.603735072592D+01  2.603804704642D+01  2.603876043532D+01  2.603949183361D+01
  2.604024114633D+01  2.604100933495D+01  2.604179632523D+01  2.604260309972D+01
  2.604342960560D+01  2.604427684715D+01  2.604514479372D+01  2.604603447214D+01
  2.604694587468D+01  2.604788005156D+01  2.604883701884D+01  2.604981785096D+01
  2.605082258867D+01  2.605185233152D+01  2.605290714602D+01  2.605398816089D+01
  2.605509585500D+01  2.605623098485D+01  2.605739367104D+01  2.605858509431D+01
  2.605980540362D+01  2.606105580855D+01  2.606233648737D+01  2.606364867949D+01
  2.606499259346D+01  2.606636949947D+01  2.606777963735D+01  2.606922430905D+01
  2.607070378662D+01  2.607221940471D+01  2.607377146855D+01  2.607536134644D+01
  2.607698937772D+01  2.607865696522D+01  2.608036448328D+01  2.608211337017D+01
  2.608390403606D+01  2.608573795548D+01  2.608761557524D+01  2.608953840690D+01
  2.609150693465D+01  2.609352270778D+01  2.609558624854D+01  2.609769914453D+01
  2.609986195665D+01  2.610207631135D+01  2.610434280861D+01  2.610666311416D+01
  2.610903786737D+01  2.611146877353D+01  2.611395651161D+01  2.611650282652D+01
  2.611910843687D+01  2.612177512714D+01  2.612450365537D+01  2.612729584532D+01
  2.613015249409D+01  2.613307546417D+01  2.613606559106D+01  2.613912477519D+01
  2.614225388949D+01  2.614545487124D+01  2.614872862953D+01  2.615207713701D+01
  2.615550133726D+01  2.615900323646D+01  2.616258381063D+01  2.616624509717D+01
  2.616998810198D+01  2.617381489087D+01  2.617772649658D+01  2.618172500998D+01
  2.618581148696D+01  2.618998803950D+01  2.619425574232D+01  2.619861672384D+01
  2.620307207256D+01  2.620762392790D+01  2.621227338632D+01  2.621702259193D+01
  2.622187264241D+01  2.622682567931D+01  2.623188279380D+01  2.623704611662D+01
  2.624231672359D+01  2.624769672524D+01  2.625318717198D+01  2.625879014344D+01
  2.626450665330D+01  2.627033873825D+01  2.627628736240D+01  2.628235450591D+01
  2.628854106897D+01  2.629484895998D+01  2.630127899907D+01  2.630783300585D+01
  2.631451170238D+01  2.632131680046D+01  2.632824890406D+01  2.633530959598D+01
  2.634249933981D+01  2.634981956594D+01  2.635727057284D+01  2.636485361250D+01
  2.637256879101D+01  2.638041715325D+01  2.638839858282D+01  2.639651388594D+01
  2.640476269055D+01  2.641314552949D+01  2.642166173874D+01  2.643031153966D+01
  2.643909393646D+01  2.644800879744D+01  2.645705475152D+01  2.646623126855D+01
  2.647553655478D+01  2.648496963221D+01  2.649452823293D+01  2.650421087740D+01
  2.651401476776D+01  2.652393786487D+01  2.653397678052D+01  2.654412885328D+01
  2.655439003950D+01  2.656475698795D+01  2.657522492953D+01  2.658578975075D+01
  2.659644588209D+01  2.660718837018D+01  2.661801076497D+01  2.662890719050D+01
  2.663987023085D+01  2.665089299959D+01  2.666196702442D+01  2.667308431537D+01
  2.668423524818D+01  2.669541063125D+01  2.670659958778D+01  2.671779162160D+01
  2.672897449814D+01  2.674013630920D+01  2.675126335282D+01  2.676234219717D+01
  2.677335755953D+01  2.678429436930D+01  2.679513564635D+01  2.680586456341D+01
  2.681646232394D+01  2.682691022418D+01  2.683718753080D+01  2.684727354294D+01
  2.685714546999D+01  2.686678049395D+01  2.687615364773D+01  2.688523987831D+01
  2.689401192598D+01  2.690244238883D+01  2.691050160349D+01  2.691815971142D+01
  2.692538454191D+01  2.693214368080D+01  2.693840235632D+01  2.694412551111D+01
  2.694927569169D+01  2.695381512451D+01  2.695770361002D+01  2.696090060367D+01
  2.696336311544D+01  2.696504779689D+01  2.696590884720D+01  2.696590010730D+01
  2.696497297357D+01  2.696307850025D+01  2.696016532195D+01  2.695618176554D+01
  2.695107378281D+01  2.694478707306D+01  2.693726502718D+01  2.692845086229D+01
  2.691828557849D+01  2.690671010687D+01  2.689366328026D+01  2.687908399582D+01
  2.686290920102D+01  2.684507607199D+01  2.682552001590D+01  2.680417686619D+01
  2.678098090218D+01  2.675586706212D+01  2.672876898090D+01  2.669962122143D+01
  2.666835733099D+01  2.663491209128D+01  2.659921959351D+01  2.656121550705D+01
  2.652083517299D+01  2.647801589086D+01  2.643269502972D+01  2.638481233198D+01
  2.633430804056D+01  2.628112521795D+01  2.622520788744D+01  2.616650336488D+01
  2.610496041106D+01  2.604053157288D+01  2.597317134315D+01  2.590283850696D+01
  2.582949430426D+01  2.575310477631D+01  2.567363892544D+01  2.559107105548D+01
  2.550537892219D+01  2.541654606062D+01  2.532455991869D+01  2.522941416353D+01
  2.513110678980D+01  2.502964239629D+01  2.492503025972D+01  2.481728657205D+01
  2.470643247004D+01  2.459249622315D+01  2.447551120851D+01  2.435551803908D+01
  2.423256247336D+01  2.410669747396D+01  2.397798104144D+01  2.384647819200D+01
  2.371225870677D+01  2.357539901926D+01  2.343597987033D+01  2.329408809728D+01
  2.314981418678D+01  2.300325395883D+01  2.285450601181D+01  2.270367329666D+01
  2.255086045093D+01  2.239617526142D+01  2.223972588738D+01  2.208162221398D+01
  2.192197296930D+01  2.176088697628D+01  2.159847017463D+01  2.143482678632D+01
  2.127005626253D+01  2.110425438870D+01  2.093751018960D+01  2.076990701587D+01
  2.060151945965D+01  2.043241448776D+01  2.026264844825D+01  2.009226834839D+01
  1.992130907100D+01  1.974979493946D+01  1.957773731106D+01  1.940513662210D+01
  1.923198057565D+01  1.905824690317D+01  1.888390239229D+01  1.870890660346D+01
  1.853321194496D+01  1.835676848820D+01  1.817952512975D+01  1.800143539634D+01
  1.782245939219D+01  1.764257006416D+01  1.746175516310D+01  1.728002297421D+01
  1.709740313308D+01  1.691395060118D+01  1.672974419575D+01  1.654488790624D+01
  1.635950661663D+01  1.617374472783D+01  1.598775955819D+01  1.580171823218D+01
  1.561579007354D+01  1.543014325857D+01  1.524493769860D+01  1.506032278666D+01
  1.487643181037D+01  1.469338148352D+01  1.451126822595D+01  1.433016950133D+01
  1.415014173681D+01  1.397122306858D+01  1.379343240588D+01  1.361677305451D+01
  1.344123240812D+01  1.326678597644D+01  1.309339729211D+01  1.292102199992D+01
  1.274960770310D+01  1.257909789975D+01  1.240943160899D+01  1.224054704095D+01
  1.207238092639D+01  1.190487187363D+01  1.173795937819D+01  1.157158686059D+01
  1.140570036324D+01  1.124025128577D+01  1.107519479268D+01  1.091049227439D+01
  1.074610949678D+01  1.058201882084D+01  1.041819712764D+01  1.025462783008D+01
  1.009129860601D+01  9.928203233331D+00  9.765339160688D+00  9.602709192880D+00
  9.440318923243D+00  9.278178289949D+00  9.116298886904D+00  8.954695403370D+00
  8.793382821094D+00  8.632377739846D+00  8.471695458092D+00  8.311351176360D+00
  8.151356948265D+00  7.991722743766D+00  7.832453249822D+00  7.673548769311D+00
  7.515001847583D+00  7.356798034714D+00  7.198912165295D+00  7.041309156053D+00
  6.883939955922D+00
Vac0 POTENTIAL                      exc: Vosko,Wilk,Nusair      
  2.31897314  6.66250000  2.29182178
   0.00000
   2.53289   0.8007055521   0.8498774371
353
 0.25000000D-01 0.38184860D-03
 0 1
  7.879439684422D-01  7.879191938567D-01  7.878929741251D-01  7.878854783540D-01
  7.878811930929D-01  7.878794554214D-01  7.878779424676D-01  7.878779805071D-01
  7.878778193595D-01  7.878790100959D-01  7.878799099894D-01  7.878821296384D-01
  7.878840637871D-01  7.878873496518D-01  7.878904030071D-01  7.878948794391D-01
  7.878992121318D-01  7.879050741447D-01  7.879109170353D-01  7.879184337552D-01
  7.879260977939D-01  7.879356266885D-01  7.879455217364D-01  7.879575320932D-01
  7.879701952224D-01  7.879853017735D-01  7.880014369465D-01  7.880204464429D-01
  7.880409790666D-01  7.880649540982D-01  7.880911056203D-01  7.881214518580D-01
  7.881548418344D-01  7.881934274571D-01  7.882362133871D-01  7.882855328891D-01
  7.883406002850D-01  7.884038994203D-01  7.884684038588D-01  7.884957997128D-01
  7.884678918203D-01  7.884422442275D-01  7.884171368072D-01  7.883940901792D-01
  7.883714026077D-01  7.883506110379D-01  7.883300282583D-01  7.883112041624D-01
  7.882924631281D-01  7.882753654341D-01  7.882582447895D-01  7.882426698849D-01
  7.882269820196D-01  7.882127567414D-01  7.881983415732D-01  7.881853177125D-01
  7.881720378187D-01  7.881600877683D-01  7.881478244950D-01  7.881368377859D-01
  7.881254881504D-01  7.881153686576D-01  7.881048428289D-01  7.880955065081D-01
  7.880857257706D-01  7.880770988116D-01  7.880679938803D-01  7.880600111897D-01
  7.880515208466D-01  7.880441247841D-01  7.880361947142D-01  7.880293340547D-01
  7.880219158999D-01  7.880155449546D-01  7.880085955101D-01  7.880026733877D-01
  7.879961539244D-01  7.879906439113D-01  7.879845196005D-01  7.879793886355D-01
  7.879736280607D-01  7.879688462736D-01  7.879634210169D-01  7.879589613462D-01
  7.879538456251D-01  7.879496834877D-01  7.879448538438D-01  7.879409668413D-01
  7.879364018747D-01  7.879327695461D-01  7.879284496782D-01  7.879250532800D-01
  7.879209605542D-01  7.879177828678D-01  7.879139007643D-01  7.879109259304D-01
  7.879072392111D-01  7.879044525783D-01  7.879009471463D-01  7.878983351410D-01
  7.878949979160D-01  7.878925479227D-01  7.878893667283D-01  7.878870669861D-01
  7.878840304515D-01  7.878818699561D-01  7.878789674244D-01  7.878769358449D-01
  7.878741572903D-01  7.878722448883D-01  7.878695808415D-01  7.878677783992D-01
  7.878652198774D-01  7.878635186309D-01  7.878610570731D-01  7.878594486492D-01
  7.878570758556D-01  7.878555522130D-01  7.878532602873D-01  7.878518136613D-01
  7.878495949563D-01  7.878482178042D-01  7.878460648679D-01  7.878447498162D-01
  7.878426553419D-01  7.878413951363D-01  7.878393519098D-01  7.878381393642D-01
  7.878361402140D-01  7.878349681590D-01  7.878330059054D-01  7.878318671379D-01
  7.878299345408D-01  7.878288217705D-01  7.878269114763D-01  7.878258172725D-01
  7.878239217589D-01  7.878228384934D-01  7.878209500116D-01  7.878198698002D-01
  7.878179803149D-01  7.878168949543D-01  7.878149960788D-01  7.878138969814D-01
  7.878119799086D-01  7.878108580309D-01  7.878089134615D-01  7.878077592279D-01
  7.878057772899D-01  7.878045805111D-01  7.878025506754D-01  7.878013004588D-01
  7.877992114460D-01  7.877978961001D-01  7.877957357796D-01  7.877943427079D-01
  7.877920979887D-01  7.877906135754D-01  7.877882702857D-01  7.877866797698D-01
  7.877842225253D-01  7.877825098637D-01  7.877799219238D-01  7.877780696391D-01
  7.877753327489D-01  7.877733217649D-01  7.877704159810D-01  7.877682254392D-01
  7.877651289386D-01  7.877627359988D-01  7.877594248684D-01  7.877568044871D-01
  7.877532524918D-01  7.877503771785D-01  7.877465555061D-01  7.877433950558D-01
  7.877392720344D-01  7.877357932314D-01  7.877313340195D-01  7.877275003107D-01
  7.877226665539D-01  7.877184376889D-01  7.877131871418D-01  7.877085187755D-01
  7.877028048834D-01  7.876976481368D-01  7.876914195751D-01  7.876857205507D-01
  7.876789207153D-01  7.876726199620D-01  7.876651864071D-01  7.876582183289D-01
  7.876500821454D-01  7.876423743485D-01  7.876334594776D-01  7.876249320490D-01
  7.876151545243D-01  7.876057192349D-01  7.875949863444D-01  7.875845457681D-01
  7.875727551286D-01  7.875612016696D-01  7.875482402040D-01  7.875354550215D-01
  7.875211978285D-01  7.875070496484D-01  7.874913587533D-01  7.874757025557D-01
  7.874584255303D-01  7.874411010976D-01  7.874220695347D-01  7.874028998486D-01
  7.873819276758D-01  7.873607171446D-01  7.873375987613D-01  7.873141312607D-01
  7.872886394780D-01  7.872626761860D-01  7.872345599508D-01  7.872058369543D-01
  7.871748188326D-01  7.871430444822D-01  7.871088178780D-01  7.870736698630D-01
  7.870358959438D-01  7.869970180604D-01  7.869553223582D-01  7.869123209355D-01
  7.868662895895D-01  7.868187295394D-01  7.867679051427D-01  7.867153055920D-01
  7.866591825990D-01  7.866010120613D-01  7.865390317106D-01  7.864747027471D-01
  7.864062474478D-01  7.863351107647D-01  7.862594978892D-01  7.861808358101D-01
  7.860973108300D-01  7.860103300782D-01  7.859180589739D-01  7.858218826897D-01
  7.857199435557D-01  7.856136024681D-01  7.855009762280D-01  7.853833988896D-01
  7.852589590260D-01  7.851289610111D-01  7.849914622043D-01  7.848477341587D-01
  7.846957997166D-01  7.845368941355D-01  7.843690020849D-01  7.841933186814D-01
  7.840077863755D-01  7.838135558868D-01  7.836085229684D-01  7.833937892304D-01
  7.831671987698D-01  7.829297988699D-01  7.826793764804D-01  7.824169187788D-01
  7.821401494843D-01  7.818499892664D-01  7.815440918739D-01  7.812233043728D-01
  7.808852030701D-01  7.805305535622D-01  7.801568464294D-01  7.797647570735D-01
  7.793516811568D-01  7.789181942040D-01  7.784615867564D-01  7.779823237103D-01
  7.774775791530D-01  7.769476954058D-01  7.763897175037D-01  7.758038519067D-01
  7.751870005802D-01  7.745392193331D-01  7.738572514480D-01  7.731409855987D-01
  7.723869889726D-01  7.715949647115D-01  7.707612844590D-01  7.698854452593D-01
  7.689636014509D-01  7.679950209455D-01  7.669756163758D-01  7.659044006622D-01
  7.647770173039D-01  7.635921951223D-01  7.623452775635D-01  7.610346764832D-01
  7.596554002996D-01  7.582055066562D-01  7.566796292291D-01  7.550754290636D-01
  7.533871197951D-01  7.516119174079D-01  7.497435635698D-01  7.477787734978D-01
  7.457107570345D-01  7.435356642223D-01  7.412461036553D-01  7.388375852603D-01
  7.363020353351D-01  7.336342359012D-01  7.308253356845D-01  7.278692852319D-01
  7.247563428919D-01  7.214795046668D-01  7.180280039973D-01  7.143937350396D-01
  7.105647447338D-01  7.065316478339D-01  7.022811093272D-01  6.978022490828D-01
  6.930801121591D-01  6.881020603460D-01  6.828512272210D-01  6.773128931010D-01
  6.714679208389D-01  6.652991097267D-01  6.587846069080D-01  6.519042345171D-01
  6.446328701455D-01  6.369467398799D-01  6.288167594073D-01  6.202147835222D-01
  6.111068970635D-01  6.014596087679D-01  5.912330781624D-01  5.803872381893D-01
  5.688749402711D-01  5.566479857618D-01  5.436501664965D-01  5.298231796989D-01
  5.150995353295D-01  4.994083225688D-01  4.826679482322D-01  4.647917156376D-01
  4.456803507711D-01  4.252273460784D-01  4.033112281654D-01  3.798006078218D-01
  3.545461328190D-01  3.273853597123D-01  2.981338118033D-01  2.665901364158D-01
  2.325264390072D-01
Vac0 POTENTIAL                      exc: Vosko,Wilk,Nusair      
  1.76095821  6.66250000  1.77099661
   0.00000
   2.05765   0.8007055521   0.8498774371
353
 0.25000000D-01 0.31020338D-03
 0 1
  5.909181620211D-01  5.908800756902D-01  5.908406293786D-01  5.908286805476D-01
  5.908220439525D-01  5.908180882395D-01  5.908149661001D-01  5.908130101527D-01
  5.908112141793D-01  5.908102355680D-01  5.908092191818D-01  5.908089021147D-01
  5.908084756381D-01  5.908087060850D-01  5.908088044604D-01  5.908095513563D-01
  5.908101687220D-01  5.908114461454D-01  5.908126134174D-01  5.908144672848D-01
  5.908162444726D-01  5.908187486885D-01  5.908212238695D-01  5.908244813729D-01
  5.908277734159D-01  5.908319204313D-01  5.908361846957D-01  5.908413978885D-01
  5.908468349031D-01  5.908533416615D-01  5.908602091912D-01  5.908683017389D-01
  5.908769311897D-01  5.908869855899D-01  5.908978040117D-01  5.909103056180D-01
  5.909238648672D-01  5.909394249921D-01  5.909549664890D-01  5.909604709718D-01
  5.909519816148D-01  5.909443201345D-01  5.909366733863D-01  5.909297946136D-01
  5.909228761798D-01  5.909166762208D-01  5.909103914495D-01  5.909047838834D-01
  5.908990537087D-01  5.908939660615D-01  5.908887239254D-01  5.908840949555D-01
  5.908792844167D-01  5.908750620224D-01  5.908706349041D-01  5.908667744711D-01
  5.908626893957D-01  5.908591524952D-01  5.908553737235D-01  5.908521270731D-01
  5.908486235718D-01  5.908456381958D-01  5.908423828792D-01  5.908396334323D-01
  5.908366025549D-01  5.908340667675D-01  5.908312394177D-01  5.908288976305D-01
  5.908262553184D-01  5.908240901197D-01  5.908216164265D-01  5.908196123247D-01
  5.908172926208D-01  5.908154357858D-01  5.908132569863D-01  5.908115350285D-01
  5.908094853902D-01  5.908078871695D-01  5.908059561169D-01  5.908044715851D-01
  5.908026495637D-01  5.908012696281D-01  5.907995479762D-01  5.907982643806D-01
  5.907966352222D-01  5.907954404460D-01  5.907938965955D-01  5.907927837674D-01
  5.907913186480D-01  5.907902814665D-01  5.907888890363D-01  5.907879217069D-01
  5.907865964004D-01  5.907856935708D-01  5.907844302399D-01  5.907835869524D-01
  5.907823808175D-01  5.907815924619D-01  5.907804390690D-01  5.907797013373D-01
  5.907785965183D-01  5.907779053720D-01  5.907768452074D-01  5.907761968393D-01
  5.907751776274D-01  5.907745684328D-01  5.907735866585D-01  5.907730132052D-01
  5.907720655122D-01  5.907715245138D-01  5.907706076794D-01  5.907700959702D-01
  5.907692068795D-01  5.907687213902D-01  5.907678570131D-01  5.907673947473D-01
  5.907665521160D-01  5.907661101278D-01  5.907652863137D-01  5.907648616866D-01
  5.907640537790D-01  5.907636436024D-01  5.907628486857D-01  5.907624500335D-01
  5.907616651656D-01  5.907612750739D-01  5.907604972629D-01  5.907601127067D-01
  5.907593388878D-01  5.907589567561D-01  5.907581837671D-01  5.907578008395D-01
  5.907570253946D-01  5.907566383137D-01  5.907558569769D-01  5.907554622210D-01
  5.907546713772D-01  5.907542652296D-01  5.907534610532D-01  5.907530395714D-01
  5.907522179935D-01  5.907517769732D-01  5.907509336457D-01  5.907504685845D-01
  5.907495988403D-01  5.907491048968D-01  5.907482037086D-01  5.907476756578D-01
  5.907467375912D-01  5.907461697768D-01  5.907451889402D-01  5.907445752214D-01
  5.907435452105D-01  5.907428789042D-01  5.907417927416D-01  5.907410665594D-01
  5.907399166278D-01  5.907391226057D-01  5.907379005755D-01  5.907370299977D-01
  5.907357267458D-01  5.907347700601D-01  5.907333755820D-01  5.907323223072D-01
  5.907308256192D-01  5.907296642423D-01  5.907280532743D-01  5.907267711385D-01
  5.907250326152D-01  5.907236157944D-01  5.907217351051D-01  5.907201682674D-01
  5.907181293213D-01  5.907163955773D-01  5.907141806445D-01  5.907122613801D-01
  5.907098509160D-01  5.907077256075D-01  5.907050980588D-01  5.907027440694D-01
  5.906998756594D-01  5.906972680140D-01  5.906941325066D-01  5.906912436426D-01
  5.906878120804D-01  5.906846115734D-01  5.906808519892D-01  5.906773062494D-01
  5.906731833468D-01  5.906692552835D-01  5.906647300849D-01  5.906603787357D-01
  5.906554081922D-01  5.906505883142D-01  5.906451248754D-01  5.906397864922D-01
  5.906337776306D-01  5.906278655323D-01  5.906212532174D-01  5.906147064078D-01
  5.906074265255D-01  5.906001776118D-01  5.905921593218D-01  5.905841338393D-01
  5.905752988659D-01  5.905664145317D-01  5.905566763791D-01  5.905468422679D-01
  5.905361053532D-01  5.905252209853D-01  5.905133796805D-01  5.905013340145D-01
  5.904882715866D-01  5.904749419056D-01  5.904605293461D-01  5.904457800264D-01
  5.904298747563D-01  5.904135559063D-01  5.903960003454D-01  5.903779463009D-01
  5.903585662853D-01  5.903385939459D-01  5.903171969790D-01  5.902951039686D-01
  5.902714772869D-01  5.902470399203D-01  5.902209483552D-01  5.901939193893D-01
  5.901651030020D-01  5.901352091494D-01  5.901033806165D-01  5.900703197953D-01
  5.900351615169D-01  5.899985998100D-01  5.899597607114D-01  5.899193290030D-01
  5.898764209975D-01  5.898317112524D-01  5.897843053284D-01  5.897348664769D-01
  5.896824883690D-01  5.896278217537D-01  5.895699471539D-01  5.895095014922D-01
  5.894455507504D-01  5.893787165597D-01  5.893080488197D-01  5.892341522485D-01
  5.891560589570D-01  5.890743549555D-01  5.889880526774D-01  5.888977174378D-01
  5.888023399013D-01  5.887024624865D-01  5.885970517733D-01  5.884866248464D-01
  5.883701216346D-01  5.882480311884D-01  5.881192639427D-01  5.879842779207D-01
  5.878419509123D-01  5.876927065961D-01  5.875353866237D-01  5.873703766502D-01
  5.871964783142D-01  5.870140351669D-01  5.868218045356D-01  5.866200833387D-01
  5.864075798207D-01  5.861845392401D-01  5.859496154598D-01  5.857029964940D-01
  5.854432759370D-01  5.851705783516D-01  5.848834305187D-01  5.845818866478D-01
  5.842643994246D-01  5.839309450238D-01  5.835798939301D-01  5.832111357280D-01
  5.828229496692D-01  5.824151292113D-01  5.819858522998D-01  5.815348056241D-01
  5.810600545783D-01  5.805611671973D-01  5.800360837543D-01  5.794842403356D-01
  5.789034380271D-01  5.782929660784D-01  5.776504706224D-01  5.769750773724D-01
  5.762642598101D-01  5.755169613493D-01  5.747304629162D-01  5.739035045019D-01
  5.730331520472D-01  5.721179182901D-01  5.711546288507D-01  5.701415422648D-01
  5.690752151432D-01  5.679536212612D-01  5.667730156434D-01  5.655310525509D-01
  5.642236483126D-01  5.628480980200D-01  5.613999368881D-01  5.598760554261D-01
  5.582715590635D-01  5.565828815126D-01  5.548046423377D-01  5.529327581591D-01
  5.509612977663D-01  5.488855907316D-01  5.466990795732D-01  5.443964252385D-01
  5.419703557026D-01  5.394147676459D-01  5.367215707168D-01  5.338837845542D-01
  5.308923777448D-01  5.277393591163D-01  5.244146101628D-01  5.209089692452D-01
  5.172110559268D-01  5.133103463440D-01  5.091939874644D-01  5.048498614050D-01
  5.002633870683D-01  4.954205705525D-01  4.903047908961D-01  4.848998328970D-01
  4.791866527476D-01  4.731463884984D-01  4.667571001201D-01  4.599967514258D-01
  4.528399174601D-01  4.452607298203D-01  4.372295421173D-01  4.287158281666D-01
  4.196847934229D-01  4.101002122603D-01  3.999209695331D-01  3.891038189214D-01
  3.775998338853D-01  3.653570630148D-01  3.523168655506D-01  3.384164294724D-01
  3.235849536972D-01  3.077461142462D-01  2.908136293721D-01  2.726940684403D-01
  2.532818084358D-01
