In49 POTENTIAL                      exc: Vosko,Wilk,Nusair      
  2.14187055  6.17500000  2.11957662
  49.00000
   2.34253   1.0890115474   0.9652354117
353
 0.25000000D-01 0.35315022D-03
 9 1
    0  -1.96656160000D+03
    0  -2.87428550000D+02
    0  -5.37136240000D+01
    0  -7.39818510000D+00
    1  -2.68528840000D+02
    1  -4.59639090000D+01
    1  -4.86454470000D+00
    2  -3.15522220000D+01
    2  -7.38539920000D-01
  4.728031837736D+02  4.728282018897D+02  4.728537947708D+02  4.728799693170D+02
  4.729067338851D+02  4.729341020384D+02  4.729620831082D+02  4.729906908062D+02
  4.730199347282D+02  4.730498287693D+02  4.730803827289D+02  4.731116106574D+02
  4.731435225157D+02  4.731761324783D+02  4.732094506259D+02  4.732434912187D+02
  4.732782644119D+02  4.733137845066D+02  4.733500616809D+02  4.733871102240D+02
  4.734249402788D+02  4.734635660621D+02  4.735029976153D+02  4.735432490133D+02
  4.735843301212D+02  4.736262547928D+02  4.736690326318D+02  4.737126771815D+02
  4.737571976887D+02  4.738026072848D+02  4.738489147522D+02  4.738961326968D+02
  4.739442693156D+02  4.739933365617D+02  4.740433419118D+02  4.740942965238D+02
  4.741462070034D+02  4.741990835545D+02  4.742529317443D+02  4.743077606462D+02
  4.743635746119D+02  4.744203813794D+02  4.744781838613D+02  4.745369882622D+02
  4.745967958367D+02  4.746576110083D+02  4.747194331225D+02  4.747822645587D+02
  4.748461024780D+02  4.749109469266D+02  4.749767925785D+02  4.750436368303D+02
  4.751114715378D+02  4.751802911016D+02  4.752500841975D+02  4.753208418529D+02
  4.753925491693D+02  4.754651933898D+02  4.755387556134D+02  4.756132188525D+02
  4.756885597393D+02  4.757647565724D+02  4.758417810148D+02  4.759196061294D+02
  4.759981980682D+02  4.760775240964D+02  4.761575442721D+02  4.762382194592D+02
  4.763195029971D+02  4.764013487020D+02  4.764837025262D+02  4.765665105483D+02
  4.766497106220D+02  4.767332403544D+02  4.768170287448D+02  4.769010041515D+02
  4.769850859200D+02  4.770691923391D+02  4.771532322590D+02  4.772371130369D+02
  4.773207321453D+02  4.774039851081D+02  4.774867571002D+02  4.775689308743D+02
  4.776503783534D+02  4.777309685494D+02  4.778105591498D+02  4.778890044304D+02
  4.779661468368D+02  4.780418248936D+02  4.781158647835D+02  4.781880882547D+02
  4.782583042005D+02  4.783263165676D+02  4.783919159396D+02  4.784548874496D+02
  4.785150023708D+02  4.785720260380D+02  4.786257094491D+02  4.786757972001D+02
  4.787220191030D+02  4.787640981390D+02  4.788017420981D+02  4.788346515567D+02
  4.788625115455D+02  4.788849995576D+02  4.789017772514D+02  4.789124984971D+02
  4.789168011220D+02  4.789143150030D+02  4.789046538624D+02  4.788874234156D+02
  4.788622132262D+02  4.788286049170D+02  4.787861640942D+02  4.787344486320D+02
  4.786730006747D+02  4.786013550040D+02  4.785190311303D+02  4.784255417520D+02
  4.783203849447D+02  4.782030527235D+02  4.780730233388D+02  4.779297699504D+02
  4.777727530393D+02  4.776014292008D+02  4.774152436800D+02  4.772136392913D+02
  4.769960490824D+02  4.767619053848D+02  4.765106326106D+02  4.762416564356D+02
  4.759543967291D+02  4.756482768685D+02  4.753227167988D+02  4.749771424732D+02
  4.746109790349D+02  4.742236603728D+02  4.738146224121D+02  4.733833127699D+02
  4.729291841342D+02  4.724517039962D+02  4.719503480921D+02  4.714246101810D+02
  4.708739955147D+02  4.702980306228D+02  4.696962567671D+02  4.690682396865D+02
  4.684135629840D+02  4.677318377746D+02  4.670226959435D+02  4.662857996316D+02
  4.655208342953D+02  4.647275179558D+02  4.639055939828D+02  4.630548400272D+02
  4.621750604459D+02  4.612660948330D+02  4.603278100001D+02  4.593601080216D+02
  4.583629176865D+02  4.573362019774D+02  4.562799489210D+02  4.551941784327D+02
  4.540789325067D+02  4.529342813899D+02  4.517603130814D+02  4.505571388197D+02
  4.493248819208D+02  4.480636826275D+02  4.467736863627D+02  4.454550480657D+02
  4.441079200289D+02  4.427324559407D+02  4.413287985833D+02  4.398970839204D+02
  4.384374290597D+02  4.369499368576D+02  4.354346846816D+02  4.338917301277D+02
  4.323211012306D+02  4.307228039720D+02  4.290968146247D+02  4.274430897134D+02
  4.257615610839D+02  4.240521487870D+02  4.223147591594D+02  4.205493006702D+02
  4.187556847415D+02  4.169338439121D+02  4.150837343402D+02  4.132053547986D+02
  4.112987489639D+02  4.093640230037D+02  4.074013451813D+02  4.054109594923D+02
  4.033931801679D+02  4.013483992852D+02  3.992770746491D+02  3.971797305965D+02
  3.950569393413D+02  3.929093159693D+02  3.907374951168D+02  3.885421227723D+02
  3.863238314508D+02  3.840832322640D+02  3.818208920863D+02  3.795373291691D+02
  3.772329951436D+02  3.749082764329D+02  3.725634826582D+02  3.701988547022D+02
  3.678145596784D+02  3.654107051783D+02  3.629873398043D+02  3.605444721757D+02
  3.580820752835D+02  3.556001083019D+02  3.530985226930D+02  3.505772847114D+02
  3.480363811709D+02  3.454758406317D+02  3.428957369401D+02  3.402962073515D+02
  3.376774522853D+02  3.350397490415D+02  3.323834466364D+02  3.297089742389D+02
  3.270168305026D+02  3.243075864384D+02  3.215818693025D+02  3.188403603421D+02
  3.160837740963D+02  3.133128522965D+02  3.105283403684D+02  3.077309798082D+02
  3.049214846523D+02  3.021005356002D+02  2.992687601513D+02  2.964267324107D+02
  2.935749608660D+02  2.907138975475D+02  2.878439363816D+02  2.849654333855D+02
  2.820787154738D+02  2.791841092728D+02  2.762819553829D+02  2.733726382882D+02
  2.704565965420D+02  2.675343432710D+02  2.646064622919D+02  2.616736114033D+02
  2.587365003409D+02  2.557958774797D+02  2.528524951406D+02  2.499070893672D+02
  2.469603449068D+02  2.440128811306D+02  2.410652286089D+02  2.381178304485D+02
  2.351710362012D+02  2.322251205953D+02  2.292802933210D+02  2.263367309489D+02
  2.233945964838D+02  2.204540772804D+02  2.175154068477D+02  2.145789014802D+02
  2.116449775981D+02  2.087141812494D+02  2.057871961423D+02  2.028648621853D+02
  1.999481714178D+02  1.970382737378D+02  1.941364598555D+02  1.912441542224D+02
  1.883628857457D+02  1.854942694767D+02  1.826399673363D+02  1.798016614798D+02
  1.769810086669D+02  1.741796096284D+02  1.713989622046D+02  1.686404327510D+02
  1.659052151536D+02  1.631943126089D+02  1.605085121581D+02  1.578483876385D+02
  1.552143010725D+02  1.526064373080D+02  1.500248396072D+02  1.474694768019D+02
  1.449403036093D+02  1.424373376592D+02  1.399607087653D+02  1.375107017232D+02
  1.350877519440D+02  1.326924253553D+02  1.303253557828D+02  1.279871842797D+02
  1.256784812544D+02  1.233996960702D+02  1.211511088095D+02  1.189328195961D+02
  1.167447411290D+02  1.145866232675D+02  1.124580718834D+02  1.103585900584D+02
  1.082876047931D+02  1.062445090949D+02  1.042286845357D+02  1.022395359646D+02
  1.002765048209D+02  9.833909385800D+01  9.642687047804D+01  9.453948193959D+01
  9.267665004708D+01  9.083817873019D+01  8.902394223030D+01  8.723388732633D+01
  8.546801730022D+01  8.372639101375D+01  8.200910472219D+01  8.031628989399D+01
  7.864809456162D+01  7.700468135427D+01  7.538620963215D+01  7.379283475643D+01
  7.222469181963D+01  7.068189676818D+01  6.916453216849D+01  6.767265046965D+01
  6.620626196821D+01  6.476534027719D+01  6.334981248769D+01  6.195956679744D+01
  6.059444479523D+01  5.925425115197D+01  5.793874789513D+01  5.664766595691D+01
  5.538070110195D+01  5.413752678606D+01  5.291779090411D+01  5.172112879318D+01
  5.054715932265D+01  4.939549636894D+01  4.826574260198D+01  4.715749808000D+01
  4.607035094984D+01  4.500388328450D+01  4.395765876095D+01  4.293122770682D+01
  4.192411325452D+01
N_07 POTENTIAL                      exc: Vosko,Wilk,Nusair      
  1.63952924  6.17500000  1.64793099
   7.00000
   1.91467   1.0890115474   0.9652354117
353
 0.25000000D-01 0.28864751D-03
 2 1
    0  -2.69998930000D+01
    0  -4.29582100000D-01
  2.633454017830D+01  2.633490251098D+01  2.633527356492D+01  2.633567907228D+01
  2.633609956409D+01  2.633653301953D+01  2.633697805653D+01  2.633743524973D+01
  2.633790396692D+01  2.633838508017D+01  2.633887810204D+01  2.633938398694D+01
  2.633990230065D+01  2.634043403582D+01  2.634097878831D+01  2.634153757610D+01
  2.634211001757D+01  2.634269715151D+01  2.634329861610D+01  2.634391546931D+01
  2.634454736824D+01  2.634519538960D+01  2.634585920927D+01  2.634653992284D+01
  2.634723722525D+01  2.634795223139D+01  2.634868465574D+01  2.634943563305D+01
  2.635020489798D+01  2.635099360582D+01  2.635180151212D+01  2.635262979343D+01
  2.635347822698D+01  2.635434801139D+01  2.635523894638D+01  2.635615225347D+01
  2.635708775572D+01  2.635804669841D+01  2.635902892902D+01  2.636003572257D+01
  2.636106733078D+01  2.636212465769D+01  2.636320760200D+01  2.636431748598D+01
  2.636545423527D+01  2.636661919955D+01  2.636781233234D+01  2.636903501169D+01
  2.637028722000D+01  2.637157036465D+01  2.637288445787D+01  2.637423093739D+01
  2.637560984621D+01  2.637702265337D+01  2.637846943366D+01  2.637995168834D+01
  2.638146952495D+01  2.638302447795D+01  2.638461668852D+01  2.638624772526D+01
  2.638791776391D+01  2.638962840807D+01  2.639137986893D+01  2.639317378594D+01
  2.639501040656D+01  2.639689140690D+01  2.639881707144D+01  2.640078911367D+01
  2.640280785581D+01  2.640487504939D+01  2.640699105498D+01  2.640915766272D+01
  2.641137527202D+01  2.641364571209D+01  2.641596942159D+01  2.641834826914D+01
  2.642078273289D+01  2.642327472104D+01  2.642582475135D+01  2.642843477159D+01
  2.643110533906D+01  2.643383844090D+01  2.643663467365D+01  2.643949606342D+01
  2.644242324543D+01  2.644541828411D+01  2.644848185252D+01  2.645161605246D+01
  2.645482159372D+01  2.645810061412D+01  2.646145385873D+01  2.646488349974D+01
  2.646839031560D+01  2.647197651078D+01  2.647564289476D+01  2.647939170176D+01
  2.648322376948D+01  2.648714135874D+01  2.649114533210D+01  2.649523797331D+01
  2.649942016577D+01  2.650369421180D+01  2.650806101095D+01  2.651252287905D+01
  2.651708072630D+01  2.652173687613D+01  2.652649224310D+01  2.653134915145D+01
  2.653630851279D+01  2.654137264440D+01  2.654654244663D+01  2.655182022092D+01
  2.655720684687D+01  2.656270459998D+01  2.656831432839D+01  2.657403827025D+01
  2.657987723009D+01  2.658583339584D+01  2.659190751479D+01  2.659810171019D+01
  2.660441665677D+01  2.661085439688D+01  2.661741551559D+01  2.662410195626D+01
  2.663091419517D+01  2.663785405658D+01  2.664492188671D+01  2.665211936831D+01
  2.665944669401D+01  2.666690538021D+01  2.667449543986D+01  2.668221819562D+01
  2.669007345192D+01  2.669806230747D+01  2.670618432647D+01  2.671444035038D+01
  2.672282966834D+01  2.673135282806D+01  2.674000880543D+01  2.674879781445D+01
  2.675771847595D+01  2.676677062660D+01  2.677595248663D+01  2.678526346781D+01
  2.679470134017D+01  2.680426503893D+01  2.681395183010D+01  2.682376011633D+01
  2.683368660137D+01  2.684372909472D+01  2.685388367497D+01  2.686414749323D+01
  2.687451593520D+01  2.688498542339D+01  2.689555057796D+01  2.690620701763D+01
  2.691694851926D+01  2.692776981744D+01  2.693866376281D+01  2.694962412033D+01
  2.696064272632D+01  2.697171228545D+01  2.698282352646D+01  2.699396799796D+01
  2.700513522287D+01  2.701631549301D+01  2.702749702237D+01  2.703866874063D+01
  2.704981744527D+01  2.706093059408D+01  2.707199345637D+01  2.708299190457D+01
  2.709390956462D+01  2.710473060693D+01  2.711543689615D+01  2.712601078167D+01
  2.713643224707D+01  2.714668170045D+01  2.715673712383D+01  2.716657686363D+01
  2.717617678044D+01  2.718551304006D+01  2.719455926404D+01  2.720328932174D+01
  2.721167448216D+01  2.721968620755D+01  2.722729330717D+01  2.723446473302D+01
  2.724116673615D+01  2.724736566529D+01  2.725302512648D+01  2.725810878531D+01
  2.726257753068D+01  2.726639228166D+01  2.726951115622D+01  2.727189228366D+01
  2.727349097934D+01  2.727426256372D+01  2.727415954422D+01  2.727313444194D+01
  2.727113698183D+01  2.726811692833D+01  2.726402128502D+01  2.725879714042D+01
  2.725238887845D+01  2.724474103566D+01  2.723579552377D+01  2.722549449963D+01
  2.721377760116D+01  2.720058483131D+01  2.718585380861D+01  2.716952266641D+01
  2.715152731923D+01  2.713180437833D+01  2.711028843494D+01  2.708691499314D+01
  2.706161777082D+01  2.703433165063D+01  2.700498999929D+01  2.697352763703D+01
  2.693987817557D+01  2.690397700621D+01  2.686575865632D+01  2.682515979572D+01
  2.678211661117D+01  2.673656783015D+01  2.668845211213D+01  2.663771108840D+01
  2.658428676828D+01  2.652812459271D+01  2.646917085300D+01  2.640737575522D+01
  2.634269084803D+01  2.627507209417D+01  2.620447730306D+01  2.613086920471D+01
  2.605421288195D+01  2.597447884105D+01  2.589164043746D+01  2.580567693653D+01
  2.571657092569D+01  2.562431135774D+01  2.552889094142D+01  2.543030915878D+01
  2.532856962542D+01  2.522368307271D+01  2.511566466806D+01  2.500453695219D+01
  2.489032710936D+01  2.477306984940D+01  2.465280461743D+01  2.452957841009D+01
  2.440344291495D+01  2.427445725027D+01  2.414268502300D+01  2.400819698332D+01
  2.387106799208D+01  2.373137958052D+01  2.358921681897D+01  2.344467077444D+01
  2.329783527389D+01  2.314880925412D+01  2.299769341544D+01  2.284459246089D+01
  2.268961163919D+01  2.253285887399D+01  2.237444119903D+01  2.221446678309D+01
  2.205304126591D+01  2.189026969119D+01  2.172625276001D+01  2.156108869366D+01
  2.139486943276D+01  2.122768246581D+01  2.105960701898D+01  2.089071590644D+01
  2.072107178022D+01  2.055072908737D+01  2.037973048322D+01  2.020810901954D+01
  2.003588486848D+01  1.986306791344D+01  1.968965497955D+01  1.951563304457D+01
  1.934097720811D+01  1.916565475803D+01  1.898962409883D+01  1.881283985323D+01
  1.863525285508D+01  1.845681627725D+01  1.827748652323D+01  1.809723001883D+01
  1.791602441637D+01  1.773386523660D+01  1.755076637365D+01  1.736676544723D+01
  1.718192245023D+01  1.699632277435D+01  1.681007323293D+01  1.662330239084D+01
  1.643615407180D+01  1.624878559177D+01  1.606135977526D+01  1.587404241277D+01
  1.568699423563D+01  1.550036900269D+01  1.531430664680D+01  1.512893291163D+01
  1.494435425319D+01  1.476065927821D+01  1.457791536453D+01  1.439617164387D+01
  1.421545693550D+01  1.403578378799D+01  1.385714721760D+01  1.367952931841D+01
  1.350289836009D+01  1.332721358108D+01  1.315242432542D+01  1.297847476220D+01
  1.280530286289D+01  1.263284489906D+01  1.246103415476D+01  1.228980513166D+01
  1.211909195306D+01  1.194883225418D+01  1.177896527175D+01  1.160943542537D+01
  1.144019010697D+01  1.127118297358D+01  1.110237146089D+01  1.093371981358D+01
  1.076519635025D+01  1.059677625832D+01  1.042843863617D+01  1.026016907653D+01
  1.009195650724D+01  9.923795581262D+00  9.755683330418D+00  9.587621371920D+00
  9.419612380207D+00  9.251662110006D+00  9.083775681096D+00  8.915959407548D+00
  8.748216880707D+00  8.580550586346D+00  8.412957767477D+00  8.245431809747D+00
  8.077957870208D+00  7.910514104272D+00  7.743066816550D+00  7.575571851312D+00
  7.407969328516D+00
Vac0 POTENTIAL                      exc: Vosko,Wilk,Nusair      
  2.14187055  6.17500000  2.11957662
   0.00000
   2.34253   1.0890115474   0.9652354117
353
 0.25000000D-01 0.35315022D-03
 0 1
  9.366328689486D-01  9.366011118424D-01  9.365678231496D-01  9.365580694373D-01
  9.365526526387D-01  9.365501112870D-01  9.365481073848D-01  9.365477079381D-01
  9.365473015538D-01  9.365482397614D-01  9.365490470082D-01  9.365511499763D-01
  9.365531202813D-01  9.365564180721D-01  9.365596413791D-01  9.365642735017D-01
  9.365689344048D-01  9.365751295590D-01  9.365815023333D-01  9.365895836816D-01
  9.365980453145D-01  9.366084500605D-01  9.366195059184D-01  9.366328172679D-01
  9.366471398691D-01  9.366641332192D-01  9.366826168597D-01  9.367043242405D-01
  9.367281607998D-01  9.367559599075D-01  9.367867433718D-01  9.368224802854D-01
  9.368623509140D-01  9.369085095331D-01  9.369603530398D-01  9.370202893239D-01
  9.370880096998D-01  9.371661360810D-01  9.372463140304D-01  9.372827697366D-01
  9.372523345405D-01  9.372242060311D-01  9.371968327235D-01  9.371715480031D-01
  9.371468204887D-01  9.371240014113D-01  9.371015752575D-01  9.370809074159D-01
  9.370604950444D-01  9.370417148792D-01  9.370230742808D-01  9.370059591775D-01
  9.369888852299D-01  9.369732458673D-01  9.369575635435D-01  9.369432378670D-01
  9.369287969098D-01  9.369156453942D-01  9.369023160667D-01  9.368902179217D-01
  9.368778876151D-01  9.368667377289D-01  9.368553082148D-01  9.368450146856D-01
  9.368343998847D-01  9.368248819988D-01  9.368150061467D-01  9.368061927167D-01
  9.367969888604D-01  9.367888168510D-01  9.367802255901D-01  9.367726389751D-01
  9.367646074198D-01  9.367575562267D-01  9.367500371197D-01  9.367434766205D-01
  9.367364275957D-01  9.367303176317D-01  9.367237005879D-01  9.367180049840D-01
  9.367117855510D-01  9.367064716271D-01  9.367006187086D-01  9.366956568532D-01
  9.366901422329D-01  9.366855055378D-01  9.366803035396D-01  9.366759674886D-01
  9.366710546835D-01  9.366669968723D-01  9.366623518225D-01  9.366585517233D-01
  9.366541547581D-01  9.366505935085D-01  9.366464265269D-01  9.366430867448D-01
  9.366391330442D-01  9.366359986663D-01  9.366322427872D-01  9.366292989240D-01
  9.366257265127D-01  9.366229593171D-01  9.366195570053D-01  9.366169535592D-01
  9.366137088529D-01  9.366112570615D-01  9.366081582406D-01  9.366058467364D-01
  9.366028827651D-01  9.366007008229D-01  9.365978612660D-01  9.365957987216D-01
  9.365930736674D-01  9.365911208434D-01  9.365885008322D-01  9.365866484700D-01
  9.365841244265D-01  9.365823636189D-01  9.365799267889D-01  9.365782489185D-01
  9.365758908074D-01  9.365742874870D-01  9.365719997999D-01  9.365704628133D-01
  9.365682373978D-01  9.365667586424D-01  9.365645874318D-01  9.365631588614D-01
  9.365610338159D-01  9.365596473835D-01  9.365575604337D-01  9.365562080331D-01
  9.365541510213D-01  9.365528244267D-01  9.365507890448D-01  9.365494798508D-01
  9.365474575783D-01  9.365461571334D-01  9.365441391716D-01  9.365428385119D-01
  9.365408157137D-01  9.365395054906D-01  9.365374682871D-01  9.365361386914D-01
  9.365340770127D-01  9.365327176926D-01  9.365306208830D-01  9.365292208566D-01
  9.365270775838D-01  9.365256251436D-01  9.365234232996D-01  9.365219059101D-01
  9.365196325038D-01  9.365180366894D-01  9.365156777303D-01  9.365139889535D-01
  9.365115293236D-01  9.365097318516D-01  9.365071551669D-01  9.365052319257D-01
  9.365025203829D-01  9.365004527980D-01  9.364975870070D-01  9.364953548273D-01
  9.364923136280D-01  9.364898947336D-01  9.364866549932D-01  9.364840251831D-01
  9.364805615740D-01  9.364776943327D-01  9.364739790875D-01  9.364708453282D-01
  9.364668479699D-01  9.364634157512D-01  9.364591027960D-01  9.364553370097D-01
  9.364506716389D-01  9.364465336655D-01  9.364414753638D-01  9.364369226924D-01
  9.364314268489D-01  9.364264126584D-01  9.364204301258D-01  9.364149028214D-01
  9.364083794296D-01  9.364022821320D-01  9.363951581516D-01  9.363884281326D-01
  9.363806376810D-01  9.363732057401D-01  9.363646761270D-01  9.363564659035D-01
  9.363471169071D-01  9.363380441186D-01  9.363277871865D-01  9.363177587896D-01
  9.363064961554D-01  9.362954094171D-01  9.362830331249D-01  9.362707745968D-01
  9.362571654230D-01  9.362436098085D-01  9.362286360703D-01  9.362136449719D-01
  9.361971612112D-01  9.361805817467D-01  9.361624272750D-01  9.361440905480D-01
  9.361240878389D-01  9.361038072488D-01  9.360817601608D-01  9.360593295347D-01
  9.360350213477D-01  9.360102128760D-01  9.359834041207D-01  9.359559660750D-01
  9.359263921337D-01  9.358960463449D-01  9.358634148005D-01  9.358298538708D-01
  9.357938415753D-01  9.357567257972D-01  9.357169756321D-01  9.356759295817D-01
  9.356320468769D-01  9.355866556488D-01  9.355382042239D-01  9.354880092690D-01
  9.354345070564D-01  9.353790015800D-01  9.353199157871D-01  9.352585396624D-01
  9.351932814226D-01  9.351254155656D-01  9.350533340243D-01  9.349782941763D-01
  9.348986699524D-01  9.348156998036D-01  9.347277377592D-01  9.346360013464D-01
  9.345388225924D-01  9.344373958916D-01  9.343300289462D-01  9.342178905749D-01
  9.340992615858D-01  9.339752825203D-01  9.338442044505D-01  9.337071366519D-01
  9.335622973172D-01  9.334107611501D-01  9.332507099863D-01  9.330831802998D-01
  9.329063137218D-01  9.327211044494D-01  9.325256496511D-01  9.323208967681D-01
  9.321048937942D-01  9.318785364570D-01  9.316398183586D-01  9.313895780247D-01
  9.311257488903D-01  9.308491062016D-01  9.305575168301D-01  9.302516860110D-01
  9.299294069666D-01  9.295913074636D-01  9.292350992236D-01  9.288613242787D-01
  9.284676041464D-01  9.280543859601D-01  9.276191913809D-01  9.271623624780D-01
  9.266813103469D-01  9.261762607102D-01  9.256445022089D-01  9.250861316894D-01
  9.244983021299D-01  9.238809675763D-01  9.232311306584D-01  9.225485871326D-01
  9.218301729371D-01  9.210755082918D-01  9.202812442349D-01  9.194468062217D-01
  9.185686400761D-01  9.176459550217D-01  9.166749689694D-01  9.156546509021D-01
  9.145809654072D-01  9.134526143216D-01  9.122652804003D-01  9.110173681115D-01
  9.097042463103D-01  9.083239880514D-01  9.068716121125D-01  9.053448216611D-01
  9.037382444387D-01  9.020491700842D-01  9.002717887463D-01  8.984029268195D-01
  8.964362836995D-01  8.943681656266D-01  8.921917202313D-01  8.899026681052D-01
  8.874935346936D-01  8.849593791174D-01  8.822920228593D-01  8.794857752337D-01
  8.765316581680D-01  8.734231275606D-01  8.701502932763D-01  8.667056354260D-01
  8.630782184631D-01  8.592594011601D-01  8.552370433948D-01  8.510012082699D-01
  8.465383598010D-01  8.418370552048D-01  8.368821312254D-01  8.316603840831D-01
  8.261547415709D-01  8.203499274814D-01  8.142266158377D-01  8.077670757600D-01
  8.009493032234D-01  7.937526412397D-01  7.861518833016D-01  7.781228623767D-01
  7.696365186364D-01  7.606644490104D-01  7.511729298240D-01  7.411284164537D-01
  7.304915090072D-01  7.192223888495D-01  7.072747123552D-01  6.946009676364D-01
  6.811462775792D-01  6.668536559296D-01  6.516576962595D-01  6.354897016619D-01
  6.182712310754D-01  5.999190714396D-01  5.803386072919D-01  5.594285990598D-01
  5.370743370914D-01  5.131521848066D-01  4.875224824322D-01  4.600338058131D-01
  4.305155800915D-01  3.987822786285D-01  3.646249189474D-01  3.278159838769D-01
  2.881000963749D-01
Vac0 POTENTIAL                      exc: Vosko,Wilk,Nusair      
  1.63952924  6.17500000  1.64793099
   0.00000
   1.91467   1.0890115474   0.9652354117
353
 0.25000000D-01 0.28864751D-03
 0 1
  7.168290213578D-01  7.167829756150D-01  7.167353084742D-01  7.167208533224D-01
  7.167128445377D-01  7.167080561426D-01  7.167043001993D-01  7.167019339079D-01
  7.166997862666D-01  7.166986074390D-01  7.166974091729D-01  7.166970383196D-01
  7.166965630554D-01  7.166968658342D-01  7.166970390891D-01  7.166979829917D-01
  7.166988037435D-01  7.167004130048D-01  7.167019271606D-01  7.167042674087D-01
  7.167065595019D-01  7.167097342134D-01  7.167129273623D-01  7.167170805496D-01
  7.167213414292D-01  7.167266647500D-01  7.167322128302D-01  7.167389569161D-01
  7.167460779948D-01  7.167545685245D-01  7.167636336476D-01  7.167742933961D-01
  7.167857844826D-01  7.167991631161D-01  7.168137075569D-01  7.168305217794D-01
  7.168489385590D-01  7.168700996062D-01  7.168913837462D-01  7.168997482384D-01
  7.168896499197D-01  7.168805218851D-01  7.168714266564D-01  7.168632304030D-01
  7.168550021981D-01  7.168476140359D-01  7.168401401717D-01  7.168334572193D-01
  7.168266435704D-01  7.168205795489D-01  7.168143468736D-01  7.168088288761D-01
  7.168031099875D-01  7.167980759865D-01  7.167928135298D-01  7.167882104123D-01
  7.167833551296D-01  7.167791371499D-01  7.167746464936D-01  7.167707740272D-01
  7.167666110518D-01  7.167630496064D-01  7.167591820706D-01  7.167559014739D-01
  7.167523011086D-01  7.167492748440D-01  7.167459167544D-01  7.167431214277D-01
  7.167399835981D-01  7.167373984735D-01  7.167344613607D-01  7.167320679983D-01
  7.167293141861D-01  7.167270961215D-01  7.167245100314D-01  7.167224525135D-01
  7.167200201652D-01  7.167181099316D-01  7.167158187356D-01  7.167140438238D-01
  7.167118824037D-01  7.167102319875D-01  7.167081900320D-01  7.167066542823D-01
  7.167047224125D-01  7.167032923750D-01  7.167014620368D-01  7.167001295283D-01
  7.166983928889D-01  7.166971504082D-01  7.166955002749D-01  7.166943409198D-01
  7.166927706629D-01  7.166916880606D-01  7.166901915500D-01  7.166891797962D-01
  7.166877513390D-01  7.166868049413D-01  7.166854392323D-01  7.166845530596D-01
  7.166832451327D-01  7.166824143732D-01  7.166811595592D-01  7.166803796766D-01
  7.166791735638D-01  7.166784402621D-01  7.166772786616D-01  7.166765878495D-01
  7.166754667601D-01  7.166748145203D-01  7.166737300991D-01  7.166731126557D-01
  7.166720611881D-01  7.166714748808D-01  7.166704527521D-01  7.166698940056D-01
  7.166688976744D-01  7.166683629733D-01  7.166673889441D-01  7.166668748064D-01
  7.166659196037D-01  7.166654225543D-01  7.166644826963D-01  7.166639992393D-01
  7.166630712109D-01  7.166625978054D-01  7.166616780310D-01  7.166612110605D-01
  7.166602958766D-01  7.166598316220D-01  7.166589172468D-01  7.166584518566D-01
  7.166575343599D-01  7.166570638175D-01  7.166561390882D-01  7.166556591792D-01
  7.166547228906D-01  7.166542291665D-01  7.166532767393D-01  7.166527644796D-01
  7.166517910417D-01  7.166512552122D-01  7.166502555562D-01  7.166496907644D-01
  7.166486593002D-01  7.166480597465D-01  7.166469904512D-01  7.166463498753D-01
  7.166452362377D-01  7.166445478622D-01  7.166433828219D-01  7.166426392873D-01
  7.166414151692D-01  7.166406084659D-01  7.166393169067D-01  7.166384382984D-01
  7.166370701676D-01  7.166361101073D-01  7.166346554193D-01  7.166336034586D-01
  7.166320512761D-01  7.166308959629D-01  7.166292342912D-01  7.166279630587D-01
  7.166261787285D-01  7.166247777727D-01  7.166228563115D-01  7.166213104557D-01
  7.166192359453D-01  7.166175284910D-01  7.166152834112D-01  7.166133959733D-01
  7.166109610287D-01  7.166088733539D-01  7.166062272834D-01  7.166039170495D-01
  7.166010364148D-01  7.165984790097D-01  7.165953379634D-01  7.165925062401D-01
  7.165890762683D-01  7.165859402750D-01  7.165821899135D-01  7.165787165954D-01
  7.165746111163D-01  7.165707639859D-01  7.165662650512D-01  7.165620038243D-01
  7.165570691032D-01  7.165523492967D-01  7.165469320427D-01  7.165417045301D-01
  7.165357531139D-01  7.165299636342D-01  7.165234210274D-01  7.165170096424D-01
  7.165098128472D-01  7.165027133415D-01  7.164947927596D-01  7.164869319783D-01
  7.164782107148D-01  7.164695078302D-01  7.164599009228D-01  7.164502666255D-01
  7.164396801937D-01  7.164290157972D-01  7.164173461013D-01  7.164055425530D-01
  7.163926749543D-01  7.163796117420D-01  7.163654195532D-01  7.163509634968D-01
  7.163353067112D-01  7.163193106266D-01  7.163020345136D-01  7.162843357359D-01
  7.162652692881D-01  7.162456880387D-01  7.162246422554D-01  7.162029798372D-01
  7.161797458262D-01  7.161557826276D-01  7.161301295072D-01  7.161036227964D-01
  7.160752953748D-01  7.160459768596D-01  7.160146930700D-01  7.159822662001D-01
  7.159477142637D-01  7.159118512481D-01  7.158736865372D-01  7.158340250446D-01
  7.157918666130D-01  7.157480061237D-01  7.157014328697D-01  7.156529306398D-01
  7.156014770620D-01  7.155478436595D-01  7.154909951616D-01  7.154316895281D-01
  7.153688772247D-01  7.153033012122D-01  7.152338961821D-01  7.151613885071D-01
  7.150846954333D-01  7.150045249871D-01  7.149197751190D-01  7.148311335630D-01
  7.147374769259D-01  7.146394704946D-01  7.145359672651D-01  7.144276076912D-01
  7.143132186474D-01  7.141934131121D-01  7.140669890571D-01  7.139345290587D-01
  7.137947991050D-01  7.136483481269D-01  7.134939067142D-01  7.133319865581D-01
  7.131612790657D-01  7.129822547028D-01  7.127935614970D-01  7.125956242692D-01
  7.123870430118D-01  7.121681919972D-01  7.119376180162D-01  7.116956393498D-01
  7.114407438515D-01  7.111731877666D-01  7.108913936401D-01  7.105955489655D-01
  7.102840038987D-01  7.099568697148D-01  7.096124163057D-01  7.092506704224D-01
  7.088698129288D-01  7.084697768042D-01  7.080486441242D-01  7.076062437927D-01
  7.071405482163D-01  7.066512707322D-01  7.061362619377D-01  7.055951067742D-01
  7.050255204680D-01  7.044269452259D-01  7.037969457360D-01  7.031348054233D-01
  7.024379214513D-01  7.017054004781D-01  7.009344530903D-01  7.001239889895D-01
  6.992710107795D-01  6.983742085003D-01  6.974303526762D-01  6.964378881006D-01
  6.953933260355D-01  6.942948371331D-01  6.931386426563D-01  6.919226064019D-01
  6.906426247879D-01  6.892962176152D-01  6.878789168377D-01  6.863878559666D-01
  6.848181573010D-01  6.831665197384D-01  6.814276041971D-01  6.795976195443D-01
  6.776707058834D-01  6.756425182471D-01  6.735066073491D-01  6.712580006086D-01
  6.688895798728D-01  6.663956592371D-01  6.637683591285D-01  6.610011802550D-01
  6.580853732919D-01  6.550135081280D-01  6.517758382091D-01  6.483638640383D-01
  6.447666909886D-01  6.409745857458D-01  6.369753260965D-01  6.327577486549D-01
  6.283080887391D-01  6.236135172811D-01  6.186584683974D-01  6.134281628117D-01
  6.079049200767D-01  6.020716651027D-01  5.959082211478D-01  5.893947950988D-01
  5.825082462618D-01  5.752255448122D-01  5.675200100181D-01  5.593647346843D-01
  5.507287846241D-01  5.415805798646D-01  5.318840448342D-01  5.216019344339D-01
  5.106919213814D-01  4.991098518376D-01  4.868057524571D-01  4.737269959529D-01
  4.598142055161D-01  4.450043045115D-01  4.292262934093D-01  4.124041461840D-01
  3.944524204318D-01  3.752791486719D-01  3.547806083270D-01  3.328448313708D-01
  3.093455749376D-01
