In49 POTENTIAL                      exc: Vosko,Wilk,Nusair      
  2.37798540  6.82500000  2.34921590
  49.00000
   2.59633   0.7252335704   0.8163422758
353
 0.25000000D-01 0.39141124D-03
 9 1
    0  -1.96656160000D+03
    0  -2.87428550000D+02
    0  -5.37136240000D+01
    0  -7.39818510000D+00
    1  -2.68528840000D+02
    1  -4.59639090000D+01
    1  -4.86454470000D+00
    2  -3.15522220000D+01
    2  -7.38539920000D-01
  4.724081938422D+02  4.724359179246D+02  4.724642721671D+02  4.724932624064D+02
  4.725228976456D+02  4.725531920127D+02  4.725841554329D+02  4.726158021289D+02
  4.726481422430D+02  4.726811901159D+02  4.727149560322D+02  4.727494544144D+02
  4.727846956344D+02  4.728206941534D+02  4.728574603750D+02  4.728950087483D+02
  4.729333496480D+02  4.729724974508D+02  4.730124624349D+02  4.730532588352D+02
  4.730948967572D+02  4.731373902149D+02  4.731807490549D+02  4.732249869804D+02
  4.732701134826D+02  4.733161418518D+02  4.733630811151D+02  4.734109440357D+02
  4.734597390546D+02  4.735094782797D+02  4.735601694295D+02  4.736118238129D+02
  4.736644482743D+02  4.737180531636D+02  4.737726442818D+02  4.738282308422D+02
  4.738848174146D+02  4.739424118783D+02  4.740010173645D+02  4.740606402003D+02
  4.741212818569D+02  4.741829468597D+02  4.742456347505D+02  4.743093480051D+02
  4.743740839660D+02  4.744398427596D+02  4.745066192239D+02  4.745744108167D+02
  4.746432095376D+02  4.747130098264D+02  4.747838004797D+02  4.748555725388D+02
  4.749283111994D+02  4.750020036900D+02  4.750766311738D+02  4.751521766164D+02
  4.752286166800D+02  4.753059295802D+02  4.753840869720D+02  4.754630617948D+02
  4.755428201499D+02  4.756233291342D+02  4.757045487078D+02  4.757864395163D+02
  4.758689547489D+02  4.759520479484D+02  4.760356648596D+02  4.761197512274D+02
  4.762042446348D+02  4.762890822893D+02  4.763741928508D+02  4.764595042060D+02
  4.765449352864D+02  4.766304038316D+02  4.767158181968D+02  4.768010851057D+02
  4.768861014492D+02  4.769707620273D+02  4.770549513398D+02  4.771385513190D+02
  4.772214331132D+02  4.773034648113D+02  4.773845032202D+02  4.774644015836D+02
  4.775430013549D+02  4.776201399119D+02  4.776956423277D+02  4.777693290836D+02
  4.778410078406D+02  4.779104811535D+02  4.779775382464D+02  4.780419627314D+02
  4.781035243910D+02  4.781619869063D+02  4.782170996511D+02  4.782686054329D+02
  4.783162323039D+02  4.783597013212D+02  4.783987183795D+02  4.784329819962D+02
  4.784621751724D+02  4.784859732096D+02  4.785040356063D+02  4.785160139130D+02
  4.785215436723D+02  4.785202523202D+02  4.785117511780D+02  4.784956434087D+02
  4.784715160692D+02  4.784389481313D+02  4.783975026034D+02  4.783467346255D+02
  4.782861836703D+02  4.782153817221D+02  4.781338455670D+02  4.780410850652D+02
  4.779365955408D+02  4.778198661570D+02  4.776903724140D+02  4.775475846372D+02
  4.773909605916D+02  4.772199540905D+02  4.770340077342D+02  4.768325616458D+02
  4.766150463401D+02  4.763808915912D+02  4.761295194339D+02  4.758603531656D+02
  4.755728104814D+02  4.752663126074D+02  4.749402775667D+02  4.745941294386D+02
  4.742272917470D+02  4.738391968351D+02  4.734292793619D+02  4.729969857770D+02
  4.725417679048D+02  4.720630924949D+02  4.715604348685D+02  4.710332885130D+02
  4.704811587544D+02  4.699035723576D+02  4.693000711815D+02  4.686702217360D+02
  4.680136087670D+02  4.673298447133D+02  4.666185631593D+02  4.658794281254D+02
  4.651121273183D+02  4.643163811799D+02  4.634919358574D+02  4.626385719298D+02
  4.617560970135D+02  4.608443540818D+02  4.599032136200D+02  4.589325814520D+02
  4.579323903614D+02  4.569026073460D+02  4.558432246301D+02  4.547542662797D+02
  4.536357785491D+02  4.524878358195D+02  4.513105302517D+02  4.501039770344D+02
  4.488683033734D+02  4.476036531022D+02  4.463101750871D+02  4.449880273282D+02
  4.436373649546D+02  4.422583440405D+02  4.408511094731D+02  4.394157988297D+02
  4.379525305297D+02  4.364614082513D+02  4.349425099108D+02  4.333958932237D+02
  4.318215861644D+02  4.302195943549D+02  4.285898936963D+02  4.269324402459D+02
  4.252471656066D+02  4.235339897545D+02  4.217928194583D+02  4.200235640738D+02
  4.182261366922D+02  4.164004722216D+02  4.145465301659D+02  4.126643134649D+02
  4.107538709661D+02  4.088153147479D+02  4.068488197875D+02  4.048546372126D+02
  4.028330887552D+02  4.007845738837D+02  3.987095575731D+02  3.966085706027D+02
  3.944821908054D+02  3.923310376147D+02  3.901557487442D+02  3.879569716708D+02
  3.857353389614D+02  3.834914601846D+02  3.812258993870D+02  3.789391706956D+02
  3.766317207520D+02  3.743039302079D+02  3.719561026258D+02  3.695884726563D+02
  3.672012015014D+02  3.647943912490D+02  3.623680858491D+02  3.599222901371D+02
  3.574569745493D+02  3.549720968582D+02  3.524676085398D+02  3.499434771006D+02
  3.473996920070D+02  3.448362855972D+02  3.422533366923D+02  3.396509883587D+02
  3.370294476576D+02  3.343889989364D+02  3.317299986052D+02  3.290528831079D+02
  3.263581581712D+02  3.236464012058D+02  3.209182451255D+02  3.181743756572D+02
  3.154155106326D+02  3.126423935394D+02  3.098557701286D+02  3.070563805826D+02
  3.042449362590D+02  3.014221137964D+02  2.985885357313D+02  2.957447704968D+02
  2.928913208740D+02  2.900286335019D+02  2.871570979968D+02  2.842770674932D+02
  2.813888680901D+02  2.784928277488D+02  2.755892907960D+02  2.726786474101D+02
  2.697613434907D+02  2.668379002105D+02  2.639089094056D+02  2.609750357083D+02
  2.580369938229D+02  2.550955343781D+02  2.521514090846D+02  2.492053503293D+02
  2.462580367070D+02  2.433100793900D+02  2.403619997374D+02  2.374142313723D+02
  2.344671152136D+02  2.315209188541D+02  2.285758472312D+02  2.256320748573D+02
  2.226897658707D+02  2.197491118588D+02  2.168103537714D+02  2.138738181032D+02
  2.109399340354D+02  2.080092622345D+02  2.050825024865D+02  2.021605113906D+02
  1.992442978008D+02  1.963350276680D+02  1.934340065116D+02  1.905426715144D+02
  1.876625618465D+02  1.847952996487D+02  1.819425505344D+02  1.791059964496D+02
  1.762872900555D+02  1.734880238668D+02  1.707096837211D+02  1.679536203253D+02
  1.652210090270D+02  1.625128322200D+02  1.598298551697D+02  1.571726301441D+02
  1.545414995994D+02  1.519366323384D+02  1.493580609001D+02  1.468057497126D+02
  1.442796560222D+02  1.417798060693D+02  1.393063427215D+02  1.368595652844D+02
  1.344399221231D+02  1.320479874795D+02  1.296843971317D+02  1.273497869465D+02
  1.250447159061D+02  1.227696171497D+02  1.205247520027D+02  1.183102011549D+02
  1.161258591021D+02  1.139714597708D+02  1.118465963014D+02  1.097507623567D+02
  1.076833789985D+02  1.056438363286D+02  1.036315158493D+02  1.016458245241D+02
  9.968620781570D+01  9.775217376951D+01  9.584329614471D+01  9.395922909481D+01
  9.209970179000D+01  9.026452561734D+01  8.845358245239D+01  8.666682665557D+01
  8.490426926592D+01  8.316597698193D+01  8.145205432504D+01  7.976264147164D+01
  7.809789604767D+01  7.645799125235D+01  7.484309849893D+01  7.325338682142D+01
  7.168900713816D+01  7.015009351674D+01  6.863674945326D+01  6.714905122590D+01
  6.568703628216D+01  6.425070865880D+01  6.284002936520D+01  6.145492369043D+01
  6.009527335763D+01  5.876092546322D+01  5.745168612888D+01  5.616733078323D+01
  5.490759899978D+01  5.367220577018D+01  5.246083711287D+01  5.127316182756D+01
  5.010882724439D+01  4.896747070081D+01  4.784871456727D+01  4.675217653991D+01
  4.567746309567D+01  4.462417793661D+01  4.359191351036D+01  4.258025760694D+01
  4.158878331903D+01  4.061705457048D+01  3.966461498858D+01  3.873099366921D+01
  3.781569368689D+01
N_07 POTENTIAL                      exc: Vosko,Wilk,Nusair      
  1.80145647  6.82500000  1.81203139
   7.00000
   2.10533   0.7252335704   0.8163422758
353
 0.25000000D-01 0.31739093D-03
 2 1
    0  -2.69998930000D+01
    0  -4.29582100000D-01
  2.594273645769D+01  2.594313750721D+01  2.594354835421D+01  2.594399518605D+01
  2.594445827937D+01  2.594493532777D+01  2.594542517908D+01  2.594592819344D+01
  2.594644398944D+01  2.594697323341D+01  2.594751569345D+01  2.594807212125D+01
  2.594864234042D+01  2.594922714281D+01  2.594982638382D+01  2.595044088220D+01
  2.595107051740D+01  2.595171613049D+01  2.595237762221D+01  2.595305585429D+01
  2.595375074786D+01  2.595446318491D+01  2.595519310686D+01  2.595594141610D+01
  2.595670807467D+01  2.595749400582D+01  2.595829919270D+01  2.595912458004D+01
  2.595997017280D+01  2.596083693786D+01  2.596172490276D+01  2.596263505732D+01
  2.596356745245D+01  2.596452310178D+01  2.596550208041D+01  2.596650542663D+01
  2.596753324068D+01  2.596858658640D+01  2.596966559021D+01  2.597077134505D+01
  2.597190439278D+01  2.597306545299D+01  2.597425470712D+01  2.597547330156D+01
  2.597672144655D+01  2.597800031779D+01  2.597931015528D+01  2.598065216501D+01
  2.598202661773D+01  2.598343475066D+01  2.598487686628D+01  2.598635423402D+01
  2.598786718902D+01  2.598941703387D+01  2.599100413733D+01  2.599262983606D+01
  2.599429453336D+01  2.599599960084D+01  2.599774547721D+01  2.599953356991D+01
  2.600136435387D+01  2.600323927316D+01  2.600515883973D+01  2.600712453500D+01
  2.600913690864D+01  2.601119748009D+01  2.601330683737D+01  2.601546653853D+01
  2.601767721043D+01  2.601994045021D+01  2.602225692399D+01  2.602462826833D+01
  2.602705518887D+01  2.602953936180D+01  2.603208153241D+01  2.603468341652D+01
  2.603734579901D+01  2.604007043516D+01  2.604285814916D+01  2.604571073536D+01
  2.604862905673D+01  2.605161494607D+01  2.605466930433D+01  2.605779400180D+01
  2.606098997634D+01  2.606425913445D+01  2.606760244944D+01  2.607102186240D+01
  2.607451838026D+01  2.607809397663D+01  2.608174968977D+01  2.608548752329D+01
  2.608930854401D+01  2.609321478249D+01  2.609720733076D+01  2.610128824271D+01
  2.610545863165D+01  2.610972057048D+01  2.611407518914D+01  2.611852457457D+01
  2.612306986790D+01  2.612771316428D+01  2.613245560980D+01  2.613729930111D+01
  2.614224538208D+01  2.614729594312D+01  2.615245211765D+01  2.615771598109D+01
  2.616308864702D+01  2.616857216589D+01  2.617416762080D+01  2.617987702593D+01
  2.618570142191D+01  2.619164277389D+01  2.619770206651D+01  2.620388120157D+01
  2.621018109255D+01  2.621660356184D+01  2.622314943481D+01  2.622982043648D+01
  2.623661728517D+01  2.624354158858D+01  2.625059393690D+01  2.625777579830D+01
  2.626508761146D+01  2.627253068043D+01  2.628010526648D+01  2.628781248233D+01
  2.629565238329D+01  2.630362586073D+01  2.631173273250D+01  2.631997363563D+01
  2.632834811590D+01  2.633685651977D+01  2.634549808302D+01  2.635427282185D+01
  2.636317962057D+01  2.637221812174D+01  2.638138681295D+01  2.639068491590D+01
  2.640011047218D+01  2.640966223128D+01  2.641933773530D+01  2.642913520584D+01
  2.643905162761D+01  2.644908463411D+01  2.645923059010D+01  2.646948647609D+01
  2.647984796952D+01  2.649031132809D+01  2.650087146963D+01  2.651152385420D+01
  2.652226256264D+01  2.653308217737D+01  2.654397585972D+01  2.655493722936D+01
  2.656595844032D+01  2.657703205921D+01  2.658814913989D+01  2.659930110046D+01
  2.661047779667D+01  2.662166939770D+01  2.663286445843D+01  2.664405179400D+01
  2.665521855104D+01  2.666635208120D+01  2.667743801143D+01  2.668846211655D+01
  2.669940838874D+01  2.671026090946D+01  2.672100191829D+01  2.673161368433D+01
  2.674207657471D+01  2.675237092584D+01  2.676247511176D+01  2.677236741557D+01
  2.678202409813D+01  2.679142126990D+01  2.680053296049D+01  2.680933299144D+01
  2.681779304695D+01  2.682588454829D+01  2.683357672628D+01  2.684083849782D+01
  2.684763654089D+01  2.685393717388D+01  2.685970443381D+01  2.686490195928D+01
  2.686949107274D+01  2.687343266793D+01  2.687668529708D+01  2.687920706383D+01
  2.688095371640D+01  2.688188054696D+01  2.688194049188D+01  2.688108603872D+01
  2.687926733468D+01  2.687643410239D+01  2.687253375782D+01  2.686751333611D+01
  2.686131762019D+01  2.685389107797D+01  2.684517600297D+01  2.683511446414D+01
  2.682364645983D+01  2.681071188156D+01  2.679624868252D+01  2.678019485654D+01
  2.676248662240D+01  2.674306041907D+01  2.672185110685D+01  2.669879398000D+01
  2.667382298551D+01  2.664687275389D+01  2.661787683630D+01  2.658676975392D+01
  2.655348525385D+01  2.651795837719D+01  2.648012373360D+01  2.643991758786D+01
  2.639727615262D+01  2.635213769257D+01  2.630444083425D+01  2.625412668653D+01
  2.620113716575D+01  2.614541713035D+01  2.608691271889D+01  2.602557349599D+01
  2.596135079995D+01  2.589419989632D+01  2.582407833091D+01  2.575094808639D+01
  2.567477393567D+01  2.559552559590D+01  2.551317607621D+01  2.542770382261D+01
  2.533909105302D+01  2.524732588568D+01  2.515240065353D+01  2.505431400775D+01
  2.495306920274D+01  2.484867616560D+01  2.474114974222D+01  2.463051172293D+01
  2.451678903959D+01  2.440001573714D+01  2.428023111131D+01  2.415748161535D+01
  2.403181892859D+01  2.390330178760D+01  2.377199397437D+01  2.363796606318D+01
  2.350129331886D+01  2.336205734972D+01  2.322034390754D+01  2.307624443877D+01
  2.292985377942D+01  2.278127159848D+01  2.263059998302D+01  2.247794477036D+01
  2.232341302152D+01  2.216711424206D+01  2.200915774580D+01  2.184965376873D+01
  2.168871073019D+01  2.152643625046D+01  2.136293432390D+01  2.119830625949D+01
  2.103264779108D+01  2.086604997302D+01  2.069859626808D+01  2.053036344914D+01
  2.036141872821D+01  2.019182074251D+01  2.002161682067D+01  1.985084416962D+01
  1.967952741766D+01  1.950768016727D+01  1.933530300624D+01  1.916238564277D+01
  1.898890562161D+01  1.881483128971D+01  1.864012146160D+01  1.846472943236D+01
  1.828860374975D+01  1.811169333333D+01  1.793394926777D+01  1.775533075251D+01
  1.757580741346D+01  1.739536533483D+01  1.721400890850D+01  1.703176578953D+01
  1.684868704634D+01  1.666484986332D+01  1.648035503528D+01  1.629532683272D+01
  1.610990774055D+01  1.592425591564D+01  1.573853809172D+01  1.555292592858D+01
  1.536758859077D+01  1.518268951530D+01  1.499838003724D+01  1.481479766687D+01
  1.463206150172D+01  1.445027239035D+01  1.426951018185D+01  1.408983556731D+01
  1.391128877634D+01  1.373389260054D+01  1.355765200113D+01  1.338255778786D+01
  1.320858665373D+01  1.303570508654D+01  1.286386947688D+01  1.269302997755D+01
  1.252313046366D+01  1.235411217459D+01  1.218591340811D+01  1.201847286533D+01
  1.185172903003D+01  1.168562319146D+01  1.152009850213D+01  1.135510268532D+01
  1.119058678799D+01  1.102650759688D+01  1.086282611537D+01  1.069950972016D+01
  1.053653039602D+01  1.037386666801D+01  1.021150162924D+01  1.004942468305D+01
  9.887629397261D+00  9.726115088297D+00  9.564884531732D+00  9.403945415555D+00
  9.243307931499D+00  9.082986118382D+00  8.922995351295D+00  8.763353587861D+00
  8.604078763463D+00  8.445189943546D+00  8.286704622849D+00  8.128639776349D+00
  7.971009049966D+00  7.813823692756D+00  7.657089618448D+00  7.500808194356D+00
  7.344973148537D+00  7.189571233191D+00  7.034578822374D+00  6.879962586517D+00
  6.725675786707D+00
Vac0 POTENTIAL                      exc: Vosko,Wilk,Nusair      
  2.37798540  6.82500000  2.34921590
   0.00000
   2.59633   0.7252335704   0.8163422758
353
 0.25000000D-01 0.39141124D-03
 0 1
  7.465692111997D-01  7.465462810382D-01  7.465219297061D-01  7.465150285285D-01
  7.465110382550D-01  7.465095049537D-01  7.465081121131D-01  7.465082521538D-01
  7.465081404101D-01  7.465093781809D-01  7.465102805820D-01  7.465125043139D-01
  7.465143993666D-01  7.465176471383D-01  7.465206171647D-01  7.465250079112D-01
  7.465292050419D-01  7.465349231624D-01  7.465405648859D-01  7.465478631318D-01
  7.465552406754D-01  7.465644529495D-01  7.465739481683D-01  7.465855106684D-01
  7.465976215881D-01  7.466121029697D-01  7.466274793301D-01  7.466456225775D-01
  7.466651147526D-01  7.466878942221D-01  7.467126198757D-01  7.467413191188D-01
  7.467727541023D-01  7.468090721268D-01  7.468491747260D-01  7.468953713598D-01
  7.469467507396D-01  7.470057561929D-01  7.470657382017D-01  7.470905808342D-01
  7.470634715055D-01  7.470386022094D-01  7.470142110236D-01  7.469918662140D-01
  7.469698237266D-01  7.469496676611D-01  7.469296680612D-01  7.469114216026D-01
  7.468932095675D-01  7.468766387258D-01  7.468599994129D-01  7.468449065598D-01
  7.468296578654D-01  7.468158749273D-01  7.468018614841D-01  7.467892446071D-01
  7.467763330279D-01  7.467647583601D-01  7.467528334858D-01  7.467421938092D-01
  7.467311556847D-01  7.467213577017D-01  7.467111191392D-01  7.467020812827D-01
  7.466925658836D-01  7.466842165164D-01  7.466753570415D-01  7.466676329842D-01
  7.466593700128D-01  7.466522153268D-01  7.466444961500D-01  7.466378611204D-01
  7.466306388035D-01  7.466244790885D-01  7.466177117029D-01  7.466119876191D-01
  7.466056375774D-01  7.466003134967D-01  7.465943470015D-01  7.465893908372D-01
  7.465837774025D-01  7.465791601690D-01  7.465738722169D-01  7.465695676568D-01
  7.465645801685D-01  7.465605644269D-01  7.465558546413D-01  7.465521059850D-01
  7.465476531389D-01  7.465441517167D-01  7.465399368161D-01  7.465366644440D-01
  7.465326700673D-01  7.465296100425D-01  7.465258201659D-01  7.465229571044D-01
  7.465193569486D-01  7.465166766414D-01  7.465132525346D-01  7.465107418186D-01
  7.465074810778D-01  7.465051277214D-01  7.465020185416D-01  7.464998111438D-01
  7.464968425037D-01  7.464947703997D-01  7.464919319710D-01  7.464899851505D-01
  7.464872672216D-01  7.464854362508D-01  7.464828296494D-01  7.464811056031D-01
  7.464786016328D-01  7.464769760273D-01  7.464745664023D-01  7.464730311358D-01
  7.464707079243D-01  7.464692552194D-01  7.464670107862D-01  7.464656331371D-01
  7.464634600916D-01  7.464621502107D-01  7.464600413562D-01  7.464587921244D-01
  7.464567404072D-01  7.464555448250D-01  7.464535432865D-01  7.464523944237D-01
  7.464504361510D-01  7.464493270999D-01  7.464474051769D-01  7.464463290006D-01
  7.464444364588D-01  7.464433861430D-01  7.464415159088D-01  7.464404843086D-01
  7.464386291518D-01  7.464376089382D-01  7.464357614166D-01  7.464347450193D-01
  7.464328974203D-01  7.464318769689D-01  7.464300212479D-01  7.464289885076D-01
  7.464271162231D-01  7.464260625275D-01  7.464241647702D-01  7.464230809486D-01
  7.464211482663D-01  7.464200245647D-01  7.464180468805D-01  7.464168728772D-01
  7.464148394014D-01  7.464136039145D-01  7.464115030481D-01  7.464101940353D-01
  7.464080132651D-01  7.464066177136D-01  7.464043434978D-01  7.464028473053D-01
  7.464004649477D-01  7.463988527903D-01  7.463963463036D-01  7.463946014921D-01
  7.463919534460D-01  7.463900577679D-01  7.463872491238D-01  7.463851826692D-01
  7.463821925979D-01  7.463799335678D-01  7.463767392485D-01  7.463742637448D-01
  7.463708401439D-01  7.463681219370D-01  7.463644415646D-01  7.463614518373D-01
  7.463574844785D-01  7.463541915440D-01  7.463499039625D-01  7.463462729532D-01
  7.463416285643D-01  7.463376210884D-01  7.463325795984D-01  7.463281533606D-01
  7.463226703680D-01  7.463177787510D-01  7.463118053073D-01  7.463063969099D-01
  7.462998790337D-01  7.462938971602D-01  7.462867753007D-01  7.462801573974D-01
  7.462723658422D-01  7.462650428746D-01  7.462565090955D-01  7.462484048606D-01
  7.462390487900D-01  7.462300791564D-01  7.462198123891D-01  7.462098844574D-01
  7.461986093678D-01  7.461876205425D-01  7.461752293095D-01  7.461630662744D-01
  7.461494398035D-01  7.461359773885D-01  7.461209841211D-01  7.461060840504D-01
  7.460895786478D-01  7.460730881562D-01  7.460549100450D-01  7.460366603492D-01
  7.460166321136D-01  7.459964367220D-01  7.459743623276D-01  7.459520151721D-01
  7.459276780020D-01  7.459029513744D-01  7.458761120585D-01  7.458487543277D-01
  7.458191483440D-01  7.457888814344D-01  7.457562164568D-01  7.457227330596D-01
  7.456866860266D-01  7.456496465181D-01  7.456098603925D-01  7.455688894268D-01
  7.455249696131D-01  7.454796523556D-01  7.454311627397D-01  7.453810407032D-01
  7.453274992743D-01  7.452720657149D-01  7.452129397245D-01  7.451516345519D-01
  7.450863351613D-01  7.450185393104D-01  7.449464156732D-01  7.448714448807D-01
  7.447917775979D-01  7.447088755210D-01  7.446208694040D-01  7.445292000093D-01
  7.444319760767D-01  7.443306152230D-01  7.442232018478D-01  7.441111279760D-01
  7.439924510940D-01  7.438685349286D-01  7.437374072062D-01  7.436004003618D-01
  7.434555092120D-01  7.433040315870D-01  7.431439259086D-01  7.429764517359D-01
  7.427995272385D-01  7.426143696466D-01  7.424188526076D-01  7.422141465305D-01
  7.419980758132D-01  7.417717590693D-01  7.415329662117D-01  7.412827585493D-01
  7.410188457112D-01  7.407422255981D-01  7.404505411295D-01  7.401447200339D-01
  7.398223313989D-01  7.394842252818D-01  7.391278890407D-01  7.387540867447D-01
  7.383602152603D-01  7.379469434390D-01  7.375115679306D-01  7.370546521207D-01
  7.365733816400D-01  7.360682030217D-01  7.355361788696D-01  7.349776262019D-01
  7.343894712366D-01  7.337718873817D-01  7.331216495904D-01  7.324387719528D-01
  7.317198615655D-01  7.309647556718D-01  7.301698749812D-01  7.293348602974D-01
  7.284559252124D-01  7.275324921479D-01  7.265605443370D-01  7.255392611914D-01
  7.244643694656D-01  7.233347778450D-01  7.221459271662D-01  7.208964240997D-01
  7.195813902731D-01  7.181990948931D-01  7.167443025862D-01  7.152149047672D-01
  7.136052659688D-01  7.119128537195D-01  7.101315830778D-01  7.082584447211D-01
  7.062868473323D-01  7.042132435249D-01  7.020304696382D-01  6.997343690257D-01
  6.973171287010D-01  6.947738993897D-01  6.920961283206D-01  6.892781752771D-01
  6.863106406419D-01  6.831869764742D-01  6.798968086738D-01  6.764325418442D-01
  6.727826741326D-01  6.689383942957D-01  6.648868873777D-01  6.606179219538D-01
  6.561171443047D-01  6.513726532474D-01  6.463682798132D-01  6.410901463492D-01
  6.355199278733D-01  6.296413911887D-01  6.234336330110D-01  6.168775936248D-01
  6.099492654839D-01  6.026261743604D-01  5.948805503100D-01  5.866857672208D-01
  5.780094656873D-01  5.688199392097D-01  5.590791954861D-01  5.487492740838D-01
  5.377852287524D-01  5.261413570000D-01  5.137640810714D-01  5.005980643320D-01
  4.865789623868D-01  4.716393944099D-01  4.557015284622D-01  4.386828680565D-01
  4.204886274162D-01  4.010172844113D-01  3.801526967459D-01  3.577693601737D-01
  3.337242048354D-01  3.078616465601D-01  2.800045448579D-01  2.499594301867D-01
  2.175067609886D-01
Vac0 POTENTIAL                      exc: Vosko,Wilk,Nusair      
  1.80145647  6.82500000  1.81203139
   0.00000
   2.10533   0.7252335704   0.8163422758
353
 0.25000000D-01 0.31739093D-03
 0 1
  5.566436777724D-01  5.566078554870D-01  5.565707496389D-01  5.565595128494D-01
  5.565532670762D-01  5.565495459919D-01  5.565466037011D-01  5.565447614839D-01
  5.565430641748D-01  5.565421386918D-01  5.565411717867D-01  5.565408653355D-01
  5.565404496422D-01  5.565406539760D-01  5.565407271544D-01  5.565414117094D-01
  5.565419666462D-01  5.565431428063D-01  5.565442063783D-01  5.565459147573D-01
  5.565475404283D-01  5.565498470441D-01  5.565521135592D-01  5.565551104781D-01
  5.565581240999D-01  5.565619329785D-01  5.565658323049D-01  5.565706105412D-01
  5.565755739834D-01  5.565815235790D-01  5.565877797661D-01  5.565951595026D-01
  5.566030014293D-01  5.566121432473D-01  5.566219472355D-01  5.566332781231D-01
  5.566455288784D-01  5.566595849876D-01  5.566735912436D-01  5.566783601250D-01
  5.566703484623D-01  5.566631211404D-01  5.566559045056D-01  5.566494156923D-01
  5.566428862430D-01  5.566370379074D-01  5.566311063405D-01  5.566258169488D-01
  5.566204086610D-01  5.566156098275D-01  5.566106620206D-01  5.566062959667D-01
  5.566017553855D-01  5.565977729484D-01  5.565935941379D-01  5.565899532239D-01
  5.565860971445D-01  5.565827614941D-01  5.565791944228D-01  5.565761326333D-01
  5.565728252868D-01  5.565700100186D-01  5.565669368455D-01  5.565643441831D-01
  5.565614827746D-01  5.565590917061D-01  5.565564223332D-01  5.565542143114D-01
  5.565517195254D-01  5.565496781184D-01  5.565473424275D-01  5.565454530190D-01
  5.565432626208D-01  5.565415121615D-01  5.565394547092D-01  5.565378315072D-01
  5.565358959196D-01  5.565343894646D-01  5.565325657630D-01  5.565311665728D-01
  5.565294457408D-01  5.565281452361D-01  5.565265191005D-01  5.565253094913D-01
  5.565237706206D-01  5.565226448077D-01  5.565211864209D-01  5.565201379212D-01
  5.565187538121D-01  5.565177766792D-01  5.565164611458D-01  5.565155499107D-01
  5.565142977000D-01  5.565134473125D-01  5.565122535668D-01  5.565114593470D-01
  5.565103195546D-01  5.565095771505D-01  5.565084871074D-01  5.565077924536D-01
  5.565067482251D-01  5.565060975087D-01  5.565050953952D-01  5.565044850224D-01
  5.565035215286D-01  5.565029480961D-01  5.565020199030D-01  5.565014801697D-01
  5.565005841086D-01  5.565000749704D-01  5.564992079975D-01  5.564987264654D-01
  5.564978856382D-01  5.564974288125D-01  5.564966112689D-01  5.564961763189D-01
  5.564953792545D-01  5.564949633969D-01  5.564941840447D-01  5.564937845226D-01
  5.564930201312D-01  5.564926341940D-01  5.564918820075D-01  5.564915068889D-01
  5.564907641256D-01  5.564903970227D-01  5.564896608538D-01  5.564892989056D-01
  5.564885664319D-01  5.564882066966D-01  5.564874749268D-01  5.564871143573D-01
  5.564863801827D-01  5.564860156025D-01  5.564852757719D-01  5.564849038477D-01
  5.564841549401D-01  5.564837721548D-01  5.564830105484D-01  5.564826131699D-01
  5.564818350132D-01  5.564814190616D-01  5.564806202379D-01  5.564801814499D-01
  5.564793575406D-01  5.564788913318D-01  5.564780375761D-01  5.564775389990D-01
  5.564766502505D-01  5.564761139480D-01  5.564751846268D-01  5.564746047831D-01
  5.564736288237D-01  5.564729991086D-01  5.564719699016D-01  5.564712834116D-01
  5.564701937421D-01  5.564694429331D-01  5.564682849102D-01  5.564674615257D-01
  5.564662265074D-01  5.564653214985D-01  5.564640000067D-01  5.564630034438D-01
  5.564615850733D-01  5.564604860493D-01  5.564589593646D-01  5.564577458883D-01
  5.564560983126D-01  5.564547571903D-01  5.564529748807D-01  5.564514915863D-01
  5.564495592978D-01  5.564479178297D-01  5.564458187640D-01  5.564440014858D-01
  5.564417171253D-01  5.564397045917D-01  5.564372145149D-01  5.564349852780D-01
  5.564322669572D-01  5.564297973533D-01  5.564268259301D-01  5.564240898441D-01
  5.564208378815D-01  5.564178064866D-01  5.564142436958D-01  5.564108851654D-01
  5.564069781033D-01  5.564032572940D-01  5.563989690290D-01  5.563948471290D-01
  5.563901368720D-01  5.563855710132D-01  5.563803937100D-01  5.563753365394D-01
  5.563696424197D-01  5.563640416254D-01  5.563577757048D-01  5.563515734924D-01
  5.563446750223D-01  5.563378075365D-01  5.563302093950D-01  5.563226060797D-01
  5.563142340998D-01  5.563058169913D-01  5.562965892176D-01  5.562872721634D-01
  5.562770980303D-01  5.562667858253D-01  5.562555652497D-01  5.562441526816D-01
  5.562317750584D-01  5.562191458526D-01  5.562054889460D-01  5.561915145987D-01
  5.561764433152D-01  5.561609818045D-01  5.561443468371D-01  5.561272411969D-01
  5.561088775267D-01  5.560899542706D-01  5.560696795089D-01  5.560487468882D-01
  5.560263594445D-01  5.560032055211D-01  5.559784825774D-01  5.559528730937D-01
  5.559255683643D-01  5.558972443876D-01  5.558670856421D-01  5.558357609597D-01
  5.558024472836D-01  5.557678055224D-01  5.557310042874D-01  5.556926957274D-01
  5.556520392414D-01  5.556096772918D-01  5.555647590919D-01  5.555179163934D-01
  5.554682871462D-01  5.554164912582D-01  5.553616542240D-01  5.553043828539D-01
  5.552437888679D-01  5.551804645914D-01  5.551135065100D-01  5.550434909287D-01
  5.549694974833D-01  5.548920847582D-01  5.548103137512D-01  5.547247234444D-01
  5.546343542172D-01  5.545397233659D-01  5.544398484584D-01  5.543352227977D-01
  5.542248387112D-01  5.541091629520D-01  5.539871599162D-01  5.538592669741D-01
  5.537244176081D-01  5.535830166660D-01  5.534339634107D-01  5.532776266864D-01
  5.531128678701D-01  5.529400159418D-01  5.527578903257D-01  5.525667758533D-01
  5.523654454828D-01  5.521541351421D-01  5.519315663119D-01  5.516979207357D-01
  5.514518628500D-01  5.511935143454D-01  5.509214764266D-01  5.506358042070D-01
  5.503350287779D-01  5.500191314159D-01  5.496865654395D-01  5.493372302060D-01
  5.489694927289D-01  5.485831614389D-01  5.481765075325D-01  5.477492384667D-01
  5.472995190050D-01  5.468269444120D-01  5.463295611574D-01  5.458068397710D-01
  5.452566951602D-01  5.446784590794D-01  5.440699000095D-01  5.434301951881D-01
  5.427569499907D-01  5.420491694604D-01  5.413042771193D-01  5.405210859252D-01
  5.396968164311D-01  5.388300670824D-01  5.379178316263D-01  5.369584686481D-01
  5.359487181141D-01  5.348866700252D-01  5.337687799540D-01  5.325928366696D-01
  5.313549765025D-01  5.300526497618D-01  5.286816337269D-01  5.272389976411D-01
  5.257201140839D-01  5.241216222770D-01  5.224384375348D-01  5.206667125575D-01
  5.188008445874D-01  5.168364342854D-01  5.147672901320D-01  5.125883843820D-01
  5.102928541357D-01  5.078749537395D-01  5.053270518050D-01  5.026425792599D-01
  4.998130214043D-01  4.968308606033D-01  4.936865622280D-01  4.903715107074D-01
  4.868749878863D-01  4.831871007992D-01  4.792957505702D-01  4.751895498080D-01
  4.708547796414D-01  4.662782940323D-01  4.614444618459D-01  4.563380545860D-01
  4.509411694906D-01  4.452360961544D-01  4.392022154413D-01  4.328188390876D-01
  4.260620776419D-01  4.189076453278D-01  4.113276881271D-01  4.032935437757D-01
  3.947725183298D-01  3.857305879788D-01  3.761291087469D-01  3.659274426115D-01
  3.550795801402D-01  3.435366674436D-01  3.312435171156D-01  3.181410027262D-01
  3.041624207925D-01  2.892358227151D-01  2.732798166988D-01  2.562061748364D-01
  2.379150757670D-01
