In49 POTENTIAL                      exc: Vosko,Wilk,Nusair      
  2.37798540  6.82500000  2.34921590
  49.00000
   2.59633   0.7246891021   0.8163283616
353
 0.25000000D-01 0.39141124D-03
 9 1
    0  -1.96656160000D+03
    0  -2.87428550000D+02
    0  -5.37136240000D+01
    0  -7.39818510000D+00
    1  -2.68528840000D+02
    1  -4.59639090000D+01
    1  -4.86454470000D+00
    2  -3.15522220000D+01
    2  -7.38539920000D-01
  4.724081921619D+02  4.724359162449D+02  4.724642704880D+02  4.724932607273D+02
  4.725228959664D+02  4.725531903334D+02  4.725841537535D+02  4.726158004493D+02
  4.726481405632D+02  4.726811884359D+02  4.727149543521D+02  4.727494527341D+02
  4.727846939538D+02  4.728206924726D+02  4.728574586940D+02  4.728950070671D+02
  4.729333479666D+02  4.729724957691D+02  4.730124607530D+02  4.730532571530D+02
  4.730948950749D+02  4.731373885322D+02  4.731807473721D+02  4.732249852973D+02
  4.732701117993D+02  4.733161401682D+02  4.733630794312D+02  4.734109423515D+02
  4.734597373702D+02  4.735094765950D+02  4.735601677446D+02  4.736118221277D+02
  4.736644465889D+02  4.737180514779D+02  4.737726425959D+02  4.738282291559D+02
  4.738848157281D+02  4.739424101915D+02  4.740010156774D+02  4.740606385129D+02
  4.741212801693D+02  4.741829451718D+02  4.742456330624D+02  4.743093463166D+02
  4.743740822773D+02  4.744398410706D+02  4.745066175348D+02  4.745744091273D+02
  4.746432078480D+02  4.747130081365D+02  4.747837987897D+02  4.748555708484D+02
  4.749283095090D+02  4.750020019993D+02  4.750766294830D+02  4.751521749253D+02
  4.752286149888D+02  4.753059278888D+02  4.753840852805D+02  4.754630601032D+02
  4.755428184583D+02  4.756233274425D+02  4.757045470161D+02  4.757864378245D+02
  4.758689530572D+02  4.759520462566D+02  4.760356631679D+02  4.761197495357D+02
  4.762042429433D+02  4.762890805979D+02  4.763741911596D+02  4.764595025150D+02
  4.765449335958D+02  4.766304021412D+02  4.767158165069D+02  4.768010834162D+02
  4.768860997602D+02  4.769707603388D+02  4.770549496519D+02  4.771385496317D+02
  4.772214314267D+02  4.773034631255D+02  4.773845015353D+02  4.774643998996D+02
  4.775429996719D+02  4.776201382300D+02  4.776956406470D+02  4.777693274042D+02
  4.778410061626D+02  4.779104794769D+02  4.779775365715D+02  4.780419610581D+02
  4.781035227196D+02  4.781619852368D+02  4.782170979837D+02  4.782686037676D+02
  4.783162306411D+02  4.783596996608D+02  4.783987167219D+02  4.784329803413D+02
  4.784621735205D+02  4.784859715609D+02  4.785040339610D+02  4.785160122712D+02
  4.785215420343D+02  4.785202506861D+02  4.785117495481D+02  4.784956417831D+02
  4.784715144482D+02  4.784389465151D+02  4.783975009924D+02  4.783467330198D+02
  4.782861820703D+02  4.782153801279D+02  4.781338439790D+02  4.780410834837D+02
  4.779365939660D+02  4.778198645893D+02  4.776903708537D+02  4.775475830846D+02
  4.773909590472D+02  4.772199525544D+02  4.770340062069D+02  4.768325601275D+02
  4.766150448315D+02  4.763808900923D+02  4.761295179454D+02  4.758603516877D+02
  4.755728090146D+02  4.752663111520D+02  4.749402761232D+02  4.745941280075D+02
  4.742272903287D+02  4.738391954298D+02  4.734292779704D+02  4.729969843995D+02
  4.725417665418D+02  4.720630911469D+02  4.715604335360D+02  4.710332871963D+02
  4.704811574541D+02  4.699035710741D+02  4.693000699152D+02  4.686702204874D+02
  4.680136075366D+02  4.673298435015D+02  4.666185619665D+02  4.658794269521D+02
  4.651121261648D+02  4.643163800467D+02  4.634919347449D+02  4.626385708384D+02
  4.617560959436D+02  4.608443530337D+02  4.599032125941D+02  4.589325804486D+02
  4.579323893809D+02  4.569026063886D+02  4.558432236963D+02  4.547542653696D+02
  4.536357776629D+02  4.524878349576D+02  4.513105294142D+02  4.501039762215D+02
  4.488683025855D+02  4.476036523393D+02  4.463101743494D+02  4.449880266159D+02
  4.436373642679D+02  4.422583433795D+02  4.408511088379D+02  4.394157982206D+02
  4.379525299468D+02  4.364614076947D+02  4.349425093809D+02  4.333958927206D+02
  4.318215856883D+02  4.302195939062D+02  4.285898932752D+02  4.269324398527D+02
  4.252471652419D+02  4.235339894186D+02  4.217928191517D+02  4.200235637971D+02
  4.182261364460D+02  4.164004720064D+02  4.145465299825D+02  4.126643133138D+02
  4.107538708481D+02  4.088153146637D+02  4.068488197380D+02  4.048546371983D+02
  4.028330887770D+02  4.007845739422D+02  3.987095576689D+02  3.966085707365D+02
  3.944821909779D+02  3.923310378262D+02  3.901557489953D+02  3.879569719620D+02
  3.857353392931D+02  3.834914605570D+02  3.812258998006D+02  3.789391711505D+02
  3.766317212486D+02  3.743039307463D+02  3.719561032064D+02  3.695884732790D+02
  3.672012021665D+02  3.647943919564D+02  3.623680865990D+02  3.599222909292D+02
  3.574569753837D+02  3.549720977344D+02  3.524676094577D+02  3.499434780595D+02
  3.473996930063D+02  3.448362866360D+02  3.422533377696D+02  3.396509894730D+02
  3.370294488074D+02  3.343890001197D+02  3.317299998199D+02  3.290528843514D+02
  3.263581594406D+02  3.236464024979D+02  3.209182464366D+02  3.181743769835D+02
  3.154155119699D+02  3.126423948831D+02  3.098557714740D+02  3.070563819247D+02
  3.042449375928D+02  3.014221151166D+02  2.985885370328D+02  2.957447717746D+02
  2.928913221233D+02  2.900286347180D+02  2.871570991754D+02  2.842770686304D+02
  2.813888691825D+02  2.784928287932D+02  2.755892917898D+02  2.726786483510D+02
  2.697613443767D+02  2.668379010397D+02  2.639089101763D+02  2.609750364186D+02
  2.580369944712D+02  2.550955349624D+02  2.521514096028D+02  2.492053507792D+02
  2.462580370865D+02  2.433100796967D+02  2.403619999693D+02  2.374142315273D+02
  2.344671152901D+02  2.315209188506D+02  2.285758471469D+02  2.256320746916D+02
  2.226897656237D+02  2.197491115308D+02  2.168103533632D+02  2.138738176162D+02
  2.109399334713D+02  2.080092615953D+02  2.050825017743D+02  2.021605106079D+02
  1.992442969503D+02  1.963350267522D+02  1.934340055332D+02  1.905426704761D+02
  1.876625607509D+02  1.847952984986D+02  1.819425493325D+02  1.791059951986D+02
  1.762872887584D+02  1.734880225267D+02  1.707096823416D+02  1.679536189101D+02
  1.652210075805D+02  1.625128307469D+02  1.598298536753D+02  1.571726286340D+02
  1.545414980795D+02  1.519366308144D+02  1.493580593776D+02  1.468057481964D+02
  1.442796545159D+02  1.417798045750D+02  1.393063412394D+02  1.368595638127D+02
  1.344399206584D+02  1.320479860161D+02  1.296843956631D+02  1.273497854647D+02
  1.250447144024D+02  1.227696156145D+02  1.205247504262D+02  1.183101995261D+02
  1.161258574096D+02  1.139714580021D+02  1.118465944428D+02  1.097507603927D+02
  1.076833769123D+02  1.056438341014D+02  1.036315134604D+02  1.016458219506D+02
  9.968620503310D+01  9.775217075120D+01  9.584329286273D+01  9.395922551976D+01
  9.209969789182D+01  9.026452136544D+01  8.845357781663D+01  8.666682160646D+01
  8.490426377581D+01  8.316597102528D+01  8.145204787965D+01  7.976263451904D+01
  7.809788857425D+01  7.645798324973D+01  7.484308996503D+01  7.325337776059D+01
  7.168899756207D+01  7.015008344429D+01  6.863673891105D+01  6.714904024781D+01
  6.568702490937D+01  6.425069693889D+01  6.284001735165D+01  6.145491144116D+01
  6.009526093399D+01  5.876091292802D+01  5.745167354493D+01  5.616731821104D+01
  5.490758649594D+01  5.367219338506D+01  5.246082488930D+01  5.127314979903D+01
  5.010881543448D+01  4.896745912237D+01  4.784870322291D+01  4.675216542221D+01
  4.567745218865D+01  4.462416721665D+01  4.359190294804D+01  4.258024716810D+01
  4.158877296643D+01  4.061704426431D+01  3.966460468803D+01  3.873098333188D+01
  3.781568327013D+01
N_07 POTENTIAL                      exc: Vosko,Wilk,Nusair      
  1.80145647  6.82500000  1.81203139
   7.00000
   2.10533   0.7246891021   0.8163283616
353
 0.25000000D-01 0.31739093D-03
 2 1
    0  -2.69998930000D+01
    0  -4.29582100000D-01
  2.594276358137D+01  2.594316463652D+01  2.594357548900D+01  2.594402232199D+01
  2.594448541558D+01  2.594496246387D+01  2.594545231489D+01  2.594595532881D+01
  2.594647112430D+01  2.594700036767D+01  2.594754282708D+01  2.594809925417D+01
  2.594866947261D+01  2.594925427421D+01  2.594985351441D+01  2.595046801192D+01
  2.595109764624D+01  2.595174325840D+01  2.595240474917D+01  2.595308298025D+01
  2.595377787280D+01  2.595449030878D+01  2.595522022965D+01  2.595596853776D+01
  2.595673519519D+01  2.595752112513D+01  2.595832631081D+01  2.595915169688D+01
  2.595999728835D+01  2.596086405208D+01  2.596175201563D+01  2.596266216878D+01
  2.596359456249D+01  2.596455021033D+01  2.596552918746D+01  2.596653253213D+01
  2.596756034461D+01  2.596861368869D+01  2.596969269083D+01  2.597079844394D+01
  2.597193148985D+01  2.597309254818D+01  2.597428180039D+01  2.597550039286D+01
  2.597674853584D+01  2.597802740501D+01  2.597933724042D+01  2.598067924798D+01
  2.598205369851D+01  2.598346182918D+01  2.598490394251D+01  2.598638130788D+01
  2.598789426049D+01  2.598944410287D+01  2.599103120383D+01  2.599265689998D+01
  2.599432159467D+01  2.599602665945D+01  2.599777253309D+01  2.599956062298D+01
  2.600139140409D+01  2.600326632045D+01  2.600518588404D+01  2.600715157625D+01
  2.600916394678D+01  2.601122451505D+01  2.601333386909D+01  2.601549356693D+01
  2.601770423546D+01  2.601996747177D+01  2.602228394204D+01  2.602465528277D+01
  2.602708219966D+01  2.602956636883D+01  2.603210853564D+01  2.603471041585D+01
  2.603737279438D+01  2.604009742648D+01  2.604288513637D+01  2.604573771836D+01
  2.604865603546D+01  2.605164192043D+01  2.605469627427D+01  2.605782096721D+01
  2.606101693716D+01  2.606428609058D+01  2.606762940082D+01  2.607104880893D+01
  2.607454532187D+01  2.607812091322D+01  2.608177662128D+01  2.608551444962D+01
  2.608933546509D+01  2.609324169822D+01  2.609723424108D+01  2.610131514753D+01
  2.610548553089D+01  2.610974746406D+01  2.611410207700D+01  2.611855145660D+01
  2.612309674405D+01  2.612774003446D+01  2.613248247397D+01  2.613732615917D+01
  2.614227223397D+01  2.614732278877D+01  2.615247895702D+01  2.615774281409D+01
  2.616311547362D+01  2.616859898602D+01  2.617419443444D+01  2.617990383300D+01
  2.618572822241D+01  2.619166956775D+01  2.619772885374D+01  2.620390798211D+01
  2.621020786642D+01  2.621663032901D+01  2.622317619529D+01  2.622984719027D+01
  2.623664403229D+01  2.624356832905D+01  2.625062067077D+01  2.625780252561D+01
  2.626511433227D+01  2.627255739480D+01  2.628013197451D+01  2.628783918410D+01
  2.629567907892D+01  2.630365255033D+01  2.631175941623D+01  2.632000031364D+01
  2.632837478838D+01  2.633688318690D+01  2.634552474505D+01  2.635429947898D+01
  2.636320627309D+01  2.637224476992D+01  2.638141345713D+01  2.639071155639D+01
  2.640013710938D+01  2.640968886556D+01  2.641936436711D+01  2.642916183564D+01
  2.643907825590D+01  2.644911126143D+01  2.645925721703D+01  2.646951310324D+01
  2.647987459756D+01  2.649033795771D+01  2.650089810162D+01  2.651155048933D+01
  2.652228920179D+01  2.653310882143D+01  2.654400250969D+01  2.655496388623D+01
  2.656598510523D+01  2.657705873328D+01  2.658817582438D+01  2.659932779664D+01
  2.661050450596D+01  2.662169612152D+01  2.663289119834D+01  2.664407855160D+01
  2.665524532807D+01  2.666637887946D+01  2.667746483284D+01  2.668848896308D+01
  2.669943526255D+01  2.671028781274D+01  2.672102885339D+01  2.673164065369D+01
  2.674210358094D+01  2.675239797161D+01  2.676250219994D+01  2.677239454912D+01
  2.678205128018D+01  2.679144850371D+01  2.680056024949D+01  2.680936033917D+01
  2.681782045719D+01  2.682591202492D+01  2.683360427340D+01  2.684086611966D+01
  2.684766424192D+01  2.685396495870D+01  2.685973230726D+01  2.686492992637D+01
  2.686951913872D+01  2.687346083820D+01  2.687671357732D+01  2.687923545988D+01
  2.688098223438D+01  2.688190919315D+01  2.688196927286D+01  2.688111496124D+01
  2.687929640579D+01  2.687646332934D+01  2.687256314814D+01  2.686754289752D+01
  2.686134736072D+01  2.685392100586D+01  2.684520612673D+01  2.683514479252D+01
  2.682367700186D+01  2.681074264647D+01  2.679627967983D+01  2.678022609598D+01
  2.676251811398D+01  2.674309217299D+01  2.672188313359D+01  2.669882629020D+01
  2.667385559010D+01  2.664690566392D+01  2.661791006309D+01  2.658680330891D+01
  2.655351914871D+01  2.651799262366D+01  2.648015834363D+01  2.643995257346D+01
  2.639731152593D+01  2.635217346575D+01  2.630447701956D+01  2.625416329621D+01
  2.620117421206D+01  2.614545462546D+01  2.608695067493D+01  2.602561192495D+01
  2.596138971369D+01  2.589423930647D+01  2.582411824890D+01  2.575098852332D+01
  2.567481490234D+01  2.559556710271D+01  2.551321813312D+01  2.542774643907D+01
  2.533913423794D+01  2.524736964734D+01  2.515244499955D+01  2.505435894497D+01
  2.495311473721D+01  2.484872230246D+01  2.474119648569D+01  2.463055907616D+01
  2.451683700469D+01  2.440006431498D+01  2.428028030156D+01  2.415753141632D+01
  2.403186933722D+01  2.390335279936D+01  2.377204558320D+01  2.363801826139D+01
  2.350134609714D+01  2.336211069698D+01  2.322039781097D+01  2.307629888366D+01
  2.292990874926D+01  2.278132707480D+01  2.263065594547D+01  2.247800119663D+01
  2.232346988740D+01  2.216717152140D+01  2.200921541060D+01  2.184971178914D+01
  2.168876907466D+01  2.152649488576D+01  2.136299321533D+01  2.119836537096D+01
  2.103270708542D+01  2.086610941207D+01  2.069865581311D+01  2.053042306104D+01
  2.036147836798D+01  2.019188037157D+01  2.002167640142D+01  1.985090366590D+01
  1.967958679538D+01  1.950773939496D+01  1.933536205580D+01  1.916244449004D+01
  1.898896424716D+01  1.881488967941D+01  1.864017960728D+01  1.846478733224D+01
  1.828866140890D+01  1.811175076370D+01  1.793400648819D+01  1.775538778822D+01
  1.757586429546D+01  1.739542209876D+01  1.721406559338D+01  1.703182243599D+01
  1.684874369494D+01  1.666490655259D+01  1.648041179997D+01  1.629538370207D+01
  1.610996473704D+01  1.592431305391D+01  1.573859537814D+01  1.555298336101D+01
  1.536764615896D+01  1.518274720138D+01  1.499843781665D+01  1.481485550932D+01
  1.463211937235D+01  1.445033025073D+01  1.426956799113D+01  1.408989328305D+01
  1.391134635542D+01  1.373394999969D+01  1.355770917755D+01  1.338261469952D+01
  1.320864325963D+01  1.303576134674D+01  1.286392535260D+01  1.269308543095D+01
  1.252318545778D+01  1.235416667297D+01  1.218596737466D+01  1.201852626386D+01
  1.185178182401D+01  1.168567534360D+01  1.152014997410D+01  1.135515343733D+01
  1.119063677856D+01  1.102655678250D+01  1.086287445030D+01  1.069955715619D+01
  1.053657688244D+01  1.037391215145D+01  1.021154605376D+01  1.004946799016D+01
  9.887671526229D+00  9.726155976291D+00  9.564924114326D+00  9.403983627122D+00
  9.243344705890D+00  9.083021389548D+00  8.923029054185D+00  8.763385659257D+00
  8.604109143090D+00  8.445218575105D+00  8.286731455305D+00  8.128664765113D+00
  7.971032158294D+00  7.813844892991D+00  7.657108893410D+00  7.500825538488D+00
  7.344988569094D+00  7.189584750977D+00  7.034590472640D+00  6.879972418826D+00
  6.725683865079D+00
Vac0 POTENTIAL                      exc: Vosko,Wilk,Nusair      
  2.37798540  6.82500000  2.34921590
   0.00000
   2.59633   0.7246891021   0.8163283616
353
 0.25000000D-01 0.39141124D-03
 0 1
  7.465632601841D-01  7.465403666028D-01  7.465160529490D-01  7.465091632372D-01
  7.465051789461D-01  7.465036493648D-01  7.465022591115D-01  7.465024007577D-01
  7.465022901198D-01  7.465035283209D-01  7.465044308759D-01  7.465066541407D-01
  7.465085484603D-01  7.465117948684D-01  7.465147632447D-01  7.465191516372D-01
  7.465233460356D-01  7.465290606330D-01  7.465346983197D-01  7.465419915474D-01
  7.465493633713D-01  7.465585687378D-01  7.465680560591D-01  7.465796091487D-01
  7.465917092948D-01  7.466061779654D-01  7.466215397418D-01  7.466396658637D-01
  7.466591383290D-01  7.466818947198D-01  7.467065937531D-01  7.467352618812D-01
  7.467666608728D-01  7.468029368576D-01  7.468429907142D-01  7.468891304021D-01
  7.469404436288D-01  7.469993719213D-01  7.470592734375D-01  7.470840712135D-01
  7.470569774830D-01  7.470321227951D-01  7.470077456265D-01  7.469854139565D-01
  7.469633841167D-01  7.469432399147D-01  7.469232517723D-01  7.469050160668D-01
  7.468868144511D-01  7.468702533844D-01  7.468536235750D-01  7.468385396366D-01
  7.468232996380D-01  7.468095248523D-01  7.467955193838D-01  7.467829099838D-01
  7.467700057370D-01  7.467584379394D-01  7.467465198251D-01  7.467358864760D-01
  7.467248545928D-01  7.467150624476D-01  7.467048296654D-01  7.466957972020D-01
  7.466862871634D-01  7.466779427878D-01  7.466690882900D-01  7.466613688631D-01
  7.466531105222D-01  7.466459601350D-01  7.466382452716D-01  7.466316142375D-01
  7.466243959455D-01  7.466182399494D-01  7.466114763235D-01  7.466057557060D-01
  7.465994091804D-01  7.465940883316D-01  7.465881251293D-01  7.465831719825D-01
  7.465775616327D-01  7.465729472191D-01  7.465676621624D-01  7.465633602382D-01
  7.465583754701D-01  7.465543621949D-01  7.465496549666D-01  7.465459086207D-01
  7.465414581797D-01  7.465379589225D-01  7.465337462875D-01  7.465304759443D-01
  7.465264837025D-01  7.465234255803D-01  7.465196377173D-01  7.465167764419D-01
  7.465131781862D-01  7.465104995556D-01  7.465070772435D-01  7.465045681019D-01
  7.465013090567D-01  7.464989571796D-01  7.464958496037D-01  7.464936435957D-01
  7.464906764719D-01  7.464886056744D-01  7.464857686821D-01  7.464838230896D-01
  7.464811065208D-01  7.464792767046D-01  7.464766713923D-01  7.464749484316D-01
  7.464724456832D-01  7.464708210982D-01  7.464684126329D-01  7.464668783255D-01
  7.464645562139D-01  7.464631044109D-01  7.464608610218D-01  7.464594842206D-01
  7.464573121666D-01  7.464560030826D-01  7.464538951698D-01  7.464526466867D-01
  7.464505958643D-01  7.464494009849D-01  7.464474002969D-01  7.464462520938D-01
  7.464442946297D-01  7.464431861971D-01  7.464412650429D-01  7.464401894463D-01
  7.464382976351D-01  7.464372478625D-01  7.464353783228D-01  7.464343472306D-01
  7.464324927348D-01  7.464314729954D-01  7.464296261016D-01  7.464286101469D-01
  7.464267631444D-01  7.464257431048D-01  7.464238879506D-01  7.464228555927D-01
  7.464209838462D-01  7.464199305049D-01  7.464180332579D-01  7.464169497633D-01
  7.464150175644D-01  7.464138941636D-01  7.464119169371D-01  7.464107432089D-01
  7.464087101655D-01  7.464074749288D-01  7.464053744703D-01  7.464040656832D-01
  7.464018852965D-01  7.464004899469D-01  7.463982160909D-01  7.463967200765D-01
  7.463943380551D-01  7.463927260524D-01  7.463902198783D-01  7.463884751979D-01
  7.463858274409D-01  7.463839318703D-01  7.463811234916D-01  7.463790571206D-01
  7.463760672905D-01  7.463738083198D-01  7.463706142173D-01  7.463681387481D-01
  7.463647153388D-01  7.463619971408D-01  7.463583169340D-01  7.463553271890D-01
  7.463513599688D-01  7.463480669891D-01  7.463437795179D-01  7.463401484345D-01
  7.463355041262D-01  7.463314965457D-01  7.463264551049D-01  7.463220287301D-01
  7.463165457534D-01  7.463116539652D-01  7.463056805020D-01  7.463002718965D-01
  7.462937539625D-01  7.462877718415D-01  7.462806498834D-01  7.462740316901D-01
  7.462662399921D-01  7.462589166885D-01  7.462503827188D-01  7.462422780981D-01
  7.462329217850D-01  7.462239517115D-01  7.462136846452D-01  7.462037562145D-01
  7.461924807643D-01  7.461814913758D-01  7.461690997148D-01  7.461569360460D-01
  7.461433090733D-01  7.461298459475D-01  7.461148520977D-01  7.460999512315D-01
  7.460834451578D-01  7.460669537779D-01  7.460487748982D-01  7.460305242119D-01
  7.460104951008D-01  7.459902986063D-01  7.459682232186D-01  7.459458748366D-01
  7.459215365434D-01  7.458968085530D-01  7.458699679710D-01  7.458426087275D-01
  7.458130013201D-01  7.457827327321D-01  7.457500661570D-01  7.457165808990D-01
  7.456805320769D-01  7.456434905062D-01  7.456037023799D-01  7.455627291299D-01
  7.455188070821D-01  7.454734872952D-01  7.454249951877D-01  7.453748703512D-01
  7.453213261465D-01  7.452658894885D-01  7.452067604084D-01  7.451454518076D-01
  7.450801489812D-01  7.450123493381D-01  7.449402218828D-01  7.448652468968D-01
  7.447855753740D-01  7.447026686605D-01  7.446146578381D-01  7.445229833177D-01
  7.444257541661D-01  7.443243876473D-01  7.442169684864D-01  7.441048883545D-01
  7.439862050620D-01  7.438622819802D-01  7.437311471582D-01  7.435941326738D-01
  7.434492336648D-01  7.432977476023D-01  7.431376332275D-01  7.429701497387D-01
  7.427932156227D-01  7.426080477468D-01  7.424125200737D-01  7.422078026472D-01
  7.419917201780D-01  7.417653909123D-01  7.415265850732D-01  7.412763635997D-01
  7.410124364284D-01  7.407358010871D-01  7.404441008002D-01  7.401382629202D-01
  7.398158568365D-01  7.394777322274D-01  7.391213767493D-01  7.387475540890D-01
  7.383536614082D-01  7.379403671724D-01  7.375049683228D-01  7.370480278558D-01
  7.365667316895D-01  7.360615259642D-01  7.355294735676D-01  7.349708911211D-01
  7.343827051227D-01  7.337650885800D-01  7.331148167228D-01  7.324319032369D-01
  7.317129554921D-01  7.309578103241D-01  7.301628887127D-01  7.293278310510D-01
  7.284488511987D-01  7.275253711648D-01  7.265533744482D-01  7.255320400468D-01
  7.244570949802D-01  7.233274475197D-01  7.221385387679D-01  7.208889749827D-01
  7.195738780603D-01  7.181915167986D-01  7.167366560973D-01  7.152071869687D-01
  7.135974742267D-01  7.119049850066D-01  7.101236346594D-01  7.082504134829D-01
  7.062787304680D-01  7.042050378665D-01  7.020221723465D-01  6.997259769232D-01
  6.973086389657D-01  6.947653088908D-01  6.920874343164D-01  6.892693747539D-01
  6.863017310156D-01  6.831779549339D-01  6.798876728870D-01  6.764232893052D-01
  6.727733028721D-01  6.689289022335D-01  6.648772730374D-01  6.606081838203D-01
  6.561072815436D-01  6.513626650668D-01  6.463581661883D-01  6.410799073887D-01
  6.355095645478D-01  6.296309047013D-01  6.234230255299D-01  6.168668676570D-01
  6.099384246104D-01  6.026152226121D-01  5.948694929053D-01  5.866746099414D-01
  5.779982156156D-01  5.688086041040D-01  5.590677845151D-01  5.487377971972D-01
  5.377736974110D-01  5.261297835380D-01  5.137524794172D-01  5.005864493589D-01
  4.865673506197D-01  4.716278033587D-01  4.556899773097D-01  4.386713769687D-01
  4.204772182060D-01  4.010059798228D-01  3.801415210840D-01  3.577583385674D-01
  3.337133638461D-01  3.078510131355D-01  2.799941476296D-01  2.499492978704D-01
  2.174969238295D-01
Vac0 POTENTIAL                      exc: Vosko,Wilk,Nusair      
  1.80145647  6.82500000  1.81203139
   0.00000
   2.10533   0.7246891021   0.8163283616
353
 0.25000000D-01 0.31739093D-03
 0 1
  5.566164497326D-01  5.565806651136D-01  5.565435979270D-01  5.565323728041D-01
  5.565261332270D-01  5.565224161323D-01  5.565194766590D-01  5.565176365138D-01
  5.565159408210D-01  5.565150164855D-01  5.565140504305D-01  5.565137444774D-01
  5.565133290739D-01  5.565135334120D-01  5.565136063754D-01  5.565142904325D-01
  5.565148446430D-01  5.565160197728D-01  5.565170820713D-01  5.565187888320D-01
  5.565204125826D-01  5.565227168999D-01  5.565249807568D-01  5.565279745475D-01
  5.565309846015D-01  5.565347893388D-01  5.565386839787D-01  5.565434568208D-01
  5.565484141698D-01  5.565543568025D-01  5.565606051157D-01  5.565679758774D-01
  5.565758076736D-01  5.565849379420D-01  5.565947288764D-01  5.566060449076D-01
  5.566182788363D-01  5.566323158138D-01  5.566463023340D-01  5.566510616736D-01
  5.566430554819D-01  5.566358333006D-01  5.566286215832D-01  5.566221373940D-01
  5.566156123826D-01  5.566097682312D-01  5.566038406810D-01  5.565985550779D-01
  5.565931504476D-01  5.565883550636D-01  5.565834105918D-01  5.565790476835D-01
  5.565745101539D-01  5.565705305977D-01  5.565663545861D-01  5.565627163131D-01
  5.565588628067D-01  5.565555295846D-01  5.565519648850D-01  5.565489053334D-01
  5.565456001794D-01  5.565427869746D-01  5.565397158272D-01  5.565371250778D-01
  5.565342655482D-01  5.565318762490D-01  5.565292086206D-01  5.565270022396D-01
  5.565245090764D-01  5.565224691942D-01  5.565201350150D-01  5.565182470250D-01
  5.565160580366D-01  5.565143088974D-01  5.565122527617D-01  5.565106307911D-01
  5.565086964342D-01  5.565071911280D-01  5.565053685774D-01  5.565039704616D-01
  5.565022507089D-01  5.565009512074D-01  5.564993260837D-01  5.564981174131D-01
  5.564965794920D-01  5.564954545584D-01  5.564939970649D-01  5.564929493889D-01
  5.564915661181D-01  5.564905897576D-01  5.564892750145D-01  5.564883645031D-01
  5.564871130363D-01  5.564862633286D-01  5.564850702827D-01  5.564842767022D-01
  5.564831375694D-01  5.564823957655D-01  5.564813063448D-01  5.564806122551D-01
  5.564795686142D-01  5.564789184274D-01  5.564779168685D-01  5.564773069939D-01
  5.564763440241D-01  5.564757710597D-01  5.564748433622D-01  5.564743040688D-01
  5.564734084762D-01  5.564728997524D-01  5.564720332222D-01  5.564715520796D-01
  5.564707116707D-01  5.564702552110D-01  5.564694380634D-01  5.564690034574D-01
  5.564682067676D-01  5.564677912331D-01  5.564670122353D-01  5.564666130165D-01
  5.564658489605D-01  5.564654633077D-01  5.564647114384D-01  5.564643365865D-01
  5.564635941227D-01  5.564632272699D-01  5.564624913838D-01  5.564621296697D-01
  5.564613974631D-01  5.564610379463D-01  5.564603064284D-01  5.564599460625D-01
  5.564592121255D-01  5.564588477344D-01  5.564581081274D-01  5.564577363789D-01
  5.564569876807D-01  5.564566050577D-01  5.564558436480D-01  5.564554464186D-01
  5.564546684457D-01  5.564542526306D-01  5.564534539781D-01  5.564530153141D-01
  5.564521915636D-01  5.564517254665D-01  5.564508718573D-01  5.564503733797D-01
  5.564494847656D-01  5.564489485504D-01  5.564480193515D-01  5.564474395826D-01
  5.564464637330D-01  5.564458340805D-01  5.564448049711D-01  5.564441185311D-01
  5.564430289462D-01  5.564422781745D-01  5.564411202233D-01  5.564402968629D-01
  5.564390619028D-01  5.564381569043D-01  5.564368354568D-01  5.564358388900D-01
  5.564344205492D-01  5.564333215064D-01  5.564317948362D-01  5.564305813253D-01
  5.564289337478D-01  5.564275925742D-01  5.564258102457D-01  5.564243268824D-01
  5.564223945566D-01  5.564207530005D-01  5.564186538781D-01  5.564168364917D-01
  5.564145520531D-01  5.564125393894D-01  5.564100492119D-01  5.564078198213D-01
  5.564051013752D-01  5.564026315919D-01  5.563996600166D-01  5.563969237233D-01
  5.563936715797D-01  5.563906399470D-01  5.563870769435D-01  5.563837181423D-01
  5.563798108327D-01  5.563760897165D-01  5.563718011661D-01  5.563676789195D-01
  5.563629683356D-01  5.563584020867D-01  5.563532244110D-01  5.563481668025D-01
  5.563424722603D-01  5.563368709755D-01  5.563306045775D-01  5.563244018170D-01
  5.563175028088D-01  5.563106347113D-01  5.563030359650D-01  5.562954319681D-01
  5.562870593100D-01  5.562786414428D-01  5.562694129099D-01  5.562600950119D-01
  5.562499200305D-01  5.562396068880D-01  5.562283853655D-01  5.562169717565D-01
  5.562045930778D-01  5.561919627170D-01  5.561783046350D-01  5.561643290068D-01
  5.561492564156D-01  5.561337934850D-01  5.561171570641D-01  5.561000498505D-01
  5.560816845655D-01  5.560627595668D-01  5.560424830123D-01  5.560215484620D-01
  5.559991590291D-01  5.559760029698D-01  5.559512778201D-01  5.559256659726D-01
  5.558983587978D-01  5.558700322059D-01  5.558398707508D-01  5.558085431756D-01
  5.557752264983D-01  5.557405815380D-01  5.557037769801D-01  5.556654648829D-01
  5.556248047189D-01  5.555824388593D-01  5.555375165897D-01  5.554906695698D-01
  5.554410358209D-01  5.553892351579D-01  5.553343931456D-01  5.552771165002D-01
  5.552165170110D-01  5.551531869078D-01  5.550862227444D-01  5.550162007288D-01
  5.549422005636D-01  5.548647807350D-01  5.547830023059D-01  5.546974041587D-01
  5.546070267362D-01  5.545123872333D-01  5.544125032797D-01  5.543078680751D-01
  5.541974740067D-01  5.540817877224D-01  5.539597736761D-01  5.538318691306D-01
  5.536970076241D-01  5.535555938946D-01  5.534065272582D-01  5.532501764472D-01
  5.530854028891D-01  5.529125354493D-01  5.527303936000D-01  5.525392620552D-01
  5.523379138184D-01  5.521265846972D-01  5.519039962147D-01  5.516703299907D-01
  5.514242505012D-01  5.511658793101D-01  5.508938176585D-01  5.506081205298D-01
  5.503073190484D-01  5.499913943579D-01  5.496587998066D-01  5.493094346157D-01
  5.489416658252D-01  5.485553017269D-01  5.481486135407D-01  5.477213085818D-01
  5.472715516348D-01  5.467989378195D-01  5.463015136246D-01  5.457787494333D-01
  5.452285601701D-01  5.446502774418D-01  5.440416697453D-01  5.434019141703D-01
  5.427286161086D-01  5.420207804561D-01  5.412758307528D-01  5.404925798120D-01
  5.396682482079D-01  5.388014342458D-01  5.378891316995D-01  5.369296990212D-01
  5.359198762124D-01  5.348577531505D-01  5.337397854552D-01  5.325637617858D-01
  5.313258185354D-01  5.300234059216D-01  5.286523013070D-01  5.272095738669D-01
  5.256905962903D-01  5.240920077605D-01  5.224087237347D-01  5.206368969115D-01
  5.187709247175D-01  5.168064078569D-01  5.147371550446D-01  5.125581386340D-01
  5.102624960199D-01  5.078444817133D-01  5.052964646923D-01  5.026118761272D-01
  4.997822017690D-01  4.967999243170D-01  4.936555096917D-01  4.903403427626D-01
  4.868437060375D-01  4.831557071130D-01  4.792642479063D-01  4.751579417262D-01
  4.708230706419D-01  4.662464894705D-01  4.614125681822D-01  4.563060793097D-01
  4.509091213785D-01  4.452039852039D-01  4.391700531382D-01  4.327866383488D-01
  4.260298530922D-01  4.188754132521D-01  4.112954667573D-01  4.032613532520D-01
  3.947403809974D-01  3.856985283599D-01  3.760971538481D-01  3.658956219067D-01
  3.550479258894D-01  3.435052146898D-01  3.312123040137D-01  3.181100705587D-01
  3.041318143191D-01  2.892055899898D-01  2.732500099926D-01  2.561768499804D-01
  2.378862932744D-01
