In49 POTENTIAL                      exc: Vosko,Wilk,Nusair      
  2.14187055  6.17500000  2.11957662
  49.00000
   2.34253   1.0908811765   0.9652271576
353
 0.25000000D-01 0.35315022D-03
 9 1
    0  -1.96656160000D+03
    0  -2.87428550000D+02
    0  -5.37136240000D+01
    0  -7.39818510000D+00
    1  -2.68528840000D+02
    1  -4.59639090000D+01
    1  -4.86454470000D+00
    2  -3.15522220000D+01
    2  -7.38539920000D-01
  4.728031988804D+02  4.728282169944D+02  4.728538098731D+02  4.728799844186D+02
  4.729067489859D+02  4.729341171390D+02  4.729620982082D+02  4.729907059061D+02
  4.730199498276D+02  4.730498438685D+02  4.730803978276D+02  4.731116257560D+02
  4.731435376139D+02  4.731761475763D+02  4.732094657234D+02  4.732435063161D+02
  4.732782795089D+02  4.733137996035D+02  4.733500767773D+02  4.733871253202D+02
  4.734249553746D+02  4.734635811577D+02  4.735030127105D+02  4.735432641084D+02
  4.735843452158D+02  4.736262698872D+02  4.736690477258D+02  4.737126922753D+02
  4.737572127821D+02  4.738026223781D+02  4.738489298450D+02  4.738961477894D+02
  4.739442844077D+02  4.739933516537D+02  4.740433570033D+02  4.740943116151D+02
  4.741462220943D+02  4.741990986452D+02  4.742529468346D+02  4.743077757363D+02
  4.743635897015D+02  4.744203964689D+02  4.744781989503D+02  4.745370033512D+02
  4.745968109252D+02  4.746576260966D+02  4.747194482104D+02  4.747822796465D+02
  4.748461175654D+02  4.749109620139D+02  4.749768076654D+02  4.750436519171D+02
  4.751114866241D+02  4.751803061878D+02  4.752500992834D+02  4.753208569387D+02
  4.753925642548D+02  4.754652084752D+02  4.755387706984D+02  4.756132339375D+02
  4.756885748240D+02  4.757647716571D+02  4.758417960992D+02  4.759196212138D+02
  4.759982131523D+02  4.760775391806D+02  4.761575593561D+02  4.762382345434D+02
  4.763195180812D+02  4.764013637862D+02  4.764837176103D+02  4.765665256327D+02
  4.766497257063D+02  4.767332554391D+02  4.768170438296D+02  4.769010192367D+02
  4.769851010053D+02  4.770692074249D+02  4.771532473450D+02  4.772371281235D+02
  4.773207472322D+02  4.774040001957D+02  4.774867721883D+02  4.775689459632D+02
  4.776503934428D+02  4.777309836398D+02  4.778105742410D+02  4.778890195227D+02
  4.779661619300D+02  4.780418399881D+02  4.781158798791D+02  4.781881033517D+02
  4.782583192988D+02  4.783263316676D+02  4.783919310411D+02  4.784549025530D+02
  4.785150174760D+02  4.785720411453D+02  4.786257245584D+02  4.786758123119D+02
  4.787220342171D+02  4.787641132559D+02  4.788017572176D+02  4.788346666793D+02
  4.788625266710D+02  4.788850146865D+02  4.789017923836D+02  4.789125136332D+02
  4.789168162618D+02  4.789143301469D+02  4.789046690105D+02  4.788874385684D+02
  4.788622283836D+02  4.788286200795D+02  4.787861792618D+02  4.787344638053D+02
  4.786730158535D+02  4.786013701891D+02  4.785190463215D+02  4.784255569500D+02
  4.783204001494D+02  4.782030679356D+02  4.780730385582D+02  4.779297851779D+02
  4.777727682747D+02  4.776014444449D+02  4.774152589328D+02  4.772136545535D+02
  4.769960643539D+02  4.767619206664D+02  4.765106479023D+02  4.762416717382D+02
  4.759544120425D+02  4.756482921935D+02  4.753227321353D+02  4.749771578221D+02
  4.746109943961D+02  4.742236757471D+02  4.738146377996D+02  4.733833281713D+02
  4.729291995494D+02  4.724517194260D+02  4.719503635365D+02  4.714246256407D+02
  4.708740109897D+02  4.702980461138D+02  4.696962722740D+02  4.690682552101D+02
  4.684135785241D+02  4.677318533319D+02  4.670227115178D+02  4.662858152236D+02
  4.655208499048D+02  4.647275335833D+02  4.639056096281D+02  4.630548556907D+02
  4.621750761274D+02  4.612661105328D+02  4.603278257180D+02  4.593601237577D+02
  4.583629334404D+02  4.573362177494D+02  4.562799647105D+02  4.551941942398D+02
  4.540789483308D+02  4.529342972309D+02  4.517603289387D+02  4.505571546930D+02
  4.493248978094D+02  4.480636985310D+02  4.467737022803D+02  4.454550639969D+02
  4.441079359727D+02  4.427324718967D+02  4.413288145503D+02  4.398970998978D+02
  4.384374450464D+02  4.369499528529D+02  4.354347006841D+02  4.338917461370D+02
  4.323211172452D+02  4.307228199913D+02  4.290968306474D+02  4.274431057389D+02
  4.257615771110D+02  4.240521648151D+02  4.223147751874D+02  4.205493166977D+02
  4.187557007675D+02  4.169338599362D+02  4.150837503616D+02  4.132053708172D+02
  4.112987649790D+02  4.093640390151D+02  4.074013611885D+02  4.054109754954D+02
  4.033931961664D+02  4.013484152791D+02  3.992770906379D+02  3.971797465802D+02
  3.950569553193D+02  3.929093319416D+02  3.907375110827D+02  3.885421387315D+02
  3.863238474027D+02  3.840832482082D+02  3.818209080217D+02  3.795373450955D+02
  3.772330110597D+02  3.749082923383D+02  3.725634985517D+02  3.701988705834D+02
  3.678145755460D+02  3.654107210317D+02  3.629873556425D+02  3.605444879980D+02
  3.580820910889D+02  3.556001240898D+02  3.530985384625D+02  3.505773004619D+02
  3.480363969014D+02  3.454758563417D+02  3.428957526286D+02  3.402962230180D+02
  3.376774679287D+02  3.350397646611D+02  3.323834622309D+02  3.297089898075D+02
  3.270168460439D+02  3.243076019513D+02  3.215818847850D+02  3.188403757930D+02
  3.160837895133D+02  3.133128676779D+02  3.105283557115D+02  3.077309951110D+02
  3.049214999119D+02  3.021005508141D+02  2.992687753164D+02  2.964267475243D+02
  2.935749759249D+02  2.907139125491D+02  2.878439513226D+02  2.849654482636D+02
  2.820787302859D+02  2.791841240167D+02  2.762819700562D+02  2.733726528890D+02
  2.704566110680D+02  2.675343577208D+02  2.646064766635D+02  2.616736256952D+02
  2.587365145512D+02  2.557958916069D+02  2.528525091824D+02  2.499071033220D+02
  2.469603587721D+02  2.440128949044D+02  2.410652422887D+02  2.381178440322D+02
  2.351710496861D+02  2.322251339797D+02  2.292803066023D+02  2.263367441257D+02
  2.233946095542D+02  2.204540902435D+02  2.175154197022D+02  2.145789142258D+02
  2.116449902344D+02  2.087141937767D+02  2.057872085608D+02  2.028648744964D+02
  1.999481836223D+02  1.970382858376D+02  1.941364718520D+02  1.912441661181D+02
  1.883628975427D+02  1.854942811778D+02  1.826399789440D+02  1.798016729973D+02
  1.769810200970D+02  1.741796209746D+02  1.713989734698D+02  1.686404439389D+02
  1.659052262671D+02  1.631943236515D+02  1.605085231325D+02  1.578483985477D+02
  1.552143119185D+02  1.526064480930D+02  1.500248503319D+02  1.474694874669D+02
  1.449403142137D+02  1.424373482018D+02  1.399607192431D+02  1.375107121331D+02
  1.350877622812D+02  1.326924356150D+02  1.303253659589D+02  1.279871943661D+02
  1.256784912439D+02  1.233997059555D+02  1.211511185819D+02  1.189328292471D+02
  1.167447506482D+02  1.145866326444D+02  1.124580811055D+02  1.103585991131D+02
  1.082876136659D+02  1.062445177707D+02  1.042286929979D+02  1.022395441964D+02
  1.002765128039D+02  9.833910157412D+01  9.642687790824D+01  9.453948906550D+01
  9.267665685002D+01  9.083818519277D+01  8.902394833552D+01  8.723389305915D+01
  8.546802264664D+01  8.372639596233D+01  8.200910926306D+01  8.031629402028D+01
  7.864809826830D+01  7.700468463942D+01  7.538621249565D+01  7.379283720099D+01
  7.222469384924D+01  7.068189838891D+01  6.916453338672D+01  6.767265129263D+01
  6.620626240202D+01  6.476534032722D+01  6.334981215645D+01  6.195956608501D+01
  6.059444369723D+01  5.925424966022D+01  5.793874599606D+01  5.664766363290D+01
  5.538069833048D+01  5.413752354199D+01  5.291778715986D+01  5.172112452188D+01
  5.054715449909D+01  4.939549097305D+01  4.826573661978D+01  4.715749150664D+01
  4.607034378964D+01  4.500387555358D+01  4.395765048439D+01  4.293121892188D+01
  4.192410400589D+01
N_07 POTENTIAL                      exc: Vosko,Wilk,Nusair      
  1.63952924  6.17500000  1.64793099
   7.00000
   1.91467   1.0908811765   0.9652271576
353
 0.25000000D-01 0.28864751D-03
 2 1
    0  -2.69998930000D+01
    0  -4.29582100000D-01
  2.633451989787D+01  2.633488221042D+01  2.633525324340D+01  2.633565874375D+01
  2.633607923118D+01  2.633651268352D+01  2.633695771780D+01  2.633741490877D+01
  2.633788362375D+01  2.633836473510D+01  2.633885775499D+01  2.633936363815D+01
  2.633988194999D+01  2.634041368350D+01  2.634095843417D+01  2.634151722032D+01
  2.634208965999D+01  2.634267679229D+01  2.634327825507D+01  2.634389510664D+01
  2.634452700373D+01  2.634517502342D+01  2.634583884122D+01  2.634651955308D+01
  2.634721685358D+01  2.634793185795D+01  2.634866428034D+01  2.634941525583D+01
  2.635018451875D+01  2.635097322471D+01  2.635178112892D+01  2.635260940829D+01
  2.635345783969D+01  2.635432762208D+01  2.635521855484D+01  2.635613185984D+01
  2.635706735978D+01  2.635802630031D+01  2.635900852851D+01  2.636001531981D+01
  2.636104692576D+01  2.636210425054D+01  2.636318719248D+01  2.636429707423D+01
  2.636543382105D+01  2.636659878299D+01  2.636779191320D+01  2.636901459010D+01
  2.637026679572D+01  2.637154993780D+01  2.637286402821D+01  2.637421050503D+01
  2.637558941092D+01  2.637700221526D+01  2.637844899249D+01  2.637993124422D+01
  2.638144907763D+01  2.638300402754D+01  2.638459623478D+01  2.638622726829D+01
  2.638789730346D+01  2.638960794424D+01  2.639135940148D+01  2.639315331496D+01
  2.639498993180D+01  2.639687092845D+01  2.639879658905D+01  2.640076862743D+01
  2.640278736546D+01  2.640485455503D+01  2.640697055634D+01  2.640913715989D+01
  2.641135476474D+01  2.641362520045D+01  2.641594890532D+01  2.641832774832D+01
  2.642076220725D+01  2.642325419066D+01  2.642580421596D+01  2.642841423128D+01
  2.643108479354D+01  2.643381789026D+01  2.643661411760D+01  2.643947550206D+01
  2.644240267846D+01  2.644539771161D+01  2.644846127422D+01  2.645159546842D+01
  2.645480100366D+01  2.645808001812D+01  2.646143325651D+01  2.646486289137D+01
  2.646836970079D+01  2.647195588960D+01  2.647562226694D+01  2.647937106736D+01
  2.648320312822D+01  2.648712071070D+01  2.649112467699D+01  2.649521731121D+01
  2.649939949640D+01  2.650367353524D+01  2.650804032692D+01  2.651250218762D+01
  2.651706002721D+01  2.652171616946D+01  2.652647152858D+01  2.653132842917D+01
  2.653628778249D+01  2.654135190617D+01  2.654652170022D+01  2.655179946643D+01
  2.655718608405D+01  2.656268382895D+01  2.656829354890D+01  2.657401748243D+01
  2.657985643372D+01  2.658581259106D+01  2.659188670139D+01  2.659808088831D+01
  2.660439582622D+01  2.661083355784D+01  2.661739466787D+01  2.662408110006D+01
  2.663089333034D+01  2.663783318332D+01  2.664490100491D+01  2.665209847820D+01
  2.665942579549D+01  2.666688447355D+01  2.667447452499D+01  2.668219727285D+01
  2.669005252123D+01  2.669804136919D+01  2.670616338061D+01  2.671441939734D+01
  2.672280870817D+01  2.673133186121D+01  2.673998783199D+01  2.674877683492D+01
  2.675769749050D+01  2.676674963580D+01  2.677593149069D+01  2.678524246737D+01
  2.679468033552D+01  2.680424403079D+01  2.681393081884D+01  2.682373910275D+01
  2.683366558593D+01  2.684370807832D+01  2.685386265818D+01  2.686412647703D+01
  2.687449492027D+01  2.688496441084D+01  2.689552956859D+01  2.690618601268D+01
  2.691692751966D+01  2.692774882457D+01  2.693864277773D+01  2.694960314459D+01
  2.696062176115D+01  2.697169133254D+01  2.698280258724D+01  2.699394707430D+01
  2.700511431638D+01  2.701629460577D+01  2.702747615621D+01  2.703864789783D+01
  2.704979662789D+01  2.706090980465D+01  2.707197269720D+01  2.708297117844D+01
  2.709388887410D+01  2.710470995508D+01  2.711541628584D+01  2.712599021627D+01
  2.713641172976D+01  2.714666123491D+01  2.715671671358D+01  2.716655651271D+01
  2.717615649273D+01  2.718549281998D+01  2.719453911586D+01  2.720326925026D+01
  2.721165449207D+01  2.721966630411D+01  2.722727349548D+01  2.723444501879D+01
  2.724114712496D+01  2.724734616334D+01  2.725300573983D+01  2.725808952066D+01
  2.726255839464D+01  2.726637328145D+01  2.726949229899D+01  2.727187357720D+01
  2.727347243136D+01  2.727424418260D+01  2.727414133826D+01  2.727311642012D+01
  2.727111915308D+01  2.726809930223D+01  2.726400387113D+01  2.725877994896D+01
  2.725237191962D+01  2.724472432033D+01  2.723577906278D+01  2.722547830451D+01
  2.721376168339D+01  2.720056920305D+01  2.718583848199D+01  2.716950765423D+01
  2.715151263425D+01  2.713179003396D+01  2.711027444453D+01  2.708690137068D+01
  2.706160453024D+01  2.703431880645D+01  2.700497756594D+01  2.697351562952D+01
  2.693986660878D+01  2.690396589556D+01  2.686574801705D+01  2.682514964357D+01
  2.678210696164D+01  2.673655869919D+01  2.668844351540D+01  2.663770304193D+01
  2.658427928771D+01  2.652811769402D+01  2.646916455167D+01  2.640737006698D+01
  2.634268578803D+01  2.627506767768D+01  2.620447354468D+01  2.613086611906D+01
  2.605421048283D+01  2.597447714216D+01  2.589163945155D+01  2.580567667611D+01
  2.571657140221D+01  2.562431258220D+01  2.552889292362D+01  2.543031190793D+01
  2.532857314935D+01  2.522368737851D+01  2.511566976125D+01  2.500454283737D+01
  2.489033378939D+01  2.477307732604D+01  2.465281289052D+01  2.452958747820D+01
  2.440345277457D+01  2.427446789642D+01  2.414269644845D+01  2.400820917926D+01
  2.387108094727D+01  2.373139328200D+01  2.358923125127D+01  2.344468592022D+01
  2.329785111325D+01  2.314882576522D+01  2.299771057383D+01  2.284461024023D+01
  2.268963001053D+01  2.253287780658D+01  2.237446065965D+01  2.221448673687D+01
  2.205306167577D+01  2.189029051871D+01  2.172627396492D+01  2.156111023481D+01
  2.139489126773D+01  2.122770455192D+01  2.105962931304D+01  2.089073836590D+01
  2.072109436298D+01  2.055075175311D+01  2.037975319332D+01  2.020813173854D+01
  2.003590756412D+01  1.986309055823D+01  1.968967755087D+01  1.951565552628D+01
  1.934099959065D+01  1.916567703991D+01  1.898964628657D+01  1.881286196254D+01
  1.863527491038D+01  1.845683831229D+01  1.827750857992D+01  1.809725214709D+01
  1.791604667208D+01  1.773388768058D+01  1.755078906878D+01  1.736678845681D+01
  1.718194583464D+01  1.699634658931D+01  1.681009752639D+01  1.662332720178D+01
  1.643617942811D+01  1.624881151011D+01  1.606138626016D+01  1.587406945781D+01
  1.568702182362D+01  1.550039710775D+01  1.531433523521D+01  1.512896194433D+01
  1.494438368669D+01  1.476068906699D+01  1.457794546171D+01  1.439620200316D+01
  1.421548751144D+01  1.403581453743D+01  1.385717809946D+01  1.367956029468D+01
  1.350292939525D+01  1.332724464271D+01  1.315245538332D+01  1.297850578877D+01
  1.280533383198D+01  1.263287578625D+01  1.246106493607D+01  1.228983578373D+01
  1.211912245177D+01  1.194886257483D+01  1.177899538769D+01  1.160946530817D+01
  1.144021972514D+01  1.127121229278D+01  1.110240044276D+01  1.093374841612D+01
  1.076522452676D+01  1.059680395796D+01  1.042846580310D+01  1.026019565069D+01
  1.009198242379D+01  9.923820771589D+00  9.755707721874D+00  9.587644889159D+00
  9.419634945256D+00  9.251683643956D+00  9.083796104527D+00  8.915978642587D+00
  8.748234851815D+00  8.580567222710D+00  8.412973004108D+00  8.245445590117D+00
  8.077970147506D+00  7.910524844437D+00  7.743075998522D+00  7.575579470639D+00
  7.407975396579D+00
Vac0 POTENTIAL                      exc: Vosko,Wilk,Nusair      
  2.14187055  6.17500000  2.11957662
   0.00000
   2.34253   1.0908811765   0.9652271576
353
 0.25000000D-01 0.35315022D-03
 0 1
  9.366392909385D-01  9.366073955734D-01  9.365739648426D-01  9.365641672719D-01
  9.365587269252D-01  9.365561705487D-01  9.365541559334D-01  9.365537488884D-01
  9.365533366368D-01  9.365542709413D-01  9.365550753994D-01  9.365571771560D-01
  9.365591471961D-01  9.365624462551D-01  9.365656718567D-01  9.365703079474D-01
  9.365749741000D-01  9.365811764792D-01  9.365875581452D-01  9.365956508765D-01
  9.366041261300D-01  9.366145477140D-01  9.366256235132D-01  9.366389590276D-01
  9.366533101041D-01  9.366703375783D-01  9.366888613458D-01  9.367106164995D-01
  9.367345091780D-01  9.367623748163D-01  9.367932364469D-01  9.368290658148D-01
  9.368690450966D-01  9.369153320550D-01  9.369673264927D-01  9.370274409366D-01
  9.370953709739D-01  9.371737441807D-01  9.372541809489D-01  9.372907850592D-01
  9.372603037358D-01  9.372321318074D-01  9.372047170657D-01  9.371793932881D-01
  9.371546283989D-01  9.371317740410D-01  9.371093140396D-01  9.370886142172D-01
  9.370681710786D-01  9.370493618238D-01  9.370306931735D-01  9.370135515332D-01
  9.369964519320D-01  9.369807882877D-01  9.369650824433D-01  9.369507344966D-01
  9.369362719160D-01  9.369230999301D-01  9.369097506808D-01  9.368976336761D-01
  9.368852849785D-01  9.368741176818D-01  9.368626711535D-01  9.368523615282D-01
  9.368417309604D-01  9.368321981631D-01  9.368223076757D-01  9.368134804122D-01
  9.368042629510D-01  9.367960780895D-01  9.367874741611D-01  9.367798755928D-01
  9.367718322270D-01  9.367647699008D-01  9.367572397689D-01  9.367506688892D-01
  9.367436095610D-01  9.367374899070D-01  9.367308632237D-01  9.367251585666D-01
  9.367189301051D-01  9.367136077148D-01  9.367077463323D-01  9.367027765522D-01
  9.366972539885D-01  9.366926098713D-01  9.366874004119D-01  9.366830574038D-01
  9.366781375856D-01  9.366740732482D-01  9.366694216003D-01  9.366656153752D-01
  9.366612121981D-01  9.366576451952D-01  9.366534723611D-01  9.366501271724D-01
  9.366461679542D-01  9.366430284932D-01  9.366392674079D-01  9.366363187627D-01
  9.366327414368D-01  9.366299697406D-01  9.366265627864D-01  9.366239551031D-01
  9.366207060081D-01  9.366182502253D-01  9.366151472543D-01  9.366128319888D-01
  9.366098640899D-01  9.366076786020D-01  9.366048353260D-01  9.366027694379D-01
  9.366000408600D-01  9.365980848812D-01  9.365954615295D-01  9.365936061900D-01
  9.365910789783D-01  9.365893153592D-01  9.365868755222D-01  9.365851949968D-01
  9.365828340294D-01  9.365812282003D-01  9.365789377988D-01  9.365773984408D-01
  9.365751704439D-01  9.365736894459D-01  9.365715157784D-01  9.365700850861D-01
  9.365679577007D-01  9.365665692593D-01  9.365644800792D-01  9.365631257754D-01
  9.365610666354D-01  9.365597382367D-01  9.365577008221D-01  9.365563899164D-01
  9.365543657008D-01  9.365530636303D-01  9.365510438083D-01  9.365497416034D-01
  9.365477170223D-01  9.365464053283D-01  9.365443664135D-01  9.365430354157D-01
  9.365409720918D-01  9.365396114330D-01  9.365375130389D-01  9.365361117318D-01
  9.365339669300D-01  9.365325132620D-01  9.365303099391D-01  9.365287913696D-01
  9.365265165296D-01  9.365249195779D-01  9.365225592252D-01  9.365208693484D-01
  9.365184083599D-01  9.365166098203D-01  9.365140318066D-01  9.365121075252D-01
  9.365093946779D-01  9.365073260745D-01  9.365044589984D-01  9.365022258168D-01
  9.364991833460D-01  9.364967634605D-01  9.364935224567D-01  9.364908916606D-01
  9.364874267901D-01  9.364845585618D-01  9.364808420511D-01  9.364777072974D-01
  9.364737086629D-01  9.364702754358D-01  9.364659611867D-01  9.364621943707D-01
  9.364575276811D-01  9.364533886492D-01  9.364483289958D-01  9.364437752289D-01
  9.364382779925D-01  9.364332626606D-01  9.364272786846D-01  9.364217501837D-01
  9.364152252884D-01  9.364091267287D-01  9.364020011739D-01  9.363952698163D-01
  9.363874777077D-01  9.363800443397D-01  9.363715129746D-01  9.363633012220D-01
  9.363539503649D-01  9.363448759312D-01  9.363346170146D-01  9.363245868406D-01
  9.363133220816D-01  9.363022334172D-01  9.362898548419D-01  9.362775942199D-01
  9.362639825850D-01  9.362504246880D-01  9.362354482889D-01  9.362204546967D-01
  9.362039680516D-01  9.361873858569D-01  9.361692282511D-01  9.361508885300D-01
  9.361308824082D-01  9.361105985301D-01  9.360885477191D-01  9.360661134776D-01
  9.360418012223D-01  9.360169887712D-01  9.359901755638D-01  9.359627331343D-01
  9.359331543149D-01  9.359028036933D-01  9.358701667980D-01  9.358366005377D-01
  9.358005823669D-01  9.357634607062D-01  9.357237040850D-01  9.356826515405D-01
  9.356387617363D-01  9.355933633372D-01  9.355449041005D-01  9.354947012254D-01
  9.354411904131D-01  9.353856761879D-01  9.353265809239D-01  9.352651951341D-01
  9.351999264599D-01  9.351320499253D-01  9.350599568852D-01  9.349849052409D-01
  9.349052683426D-01  9.348222851622D-01  9.347343091456D-01  9.346425583376D-01
  9.345453641790D-01  9.344439215785D-01  9.343365376484D-01  9.342243817183D-01
  9.341057340023D-01  9.339817355488D-01  9.338506368321D-01  9.337135476301D-01
  9.335686855334D-01  9.334171257435D-01  9.332570494890D-01  9.330894937368D-01
  9.329125995058D-01  9.327273614804D-01  9.325318762114D-01  9.323270916215D-01
  9.321110550804D-01  9.318846627911D-01  9.316459077253D-01  9.313956288774D-01
  9.311317590448D-01  9.308550739354D-01  9.305634397758D-01  9.302575622553D-01
  9.299352339440D-01  9.295970830543D-01  9.292408206473D-01  9.288669891931D-01
  9.284732095401D-01  9.280599292510D-01  9.276246693093D-01  9.271677722045D-01
  9.266866483461D-01  9.261815238680D-01  9.256496867161D-01  9.250912341399D-01
  9.245033184136D-01  9.238858939777D-01  9.232359627500D-01  9.225533208733D-01
  9.218348035664D-01  9.210800314287D-01  9.202856547723D-01  9.194510994263D-01
  9.185728104835D-01  9.176499975372D-01  9.166788777641D-01  9.156584205150D-01
  9.145845896428D-01  9.134560873533D-01  9.122685956698D-01  9.110205194343D-01
  9.097072267772D-01  9.083267911366D-01  9.068742305774D-01  9.053472486652D-01
  9.037404724471D-01  9.020511919816D-01  9.002735967486D-01  8.984045135913D-01
  8.964376412702D-01  8.943692865128D-01  8.921925963577D-01  8.899032919320D-01
  8.874938981430D-01  8.849594747072D-01  8.822918426346D-01  8.794853119071D-01
  8.765309040580D-01  8.734220757376D-01  8.701489365079D-01  8.667039673298D-01
  8.630762324580D-01  8.592570916259D-01  8.552344046296D-01  8.509982356550D-01
  8.465350487642D-01  8.418334023899D-01  8.368781334596D-01  8.316560395499D-01
  8.261500487793D-01  8.203448864408D-01  8.142212270263D-01  8.077613412986D-01
  8.009432258408D-01  7.937462254413D-01  7.861451343283D-01  7.781157873644D-01
  7.696291255642D-01  7.606567478463D-01  7.511649314571D-01  7.411201338210D-01
  7.304829560046D-01  7.192135814337D-01  7.072656674267D-01  6.945917041109D-01
  6.811368152365D-01  6.668440164472D-01  6.516479020209D-01  6.354797767465D-01
  6.182612000197D-01  5.999089601775D-01  5.803284418642D-01  5.594184065003D-01
  5.370641440818D-01  5.131420185027D-01  4.875123690866D-01  4.600237715187D-01
  4.305056493383D-01  3.987724760935D-01  3.646152653229D-01  3.278064997778D-01
  2.880907976365D-01
Vac0 POTENTIAL                      exc: Vosko,Wilk,Nusair      
  1.63952924  6.17500000  1.64793099
   0.00000
   1.91467   1.0908811765   0.9652271576
353
 0.25000000D-01 0.28864751D-03
 0 1
  7.168177295160D-01  7.167715073852D-01  7.167236592213D-01  7.167091480146D-01
  7.167011091573D-01  7.166963013259D-01  7.166925312583D-01  7.166901544917D-01
  7.166879985755D-01  7.166868134629D-01  7.166856102438D-01  7.166852358698D-01
  7.166847580391D-01  7.166850595045D-01  7.166852322896D-01  7.166861769224D-01
  7.166869992508D-01  7.166886113474D-01  7.166901293132D-01  7.166924747271D-01
  7.166947731335D-01  7.166979557464D-01  7.167011581769D-01  7.167053225445D-01
  7.167095963505D-01  7.167149349047D-01  7.167205004376D-01  7.167272648390D-01
  7.167344091084D-01  7.167429264257D-01  7.167520220663D-01  7.167627169304D-01
  7.167742479936D-01  7.167876725169D-01  7.168022692351D-01  7.168191434040D-01
  7.168376285441D-01  7.168588678493D-01  7.168802329711D-01  7.168886379853D-01
  7.168785192633D-01  7.168693720687D-01  7.168602585066D-01  7.168520450112D-01
  7.168438002566D-01  7.168363965166D-01  7.168289076609D-01  7.168222105836D-01
  7.168153833031D-01  7.168093064292D-01  7.168030613202D-01  7.167975315978D-01
  7.167918013311D-01  7.167867566028D-01  7.167814837092D-01  7.167768707535D-01
  7.167720058724D-01  7.167677788477D-01  7.167632793443D-01  7.167593985468D-01
  7.167552274008D-01  7.167516582651D-01  7.167477831674D-01  7.167444954610D-01
  7.167408880838D-01  7.167378552342D-01  7.167344906331D-01  7.167316891977D-01
  7.167285453134D-01  7.167259545143D-01  7.167230117630D-01  7.167206131220D-01
  7.167178540497D-01  7.167156310704D-01  7.167130400685D-01  7.167109779679D-01
  7.167085410272D-01  7.167066265178D-01  7.167043310222D-01  7.167025521163D-01
  7.167003866680D-01  7.166987325180D-01  7.166966867825D-01  7.166951475388D-01
  7.166932121215D-01  7.166917788115D-01  7.166899451377D-01  7.166886095640D-01
  7.166868697872D-01  7.166856244318D-01  7.166839713446D-01  7.166828092912D-01
  7.166812362528D-01  7.166801511171D-01  7.166786519830D-01  7.166776378488D-01
  7.166762069163D-01  7.166752582807D-01  7.166738902343D-01  7.166730019576D-01
  7.166716918219D-01  7.166708590820D-01  7.166696021792D-01  7.166688204324D-01
  7.166676123431D-01  7.166668772857D-01  7.166657138127D-01  7.166650213466D-01
  7.166638984829D-01  7.166632446831D-01  7.166621585793D-01  7.166615396647D-01
  7.166604866000D-01  7.166598989040D-01  7.166588752583D-01  7.166583152007D-01
  7.166573174272D-01  7.166567814871D-01  7.166558060862D-01  7.166552907772D-01
  7.166543342679D-01  7.166538361101D-01  7.166528950064D-01  7.166524105004D-01
  7.166514812831D-01  7.166510068831D-01  7.166500859730D-01  7.166496180592D-01
  7.166487017885D-01  7.166482366383D-01  7.166473212221D-01  7.166468549799D-01
  7.166459364844D-01  7.166454651307D-01  7.166445394415D-01  7.166440587582D-01
  7.166431215455D-01  7.166426270814D-01  7.166416737623D-01  7.166411607936D-01
  7.166401864933D-01  7.166396499828D-01  7.166386494904D-01  7.166380840423D-01
  7.166370517654D-01  7.166364515770D-01  7.166353814891D-01  7.166347402976D-01
  7.166336258847D-01  7.166329369089D-01  7.166317711075D-01  7.166310269854D-01
  7.166298021169D-01  7.166289948353D-01  7.166277025337D-01  7.166268233530D-01
  7.166254544841D-01  7.166244938543D-01  7.166230384289D-01  7.166219858977D-01
  7.166204329750D-01  7.166192770865D-01  7.166176146680D-01  7.166163428515D-01
  7.166145577639D-01  7.166131562113D-01  7.166112339775D-01  7.166096875076D-01
  7.166076122049D-01  7.166059041144D-01  7.166036582177D-01  7.166017701163D-01
  7.165993343250D-01  7.165972459537D-01  7.165945990006D-01  7.165922880316D-01
  7.165894064724D-01  7.165868482867D-01  7.165837062670D-01  7.165808737108D-01
  7.165774427094D-01  7.165743058230D-01  7.165705543676D-01  7.165670800878D-01
  7.165629734417D-01  7.165591252718D-01  7.165546250873D-01  7.165503627330D-01
  7.165454266687D-01  7.165407056358D-01  7.165352869336D-01  7.165300580834D-01
  7.165241051014D-01  7.165183141595D-01  7.165117698552D-01  7.165053568686D-01
  7.164981582287D-01  7.164910569660D-01  7.164831343752D-01  7.164752716636D-01
  7.164665482082D-01  7.164578432005D-01  7.164482338978D-01  7.164385972627D-01
  7.164280082094D-01  7.164173412367D-01  7.164056686680D-01  7.163938622787D-01
  7.163809915284D-01  7.163679251813D-01  7.163537295315D-01  7.163392700147D-01
  7.163236094251D-01  7.163076095191D-01  7.162903292221D-01  7.162726262231D-01
  7.162535551704D-01  7.162339692567D-01  7.162129184026D-01  7.161912508297D-01
  7.161680112321D-01  7.161440423364D-01  7.161183830587D-01  7.160918700506D-01
  7.160635358406D-01  7.160342103642D-01  7.160029190882D-01  7.159704845234D-01
  7.159359243290D-01  7.159000528072D-01  7.158618789856D-01  7.158222080904D-01
  7.157800396058D-01  7.157361687237D-01  7.156895843759D-01  7.156410706593D-01
  7.155896048383D-01  7.155359587413D-01  7.154790967312D-01  7.154197770701D-01
  7.153569498538D-01  7.152913583422D-01  7.152219368536D-01  7.151494120562D-01
  7.150727008189D-01  7.149925114599D-01  7.149077415483D-01  7.148190791053D-01
  7.147254003521D-01  7.146273708580D-01  7.145238432284D-01  7.144154581946D-01
  7.143010422349D-01  7.141812085997D-01  7.140547548589D-01  7.139222638545D-01
  7.137825011667D-01  7.136360159852D-01  7.134815384854D-01  7.133195806103D-01
  7.131488333448D-01  7.129697673993D-01  7.127810303710D-01  7.125830473175D-01
  7.123744177923D-01  7.121555162956D-01  7.119248891704D-01  7.116828549162D-01
  7.114279009292D-01  7.111602836632D-01  7.108784251960D-01  7.105825132190D-01
  7.102708974105D-01  7.099436892328D-01  7.095991580891D-01  7.092373309064D-01
  7.088563880485D-01  7.084562626595D-01  7.080350363032D-01  7.075925380368D-01
  7.071267397438D-01  7.066373549031D-01  7.061222335776D-01  7.055809608395D-01
  7.050112513698D-01  7.044125474959D-01  7.037824133508D-01  7.031201324706D-01
  7.024231014557D-01  7.016904270676D-01  7.009193193233D-01  7.001086880228D-01
  6.992555351963D-01  6.983585509802D-01  6.974145053251D-01  6.964218431228D-01
  6.953770750658D-01  6.942783719120D-01  6.931219543650D-01  6.919056863408D-01
  6.906254637157D-01  6.892788064313D-01  6.878612459262D-01  6.863699158834D-01
  6.847999381238D-01  6.831480117600D-01  6.814087972816D-01  6.795785038278D-01
  6.776512711380D-01  6.756227545902D-01  6.734865046164D-01  6.712375490726D-01
  6.688687696266D-01  6.663744809239D-01  6.637468033366D-01  6.609792382596D-01
  6.580630364629D-01  6.549907686852D-01  6.517526886436D-01  6.483402978816D-01
  6.447427022490D-01  6.409501696919D-01  6.369504787080D-01  6.327324674214D-01
  6.282823721249D-01  6.235873655376D-01  6.186318830413D-01  6.134011474501D-01
  6.078774798952D-01  6.020438077004D-01  5.958799560329D-01  5.893661345275D-01
  5.824792047372D-01  5.751961399214D-01  5.674902619260D-01  5.593346669620D-01
  5.506984237284D-01  5.415499559470D-01  5.318531911944D-01  5.215708882968D-01
  5.106607233114D-01  4.990785464679D-01  4.867743878478D-01  4.736956242551D-01
  4.597828822544D-01  4.449730891590D-01  4.291952485867D-01  4.123733381055D-01
  3.944219179651D-01  3.752490245009D-01  3.547509356564D-01  3.328156868779D-01
  3.093170345890D-01
