In49 POTENTIAL                      exc: Vosko,Wilk,Nusair      
  2.25914357  6.50000000  2.23392349
  49.00000
   2.46891   0.8856778076   0.8856506268
353
 0.25000000D-01 0.37220196D-03
 9 1
    0  -1.96656160000D+03
    0  -2.87428550000D+02
    0  -5.37136240000D+01
    0  -7.39818510000D+00
    1  -2.68528840000D+02
    1  -4.59639090000D+01
    1  -4.86454470000D+00
    2  -3.15522220000D+01
    2  -7.38539920000D-01
  4.725879640592D+02  4.726143297028D+02  4.726412978588D+02  4.726688749350D+02
  4.726970696199D+02  4.727258957891D+02  4.727553630718D+02  4.727854854659D+02
  4.728162728428D+02  4.728477393531D+02  4.728798950431D+02  4.729127541840D+02
  4.729463269489D+02  4.729806276927D+02  4.730156666665D+02  4.730514582649D+02
  4.730880127646D+02  4.731253445468D+02  4.731634638547D+02  4.732023849958D+02
  4.732421181124D+02  4.732826773689D+02  4.733240727310D+02  4.733663181401D+02
  4.734094232999D+02  4.734534018392D+02  4.734982631029D+02  4.735440203052D+02
  4.735906823241D+02  4.736382618450D+02  4.736867671571D+02  4.737362102888D+02
  4.737865988047D+02  4.738379439328D+02  4.738902523616D+02  4.739435343587D+02
  4.739977955679D+02  4.740530451191D+02  4.741092874239D+02  4.741665302776D+02
  4.742247766608D+02  4.742840328077D+02  4.743443000219D+02  4.744055827537D+02
  4.744678803860D+02  4.745311953116D+02  4.745955247151D+02  4.746608686413D+02
  4.747272217721D+02  4.747945814857D+02  4.748629396280D+02  4.749322905623D+02
  4.750026229345D+02  4.750739277132D+02  4.751461899479D+02  4.752193967989D+02
  4.752935292882D+02  4.753685703193D+02  4.754444964194D+02  4.755212857491D+02
  4.755989098355D+02  4.756773415716D+02  4.757565469397D+02  4.758364929995D+02
  4.759171396025D+02  4.759984473684D+02  4.760803693894D+02  4.761628591952D+02
  4.762458624471D+02  4.763293248912D+02  4.764131840424D+02  4.764973771255D+02
  4.765818327497D+02  4.766664788371D+02  4.767512342878D+02  4.768360168969D+02
  4.769207350096D+02  4.770052954281D+02  4.770895950563D+02  4.771735287976D+02
  4.772569811910D+02  4.773398342995D+02  4.774219593387D+02  4.775032245579D+02
  4.775834868626D+02  4.776625996888D+02  4.777404046222D+02  4.778167392677D+02
  4.778914288668D+02  4.779642941654D+02  4.780351430316D+02  4.781037783251D+02
  4.781699895182D+02  4.782335605705D+02  4.782942615568D+02  4.783518565508D+02
  4.784060952647D+02  4.784567209461D+02  4.785034620343D+02  4.785460400761D+02
  4.785841614037D+02  4.786175250755D+02  4.786458145828D+02  4.786687058211D+02
  4.786858588326D+02  4.786969258160D+02  4.787015429121D+02  4.786993382602D+02
  4.786899238345D+02  4.786729035563D+02  4.786478651903D+02  4.786143885208D+02
  4.785720373177D+02  4.785203675864D+02  4.784589196130D+02  4.783872262980D+02
  4.783048052899D+02  4.782111674126D+02  4.781058088979D+02  4.779882199158D+02
  4.778578769147D+02  4.777142512640D+02  4.775568017113D+02  4.773849831444D+02
  4.771982391729D+02  4.769960110171D+02  4.767777302189D+02  4.765428276621D+02
  4.762907264161D+02  4.760208508901D+02  4.757326198092D+02  4.754254555007D+02
  4.750987770003D+02  4.747520094638D+02  4.743845773956D+02  4.739959141757D+02
  4.735854553958D+02  4.731526484862D+02  4.726969461392D+02  4.722178160119D+02
  4.717147342111D+02  4.711871950401D+02  4.706347045104D+02  4.700567900932D+02
  4.694529942141D+02  4.688228839618D+02  4.681660445125D+02  4.674820887387D+02
  4.667706505018D+02  4.660313940947D+02  4.652640073328D+02  4.644682107553D+02
  4.636437504365D+02  4.627904068665D+02  4.619079873979D+02  4.609963347206D+02
  4.600553188598D+02  4.590848451585D+02  4.580848457435D+02  4.570552869362D+02
  4.559961601124D+02  4.549074884755D+02  4.537893172512D+02  4.526417197877D+02
  4.514647870570D+02  4.502586330675D+02  4.490233837041D+02  4.477591815042D+02
  4.464661739170D+02  4.451445175714D+02  4.437943661267D+02  4.424158742582D+02
  4.410091853821D+02  4.395744357030D+02  4.381117422239D+02  4.366212073333D+02
  4.351029076431D+02  4.335568997182D+02  4.319832103931D+02  4.303818443278D+02
  4.287527764899D+02  4.270959621954D+02  4.254113323431D+02  4.236988063970D+02
  4.219582906441D+02  4.201896941346D+02  4.183929296591D+02  4.165679319675D+02
  4.147146603690D+02  4.128331177033D+02  4.109233526300D+02  4.089854770815D+02
  4.070196657512D+02  4.050261694813D+02  4.030053095469D+02  4.009574849369D+02
  3.988831599688D+02  3.967828647521D+02  3.946571762974D+02  3.925067132424D+02
  3.903321124024D+02  3.881340204398D+02  3.859130690634D+02  3.836698671248D+02
  3.814049779618D+02  3.791189151753D+02  3.768121249190D+02  3.744849875564D+02
  3.721378064038D+02  3.697708160555D+02  3.673841776788D+02  3.649779934869D+02
  3.625523075393D+02  3.601071248991D+02  3.576424161709D+02  3.551581393697D+02
  3.526542461129D+02  3.501307040858D+02  3.475875028002D+02  3.450246746523D+02
  3.424422983707D+02  3.398405169322D+02  3.372195371574D+02  3.345796431637D+02
  3.319211909951D+02  3.292446167626D+02  3.265504257528D+02  3.238391950032D+02
  3.211115569838D+02  3.183681970833D+02  3.156098327625D+02  3.128372072786D+02
  3.100510661481D+02  3.072521494806D+02  3.044411685666D+02  3.016188001354D+02
  2.987856668019D+02  2.959423371997D+02  2.930893142469D+02  2.902270447770D+02
  2.873559184631D+02  2.844762884777D+02  2.815884807498D+02  2.786928229986D+02
  2.757896590761D+02  2.728793786248D+02  2.699624268281D+02  2.670393241741D+02
  2.641106617580D+02  2.611771036426D+02  2.582393640450D+02  2.552981933934D+02
  2.523543433553D+02  2.494085465857D+02  2.464614820743D+02  2.435137616197D+02
  2.405659072158D+02  2.376183532096D+02  2.346714411018D+02  2.317254390121D+02
  2.287805521369D+02  2.258369550939D+02  2.228948117904D+02  2.199543133948D+02
  2.170157000992D+02  2.140792974802D+02  2.111455335167D+02  2.082149675883D+02
  2.052882980033D+02  2.023663799049D+02  1.994502206139D+02  1.965409846858D+02
  1.936399762830D+02  1.907486314788D+02  1.878684884719D+02  1.850011687668D+02
  1.821483375491D+02  1.793116767237D+02  1.764928391491D+02  1.736934179285D+02
  1.709148997046D+02  1.681586363289D+02  1.654258044272D+02  1.627173878942D+02
  1.600341534797D+02  1.573766549773D+02  1.547452361468D+02  1.521400669218D+02
  1.495611805518D+02  1.470085418548D+02  1.444821079893D+02  1.419819048556D+02
  1.395080747113D+02  1.370609163263D+02  1.346408776474D+02  1.322485329343D+02
  1.298845183551D+02  1.275494706966D+02  1.252439501607D+02  1.229683914372D+02
  1.207230574364D+02  1.185080304934D+02  1.163232065552D+02  1.141683208974D+02
  1.120429677206D+02  1.099466416125D+02  1.078787642834D+02  1.058387263883D+02
  1.038259097606D+02  1.018397216558D+02  9.987960765423D+01  9.794507591362D+01
  9.603570014588D+01  9.415113444472D+01  9.229110773073D+01  9.045543107473D+01
  8.864398576841D+01  8.685672542078D+01  8.509365992910D+01  8.335485453906D+01
  8.164041176642D+01  7.995046929106D+01  7.828518149415D+01  7.664471763058D+01
  7.502924420127D+01  7.343892440030D+01  7.187390210562D+01  7.033430318473D+01
  6.882022150796D+01  6.733172235892D+01  6.586883058440D+01  6.443153611646D+01
  6.301978418534D+01  6.163348282260D+01  6.027249497070D+01  5.893664777753D+01
  5.762572639472D+01  5.633948482713D+01  5.507764112992D+01  5.383988942861D+01
  5.262589598570D+01  5.143531166844D+01  5.026776794392D+01  4.912288865543D+01
  4.800028469506D+01  4.689956387541D+01  4.582032329756D+01  4.476215674070D+01
  4.372464467658D+01  4.270735979908D+01  4.170985512143D+01  4.073166936105D+01
  3.977231426177D+01
N_07 POTENTIAL                      exc: Vosko,Wilk,Nusair      
  1.72127726  6.50000000  1.73067725
   7.00000
   2.01081   0.8856778076   0.8856506268
353
 0.25000000D-01 0.30314114D-03
 2 1
    0  -2.69998930000D+01
    0  -4.29582100000D-01
  2.611904919093D+01  2.611943107843D+01  2.611982223625D+01  2.612024858010D+01
  2.612069055046D+01  2.612114597634D+01  2.612161360345D+01  2.612209388837D+01
  2.612258633615D+01  2.612309170481D+01  2.612360964640D+01  2.612414100268D+01
  2.612468548003D+01  2.612524395940D+01  2.612581617808D+01  2.612640304312D+01
  2.612700431512D+01  2.612762092270D+01  2.612825264698D+01  2.612890043653D+01
  2.612956409212D+01  2.613024458185D+01  2.613094172602D+01  2.613165651238D+01
  2.613238878109D+01  2.613313953997D+01  2.613390864955D+01  2.613469713832D+01
  2.613550488781D+01  2.613633294787D+01  2.613718122179D+01  2.613805078154D+01
  2.613894155293D+01  2.613985463090D+01  2.614078996461D+01  2.614174867281D+01
  2.614273072892D+01  2.614373727635D+01  2.614476831384D+01  2.614582501414D+01
  2.614690778541D+01  2.614801742897D+01  2.614915399673D+01  2.615031871196D+01
  2.615151165445D+01  2.615273407585D+01  2.615398608483D+01  2.615526896236D+01
  2.615658284696D+01  2.615792904993D+01  2.615930774059D+01  2.616072026155D+01
  2.616216681390D+01  2.616364877250D+01  2.616516637119D+01  2.616672101802D+01
  2.616831298048D+01  2.616994370078D+01  2.617161348098D+01  2.617332379827D+01
  2.617507499019D+01  2.617686856980D+01  2.617870491088D+01  2.618058556318D+01
  2.618251093752D+01  2.618448262104D+01  2.618650106230D+01  2.618856788651D+01
  2.619068358058D+01  2.619284980833D+01  2.619506709556D+01  2.619733714517D+01
  2.619966052222D+01  2.620203896904D+01  2.620447309020D+01  2.620696466763D+01
  2.620951434555D+01  2.621212394548D+01  2.621479415119D+01  2.621752682363D+01
  2.622032268580D+01  2.622318363769D+01  2.622611044101D+01  2.622910503407D+01
  2.623216821650D+01  2.623530196401D+01  2.623850711299D+01  2.624178567524D+01
  2.624513852247D+01  2.624856770089D+01  2.625207411565D+01  2.625565984529D+01
  2.625932582609D+01  2.626307416636D+01  2.626690583068D+01  2.627082295404D+01
  2.627482652595D+01  2.627891870442D+01  2.628310049986D+01  2.628737408896D+01
  2.629174049836D+01  2.629620191836D+01  2.630075938636D+01  2.630541510038D+01
  2.631017010226D+01  2.631502659095D+01  2.631998560551D+01  2.632504933803D+01
  2.633021881644D+01  2.633549621714D+01  2.634088254747D+01  2.634637995806D+01
  2.635198942493D+01  2.635771306155D+01  2.636355180052D+01  2.636950770526D+01
  2.637558165134D+01  2.638177563772D+01  2.638809046761D+01  2.639452805931D+01
  2.640108912662D+01  2.640777548908D+01  2.641458775197D+01  2.642152761599D+01
  2.642859555667D+01  2.643579313348D+01  2.644312066865D+01  2.645057955565D+01
  2.645816993735D+01  2.646589301382D+01  2.647374871981D+01  2.648173803177D+01
  2.648986064462D+01  2.649811727800D+01  2.650650735216D+01  2.651503129343D+01
  2.652368820926D+01  2.653247819275D+01  2.654139999678D+01  2.655045333762D+01
  2.655963656805D+01  2.656894898001D+01  2.657838847663D+01  2.658795387384D+01
  2.659764257138D+01  2.660745285322D+01  2.661738155743D+01  2.662742637552D+01
  2.663758352105D+01  2.664785002779D+01  2.665822141715D+01  2.666869399502D+01
  2.667926251797D+01  2.668992248887D+01  2.670066782176D+01  2.671149313616D+01
  2.672239142068D+01  2.673335632602D+01  2.674437982730D+01  2.675545451577D+01
  2.676657125981D+01  2.677772149545D+01  2.678889488613D+01  2.680008161195D+01
  2.681127002830D+01  2.682244895400D+01  2.683360532879D+01  2.684472650049D+01
  2.685579788153D+01  2.686680523520D+01  2.687773233142D+01  2.688856323227D+01
  2.689927994719D+01  2.690986471801D+01  2.692029767386D+01  2.693055911599D+01
  2.694062717264D+01  2.695048008402D+01  2.696009385753D+01  2.696944455329D+01
  2.697850594013D+01  2.698725178213D+01  2.699565349590D+01  2.700368243866D+01
  2.701130756742D+01  2.701849772924D+01  2.702521932286D+01  2.703143859193D+01
  2.703711928989D+01  2.704222497686D+01  2.704671668862D+01  2.705055523806D+01
  2.705369888922D+01  2.705610566419D+01  2.705773102326D+01  2.705853017833D+01
  2.705845578021D+01  2.705746023973D+01  2.705549342330D+01  2.705250498296D+01
  2.704844206141D+01  2.704325163223D+01  2.703687821566D+01  2.702926623034D+01
  2.702035772110D+01  2.701009472342D+01  2.699841700468D+01  2.698526444261D+01
  2.697057478115D+01  2.695428602414D+01  2.693633420707D+01  2.691665580710D+01
  2.689518553167D+01  2.687185874589D+01  2.684660927890D+01  2.681937186936D+01
  2.679007999019D+01  2.675866831261D+01  2.672507054959D+01  2.668922193858D+01
  2.665105710355D+01  2.661051255611D+01  2.656752457554D+01  2.652203172745D+01
  2.647397276072D+01  2.642328914220D+01  2.636992296877D+01  2.631381951598D+01
  2.625492516263D+01  2.619318995044D+01  2.612856551785D+01  2.606100766691D+01
  2.599047430206D+01  2.591692799959D+01  2.584033394625D+01  2.576066250557D+01
  2.567788715025D+01  2.559198701877D+01  2.550294483442D+01  2.541074944472D+01
  2.531539371911D+01  2.521687706269D+01  2.511520328377D+01  2.501038307279D+01
  2.490243183016D+01  2.479137210042D+01  2.467723135036D+01  2.456004434821D+01
  2.443985088149D+01  2.431669807066D+01  2.419063801689D+01  2.406173003944D+01
  2.393003824233D+01  2.379563366665D+01  2.365859176676D+01  2.351899446806D+01
  2.337692754447D+01  2.323248257407D+01  2.308575421126D+01  2.293684203450D+01
  2.278584770878D+01  2.263287672236D+01  2.247803543805D+01  2.232143271946D+01
  2.216317687364D+01  2.200337717191D+01  2.184214069193D+01  2.167957374479D+01
  2.151577863221D+01  2.135085500074D+01  2.118489654103D+01  2.101799230334D+01
  2.085022338220D+01  2.068166424712D+01  2.051237947957D+01  2.034242520140D+01
  2.017184596454D+01  2.000067639838D+01  1.982893839691D+01  1.965664315461D+01
  1.948378884581D+01  1.931036326733D+01  1.913634224570D+01  1.896169312912D+01
  1.878637415477D+01  1.861033898705D+01  1.843353717372D+01  1.825591975046D+01
  1.807744065285D+01  1.789806305861D+01  1.771776119943D+01  1.753652664748D+01
  1.735436951916D+01  1.717132354807D+01  1.698744548011D+01  1.680281783039D+01
  1.661754561995D+01  1.643175635971D+01  1.624559415844D+01  1.605921747419D+01
  1.587279158990D+01  1.568648545894D+01  1.550046403447D+01  1.531488567329D+01
  1.512989560231D+01  1.494562487141D+01  1.476218560085D+01  1.457967178027D+01
  1.439815628957D+01  1.421769329972D+01  1.403831666172D+01  1.386004341477D+01
  1.368287302017D+01  1.350679146939D+01  1.333177090071D+01  1.315777390626D+01
  1.298475319787D+01  1.281265584561D+01  1.264142278590D+01  1.247099283775D+01
  1.230130194362D+01  1.213228688999D+01  1.196388423654D+01  1.179603371876D+01
  1.162867686010D+01  1.146176006395D+01  1.129523292528D+01  1.112905103485D+01
  1.096317401763D+01  1.079756807922D+01  1.063220380246D+01  1.046705846800D+01
  1.030211364052D+01  1.013735729374D+01  9.972781214982D+00  9.808382960848D+00
  9.644163103576D+00  9.480127037448D+00  9.316282083127D+00  9.152639156542D+00
  8.989209738233D+00  8.826007406519D+00  8.663044668354D+00  8.500334347914D+00
  8.337886265124D+00  8.175708461324D+00  8.013803705078D+00  7.852170531603D+00
  7.690799554523D+00  7.529674359339D+00  7.368767428160D+00  7.208041101903D+00
  7.047443148564D+00
Vac0 POTENTIAL                      exc: Vosko,Wilk,Nusair      
  2.25914357  6.50000000  2.23392349
   0.00000
   2.46891   0.8856778076   0.8856506268
353
 0.25000000D-01 0.37220196D-03
 0 1
  8.331148840361D-01  8.330880339079D-01  8.330597124838D-01  8.330515464681D-01
  8.330469269160D-01  8.330449543667D-01  8.330433004083D-01  8.330432152572D-01
  8.330429890808D-01  8.330441146983D-01  8.330449982580D-01  8.330471967195D-01
  8.330491566165D-01  8.330524635718D-01  8.330555868512D-01  8.330601318527D-01
  8.330645866146D-01  8.330705754669D-01  8.330766063223D-01  8.330843251089D-01
  8.330922636093D-01  8.331020945524D-01  8.331123800896D-01  8.331248275482D-01
  8.331380387183D-01  8.331537665344D-01  8.331706653127D-01  8.331905486648D-01
  8.332121411759D-01  8.332373378694D-01  8.332649578197D-01  8.332970059030D-01
  8.333324290058D-01  8.333733808821D-01  8.334189820380D-01  8.334715888396D-01
  8.335305563631D-01  8.335984101312D-01  8.336677209075D-01  8.336978621645D-01
  8.336691433837D-01  8.336427022737D-01  8.336168677129D-01  8.335931053613D-01
  8.335697630416D-01  8.335483232163D-01  8.335271486628D-01  8.335077351844D-01
  8.334884574901D-01  8.334708220818D-01  8.334532132800D-01  8.334371462430D-01
  8.334210131060D-01  8.334063361004D-01  8.333915137630D-01  8.333780741416D-01
  8.333644210675D-01  8.333520874083D-01  8.333394813950D-01  8.333281399187D-01
  8.333164748992D-01  8.333060266044D-01  8.332952100572D-01  8.332855683831D-01
  8.332755192325D-01  8.332666081574D-01  8.332572550462D-01  8.332490075229D-01
  8.332402873926D-01  8.332326440548D-01  8.332245009644D-01  8.332174090489D-01
  8.332097931877D-01  8.332032056331D-01  8.331960724989D-01  8.331899471868D-01
  8.331832568847D-01  8.331775559980D-01  8.331712726529D-01  8.331659621319D-01
  8.331600533825D-01  8.331551024587D-01  8.331495390292D-01  8.331449198254D-01
  8.331396751530D-01  8.331353623420D-01  8.331304122599D-01  8.331263827659D-01
  8.331217052248D-01  8.331179379653D-01  8.331135127939D-01  8.331099884543D-01
  8.331057971457D-01  8.331024979828D-01  8.330985235142D-01  8.330954331821D-01
  8.330916598459D-01  8.330887632435D-01  8.330851765095D-01  8.330824596416D-01
  8.330790460230D-01  8.330764958833D-01  8.330732428241D-01  8.330708472822D-01
  8.330677430540D-01  8.330654907592D-01  8.330625243668D-01  8.330604046588D-01
  8.330575657561D-01  8.330555685833D-01  8.330528473947D-01  8.330509632398D-01
  8.330483504884D-01  8.330465702977D-01  8.330440571387D-01  8.330423722604D-01
  8.330399502174D-01  8.330383523371D-01  8.330360132440D-01  8.330344943285D-01
  8.330322302721D-01  8.330307825136D-01  8.330285857775D-01  8.330272015391D-01
  8.330250645520D-01  8.330237363142D-01  8.330216515958D-01  8.330203719044D-01
  8.330183320131D-01  8.330170934262D-01  8.330150909058D-01  8.330138859395D-01
  8.330119132658D-01  8.330107343407D-01  8.330087838647D-01  8.330076232488D-01
  8.330056871402D-01  8.330045368899D-01  8.330026070768D-01  8.330014589754D-01
  8.329995270804D-01  8.329983725731D-01  8.329964298467D-01  8.329952599710D-01
  8.329932972191D-01  8.329921025310D-01  8.329901100392D-01  8.329888805329D-01
  8.329868479827D-01  8.329855730051D-01  8.329834893854D-01  8.329821575424D-01
  8.329800110515D-01  8.329786101076D-01  8.329763880482D-01  8.329749048156D-01
  8.329725934792D-01  8.329710136976D-01  8.329685982390D-01  8.329669064435D-01
  8.329643707428D-01  8.329625501203D-01  8.329598766312D-01  8.329579088616D-01
  8.329550784463D-01  8.329529435281D-01  8.329499352743D-01  8.329476113341D-01
  8.329444023544D-01  8.329418654358D-01  8.329384306469D-01  8.329356544789D-01
  8.329319663582D-01  8.329289220996D-01  8.329249504169D-01  8.329216063747D-01
  8.329173178967D-01  8.329136392156D-01  8.329089973795D-01  8.329049456991D-01
  8.328999102525D-01  8.328954433296D-01  8.328899699336D-01  8.328850412240D-01
  8.328790810146D-01  8.328736392133D-01  8.328671383170D-01  8.328611268486D-01
  8.328540258479D-01  8.328473823051D-01  8.328396156478D-01  8.328322711707D-01
  8.328237665177D-01  8.328156451080D-01  8.328063226128D-01  8.327973403766D-01
  8.327871118890D-01  8.327771762001D-01  8.327659443866D-01  8.327549529617D-01
  8.327426103340D-01  8.327304502112D-01  8.327168780519D-01  8.327034244619D-01
  8.326884916379D-01  8.326736067565D-01  8.326571684078D-01  8.326406999770D-01
  8.326225960674D-01  8.326043758723D-01  8.325844295874D-01  8.325642717720D-01
  8.325422877492D-01  8.325199869557D-01  8.324957493279D-01  8.324710786395D-01
  8.324443488724D-01  8.324170575401D-01  8.323875720420D-01  8.323573829715D-01
  8.323248504516D-01  8.322914574257D-01  8.322555559735D-01  8.322186205820D-01
  8.321789944392D-01  8.321381426844D-01  8.320943986764D-01  8.320492172213D-01
  8.320009208125D-01  8.319509528328D-01  8.318976237648D-01  8.318423643636D-01
  8.317834718339D-01  8.317223629714D-01  8.316573203025D-01  8.315897451911D-01
  8.315179039363D-01  8.314431808420D-01  8.313638242682D-01  8.312811996579D-01
  8.311935355383D-01  8.311021765009D-01  8.310053291458D-01  8.309043150107D-01
  8.307973164531D-01  8.306856295212D-01  8.305674097681D-01  8.304439250585D-01
  8.303133013075D-01  8.301767752163D-01  8.300324399266D-01  8.298814976793D-01
  8.297220053742D-01  8.295551271428D-01  8.293788798054D-01  8.291943853464D-01
  8.289996162581D-01  8.287956479092D-01  8.285804037612D-01  8.283549076198D-01
  8.281170287092D-01  8.278677337934D-01  8.276048320937D-01  8.273292272645D-01
  8.270386621371D-01  8.267339705339D-01  8.264128218187D-01  8.260759725316D-01
  8.257210107241D-01  8.253486073934D-01  8.249562605794D-01  8.245445465748D-01
  8.241108637556D-01  8.236556835423D-01  8.231762939329D-01  8.226730501850D-01
  8.221431180167D-01  8.215867239766D-01  8.210008982713D-01  8.203857247863D-01
  8.197380834949D-01  8.190579000842D-01  8.183418878941D-01  8.175897970983D-01
  8.167981561118D-01  8.159665202675D-01  8.150912126223D-01  8.141715720604D-01
  8.132036934146D-01  8.121866749140D-01  8.111163575237D-01  8.099915716387D-01
  8.088078755259D-01  8.075638011467D-01  8.062545915612D-01  8.048784457366D-01
  8.034302547455D-01  8.019078453849D-01  8.003057149613D-01  7.986212735058D-01
  7.968485768911D-01  7.949845673752D-01  7.930228047352D-01  7.909597048037D-01
  7.887882682273D-01  7.865043165742D-01  7.841002182237D-01  7.815711215139D-01
  7.789086771405D-01  7.761072676714D-01  7.731577256695D-01  7.700535587191D-01
  7.667846622788D-01  7.633435391313D-01  7.597190057063D-01  7.559024045681D-01
  7.518813026075D-01  7.476456948041D-01  7.431816922514D-01  7.384777149468D-01
  7.335181670622D-01  7.282896158962D-01  7.227744510982D-01  7.169570461268D-01
  7.108173972349D-01  7.043372627673D-01  6.974937765593D-01  6.902655591127D-01
  6.826262985807D-01  6.745508261967D-01  6.660086561243D-01  6.569700153797D-01
  6.473993313993D-01  6.372612039707D-01  6.265138262806D-01  6.151148829135D-01
  6.030148862494D-01  5.901629802628D-01  5.765001693217D-01  5.619650022341D-01
  5.464866647177D-01  5.299905119420D-01  5.123909893316D-01  4.935969751613D-01
  4.735044876010D-01  4.520017916355D-01  4.289618494287D-01  4.042471356398D-01
  3.777017795670D-01  3.491562361421D-01  3.184184683622D-01  2.852790305389D-01
  2.495014989837D-01
Vac0 POTENTIAL                      exc: Vosko,Wilk,Nusair      
  1.72127726  6.50000000  1.73067725
   0.00000
   2.01081   0.8856778076   0.8856506268
353
 0.25000000D-01 0.30314114D-03
 0 1
  6.288066258889D-01  6.287660945548D-01  6.287241207487D-01  6.287114030309D-01
  6.287043445221D-01  6.287001352976D-01  6.286968190680D-01  6.286947403177D-01
  6.286928379243D-01  6.286918021380D-01  6.286907325564D-01  6.286904043934D-01
  6.286899667674D-01  6.286902260653D-01  6.286903525471D-01  6.286911678903D-01
  6.286918541928D-01  6.286932428610D-01  6.286945245546D-01  6.286965385726D-01
  6.286984832159D-01  6.287012055632D-01  6.287039119661D-01  6.287074580959D-01
  6.287110596727D-01  6.287155826328D-01  6.287202541318D-01  6.287259529053D-01
  6.287319205203D-01  6.287390520155D-01  6.287466074506D-01  6.287555029226D-01
  6.287650224921D-01  6.287761096860D-01  6.287880799612D-01  6.288019128214D-01
  6.288169647003D-01  6.288342431555D-01  6.288515418117D-01  6.288579038805D-01
  6.288488923149D-01  6.288407559520D-01  6.288326390277D-01  6.288253337045D-01
  6.288179900653D-01  6.288114054735D-01  6.288047346234D-01  6.287987790002D-01
  6.287926969924D-01  6.287872933881D-01  6.287817295525D-01  6.287768129470D-01
  6.287717073552D-01  6.287672224299D-01  6.287625239310D-01  6.287584233132D-01
  6.287540879758D-01  6.287503308645D-01  6.287463207425D-01  6.287428718018D-01
  6.287391539439D-01  6.287359824086D-01  6.287325280591D-01  6.287296070201D-01
  6.287263909677D-01  6.287236967764D-01  6.287206968169D-01  6.287182086066D-01
  6.287154051087D-01  6.287131043877D-01  6.287104799200D-01  6.287083502425D-01
  6.287058892728D-01  6.287039159547D-01  6.287016045889D-01  6.286997744760D-01
  6.286976002468D-01  6.286959015126D-01  6.286938531918D-01  6.286922751678D-01
  6.286903426114D-01  6.286888756424D-01  6.286870496554D-01  6.286856849765D-01
  6.286839571964D-01  6.286826868240D-01  6.286810496207D-01  6.286798662594D-01
  6.286783126521D-01  6.286772096115D-01  6.286757331858D-01  6.286747043145D-01
  6.286732991612D-01  6.286723387773D-01  6.286709994309D-01  6.286701022721D-01
  6.286688236599D-01  6.286679848296D-01  6.286667622236D-01  6.286659771511D-01
  6.286648061250D-01  6.286640705226D-01  6.286629469171D-01  6.286622567439D-01
  6.286611766298D-01  6.286605280592D-01  6.286594877055D-01  6.286588770947D-01
  6.286578729395D-01  6.286572968013D-01  6.286563254239D-01  6.286557803982D-01
  6.286548384935D-01  6.286543213226D-01  6.286534056752D-01  6.286529131804D-01
  6.286520206411D-01  6.286515496966D-01  6.286506771581D-01  6.286502246698D-01
  6.286493690439D-01  6.286489319239D-01  6.286480901181D-01  6.286476652626D-01
  6.286468341558D-01  6.286464184210D-01  6.286455948399D-01  6.286451850168D-01
  6.286443657112D-01  6.286439585014D-01  6.286431401176D-01  6.286427321055D-01
  6.286419111594D-01  6.286414987853D-01  6.286406716335D-01  6.286402511630D-01
  6.286394139727D-01  6.286389814658D-01  6.286381301810D-01  6.286376814574D-01
  6.286368117649D-01  6.286363423679D-01  6.286354496578D-01  6.286349548148D-01
  6.286340341405D-01  6.286335087193D-01  6.286325547516D-01  6.286319932142D-01
  6.286310001931D-01  6.286303965442D-01  6.286293582250D-01  6.286287059560D-01
  6.286276155511D-01  6.286269075790D-01  6.286257576932D-01  6.286249862933D-01
  6.286237688541D-01  6.286229255861D-01  6.286216317653D-01  6.286207073924D-01
  6.286193275216D-01  6.286183119205D-01  6.286168353974D-01  6.286157174605D-01
  6.286141326450D-01  6.286129001715D-01  6.286111942724D-01  6.286098338492D-01
  6.286079927982D-01  6.286064896676D-01  6.286044979814D-01  6.286028358956D-01
  6.286006765225D-01  6.285988375838D-01  6.285964917350D-01  6.285944562178D-01
  6.285919031820D-01  6.285896493373D-01  6.285868662741D-01  6.285843701136D-01
  6.285813318271D-01  6.285785668846D-01  6.285752455724D-01  6.285721826402D-01
  6.285685476163D-01  6.285651544538D-01  6.285611718428D-01  6.285574128551D-01
  6.285530452540D-01  6.285488811364D-01  6.285440872407D-01  6.285394745861D-01
  6.285342087776D-01  6.285290996425D-01  6.285233115326D-01  6.285176529575D-01
  6.285112868834D-01  6.285050203632D-01  6.284980148309D-01  6.284910757287D-01
  6.284833627971D-01  6.284756796976D-01  6.284671842982D-01  6.284586782918D-01
  6.284493174767D-01  6.284399013693D-01  6.284295834797D-01  6.284191609186D-01
  6.284077846663D-01  6.283962491739D-01  6.283837026255D-01  6.283709365322D-01
  6.283570959866D-01  6.283429692497D-01  6.283276979970D-01  6.283120668965D-01
  6.282952138460D-01  6.282779195420D-01  6.282593177057D-01  6.282401846432D-01
  6.282196494592D-01  6.281984836058D-01  6.281758110840D-01  6.281523979799D-01
  6.281273626526D-01  6.281014652560D-01  6.280738179114D-01  6.280451742145D-01
  6.280146393906D-01  6.279829597849D-01  6.279492329981D-01  6.279141973592D-01
  6.278769420395D-01  6.278381965046D-01  6.277970406057D-01  6.277541940082D-01
  6.277087262580D-01  6.276613461843D-01  6.276111119375D-01  6.275587203645D-01
  6.275032170144D-01  6.274452854834D-01  6.273839573852D-01  6.273199016618D-01
  6.272521345151D-01  6.271813086798D-01  6.271064233117D-01  6.270281132194D-01
  6.269453587040D-01  6.268587747443D-01  6.267673207843D-01  6.266715898664D-01
  6.265705183596D-01  6.264646750360D-01  6.263529707339D-01  6.262359473706D-01
  6.261124875325D-01  6.259831034179D-01  6.258466463467D-01  6.257035956240D-01
  6.255527679613D-01  6.253946062520D-01  6.252278888934D-01  6.250530184652D-01
  6.248687309406D-01  6.246753842563D-01  6.244716674009D-01  6.242578888638D-01
  6.240326855860D-01  6.237963112749D-01  6.235473452009D-01  6.232859803626D-01
  6.230107321116D-01  6.227217261494D-01  6.224174069610D-01  6.220978256228D-01
  6.217613480224D-01  6.214079424546D-01  6.210358876008D-01  6.206450598876D-01
  6.202336411962D-01  6.198014059540D-01  6.193464285394D-01  6.188683700723D-01
  6.183651854771D-01  6.178364099316D-01  6.172798655435D-01  6.166949474134D-01
  6.160793298725D-01  6.154322521082D-01  6.147512239031D-01  6.140353107618D-01
  6.132818390824D-01  6.124896807125D-01  6.116559574732D-01  6.107793250600D-01
  6.098566768228D-01  6.088864269141D-01  6.078652132119D-01  6.067911795966D-01
  6.056606778839D-01  6.044715490885D-01  6.032198242071D-01  6.019030043006D-01
  6.005167599327D-01  5.990582098661D-01  5.975226189251D-01  5.959066750545D-01
  5.942051853228D-01  5.924143510395D-01  5.905284615502D-01  5.885431670371D-01
  5.864521696783D-01  5.842504936654D-01  5.819311731979D-01  5.794885191391D-01
  5.769148031853D-01  5.742035204361D-01  5.713460689139D-01  5.683350071388D-01
  5.651607279597D-01  5.618147099876D-01  5.582861844285D-01  5.545653789189D-01
  5.506401757010D-01  5.464993460108D-01  5.421291974807D-01  5.375167967170D-01
  5.326466032309D-01  5.275036771766D-01  5.220702963479D-01  5.163291451832D-01
  5.102599103724D-01  5.038424461040D-01  4.970533425298D-01  4.898690607515D-01
  4.822624666924D-01  4.742059273820D-01  4.656678005597D-01  4.566154812759D-01
  4.470118346392D-01  4.368181784310D-01  4.259906425931D-01  4.144830692648D-01
  4.022432776897D-01  3.892158569666D-01  3.753383113707D-01  3.605437104602D-01
  3.447566762809D-01  3.278959941332D-01  3.098699169695D-01  2.905791973795D-01
  2.699117267795D-01
