In49 POTENTIAL                      exc: Vosko,Wilk,Nusair      
  2.14187055  6.17500000  2.11957662
  49.00000
   2.34253   1.0890130352   0.9652353626
353
 0.25000000D-01 0.35315022D-03
 9 1
    0  -1.96656160000D+03
    0  -2.87428550000D+02
    0  -5.37136240000D+01
    0  -7.39818510000D+00
    1  -2.68528840000D+02
    1  -4.59639090000D+01
    1  -4.86454470000D+00
    2  -3.15522220000D+01
    2  -7.38539920000D-01
  4.728031870777D+02  4.728282051938D+02  4.728537980749D+02  4.728799726211D+02
  4.729067371892D+02  4.729341053426D+02  4.729620864124D+02  4.729906941105D+02
  4.730199380325D+02  4.730498320737D+02  4.730803860332D+02  4.731116139618D+02
  4.731435258202D+02  4.731761357828D+02  4.732094539304D+02  4.732434945233D+02
  4.732782677166D+02  4.733137878113D+02  4.733500649856D+02  4.733871135288D+02
  4.734249435836D+02  4.734635693670D+02  4.735030009203D+02  4.735432523183D+02
  4.735843334263D+02  4.736262580979D+02  4.736690359370D+02  4.737126804867D+02
  4.737572009940D+02  4.738026105902D+02  4.738489180576D+02  4.738961360022D+02
  4.739442726211D+02  4.739933398673D+02  4.740433452174D+02  4.740942998295D+02
  4.741462103091D+02  4.741990868603D+02  4.742529350502D+02  4.743077639521D+02
  4.743635779178D+02  4.744203846855D+02  4.744781871674D+02  4.745369915684D+02
  4.745967991429D+02  4.746576143146D+02  4.747194364288D+02  4.747822678651D+02
  4.748461057844D+02  4.749109502331D+02  4.749767958851D+02  4.750436401370D+02
  4.751114748444D+02  4.751802944083D+02  4.752500875043D+02  4.753208451597D+02
  4.753925524762D+02  4.754651966967D+02  4.755387589203D+02  4.756132221595D+02
  4.756885630463D+02  4.757647598794D+02  4.758417843218D+02  4.759196094365D+02
  4.759982013752D+02  4.760775274034D+02  4.761575475791D+02  4.762382227663D+02
  4.763195063042D+02  4.764013520091D+02  4.764837058332D+02  4.765665138553D+02
  4.766497139289D+02  4.767332436614D+02  4.768170320517D+02  4.769010074584D+02
  4.769850892268D+02  4.770691956458D+02  4.771532355656D+02  4.772371163434D+02
  4.773207354517D+02  4.774039884144D+02  4.774867604063D+02  4.775689341803D+02
  4.776503816591D+02  4.777309718549D+02  4.778105624552D+02  4.778890077355D+02
  4.779661501417D+02  4.780418281982D+02  4.781158680878D+02  4.781880915587D+02
  4.782583075041D+02  4.783263198709D+02  4.783919192425D+02  4.784548907522D+02
  4.785150056729D+02  4.785720293396D+02  4.786257127502D+02  4.786758005007D+02
  4.787220224031D+02  4.787641014385D+02  4.788017453969D+02  4.788346548549D+02
  4.788625148430D+02  4.788850028543D+02  4.789017805473D+02  4.789125017922D+02
  4.789168044162D+02  4.789143182963D+02  4.789046571547D+02  4.788874267069D+02
  4.788622165164D+02  4.788286082060D+02  4.787861673821D+02  4.787344519186D+02
  4.786730039599D+02  4.786013582879D+02  4.785190344127D+02  4.784255450329D+02
  4.783203882240D+02  4.782030560011D+02  4.780730266147D+02  4.779297732245D+02
  4.777727563115D+02  4.776014324710D+02  4.774152469481D+02  4.772136425573D+02
  4.769960523461D+02  4.767619086462D+02  4.765106358695D+02  4.762416596921D+02
  4.759543999829D+02  4.756482801196D+02  4.753227200470D+02  4.749771457185D+02
  4.746109822771D+02  4.742236636119D+02  4.738146256480D+02  4.733833160024D+02
  4.729291873632D+02  4.724517072216D+02  4.719503513138D+02  4.714246133989D+02
  4.708739987286D+02  4.702980338327D+02  4.696962599727D+02  4.690682428879D+02
  4.684135661809D+02  4.677318409670D+02  4.670226991312D+02  4.662858028146D+02
  4.655208374733D+02  4.647275211289D+02  4.639055971507D+02  4.630548431899D+02
  4.621750636032D+02  4.612660979848D+02  4.603278131464D+02  4.593601111621D+02
  4.583629208212D+02  4.573362051062D+02  4.562799520438D+02  4.551941815493D+02
  4.540789356171D+02  4.529342844939D+02  4.517603161790D+02  4.505571419108D+02
  4.493248850052D+02  4.480636857051D+02  4.467736894335D+02  4.454550511295D+02
  4.441079230857D+02  4.427324589904D+02  4.413288016257D+02  4.398970869554D+02
  4.384374320874D+02  4.369499398777D+02  4.354346876940D+02  4.338917331323D+02
  4.323211042272D+02  4.307228069606D+02  4.290968176051D+02  4.274430926854D+02
  4.257615640475D+02  4.240521517419D+02  4.223147621055D+02  4.205493036074D+02
  4.187556876695D+02  4.169338468308D+02  4.150837372494D+02  4.132053576982D+02
  4.112987518537D+02  4.093640258834D+02  4.074013480508D+02  4.054109623515D+02
  4.033931830167D+02  4.013484021233D+02  3.992770774764D+02  3.971797334129D+02
  3.950569421466D+02  3.929093187635D+02  3.907374978997D+02  3.885421255438D+02
  3.863238342108D+02  3.840832350125D+02  3.818208948230D+02  3.795373318941D+02
  3.772329978567D+02  3.749082791340D+02  3.725634853471D+02  3.701988573789D+02
  3.678145623427D+02  3.654107078301D+02  3.629873424434D+02  3.605444748020D+02
  3.580820778968D+02  3.556001109020D+02  3.530985252798D+02  3.505772872846D+02
  3.480363837305D+02  3.454758431773D+02  3.428957394717D+02  3.402962098689D+02
  3.376774547883D+02  3.350397515298D+02  3.323834491099D+02  3.297089766974D+02
  3.270168329460D+02  3.243075888665D+02  3.215818717150D+02  3.188403627389D+02
  3.160837764771D+02  3.133128546611D+02  3.105283427166D+02  3.077309821397D+02
  3.049214869670D+02  3.021005378976D+02  2.992687624312D+02  2.964267346727D+02
  2.935749631098D+02  2.907138997727D+02  2.878439385877D+02  2.849654355723D+02
  2.820787176406D+02  2.791841114193D+02  2.762819575086D+02  2.733726403926D+02
  2.704565986246D+02  2.675343453314D+02  2.646064643295D+02  2.616736134176D+02
  2.587365023315D+02  2.557958794459D+02  2.528524970818D+02  2.499070912829D+02
  2.469603467962D+02  2.440128829930D+02  2.410652304436D+02  2.381178322546D+02
  2.351710379778D+02  2.322251223417D+02  2.292802950360D+02  2.263367326317D+02
  2.233945981334D+02  2.204540788959D+02  2.175154084281D+02  2.145789030245D+02
  2.116449791053D+02  2.087141827187D+02  2.057871975727D+02  2.028648635761D+02
  1.999481727681D+02  1.970382750469D+02  1.941364611226D+02  1.912441554468D+02
  1.883628869267D+02  1.854942706136D+02  1.826399684282D+02  1.798016625261D+02
  1.769810096666D+02  1.741796105806D+02  1.713989631081D+02  1.686404336048D+02
  1.659052159563D+02  1.631943133592D+02  1.605085128545D+02  1.578483882797D+02
  1.552143016572D+02  1.526064378353D+02  1.500248400765D+02  1.474694772133D+02
  1.449403039634D+02  1.424373379576D+02  1.399607090104D+02  1.375107019182D+02
  1.350877520927D+02  1.326924254622D+02  1.303253558526D+02  1.279871843174D+02
  1.256784812653D+02  1.233996960594D+02  1.211511087821D+02  1.189328195575D+02
  1.167447410844D+02  1.145866232225D+02  1.124580718434D+02  1.103585900293D+02
  1.082876047807D+02  1.062445091052D+02  1.042286845747D+02  1.022395360382D+02
  1.002765049347D+02  9.833909401723D+01  9.642687068725D+01  9.453948220260D+01
  9.267665036665D+01  9.083817910797D+01  8.902394266654D+01  8.723388781987D+01
  8.546801784829D+01  8.372639161209D+01  8.200910536490D+01  8.031629057382D+01
  7.864809526994D+01  7.700468208147D+01  7.538621036778D+01  7.379283548971D+01
  7.222469253967D+01  7.068189746456D+01  6.916453283157D+01  6.767265109111D+01
  6.620626254130D+01  6.476534079723D+01  6.334981295216D+01  6.195956720623D+01
  6.059444515053D+01  5.925425145822D+01  5.793874815854D+01  5.664766618513D+01
  5.538070130326D+01  5.413752696874D+01  5.291779107548D+01  5.172112895891D+01
  5.054715948586D+01  4.939549652967D+01  4.826574275659D+01  4.715749822097D+01
  4.607035106541D+01  4.500388335868D+01  4.395765877330D+01  4.293122763245D+01
  4.192411306375D+01
N_07 POTENTIAL                      exc: Vosko,Wilk,Nusair      
  1.63952924  6.17500000  1.64793099
   7.00000
   1.91467   1.0890130352   0.9652353626
353
 0.25000000D-01 0.28864751D-03
 2 1
    0  -2.69998930000D+01
    0  -4.29582100000D-01
  2.633453917779D+01  2.633490151027D+01  2.633527256409D+01  2.633567807144D+01
  2.633609856323D+01  2.633653201868D+01  2.633697705567D+01  2.633743424889D+01
  2.633790296607D+01  2.633838407933D+01  2.633887710120D+01  2.633938298612D+01
  2.633990129982D+01  2.634043303502D+01  2.634097778750D+01  2.634153657532D+01
  2.634210901679D+01  2.634269615075D+01  2.634329761533D+01  2.634391446857D+01
  2.634454636750D+01  2.634519438889D+01  2.634585820855D+01  2.634653892215D+01
  2.634723622456D+01  2.634795123073D+01  2.634868365508D+01  2.634943463242D+01
  2.635020389735D+01  2.635099260522D+01  2.635180051152D+01  2.635262879286D+01
  2.635347722642D+01  2.635434701086D+01  2.635523794585D+01  2.635615125297D+01
  2.635708675522D+01  2.635804569795D+01  2.635902792856D+01  2.636003472214D+01
  2.636106633037D+01  2.636212365732D+01  2.636320660164D+01  2.636431648567D+01
  2.636545323497D+01  2.636661819930D+01  2.636781133211D+01  2.636903401151D+01
  2.637028621983D+01  2.637156936453D+01  2.637288345777D+01  2.637422993733D+01
  2.637560884618D+01  2.637702165338D+01  2.637846843369D+01  2.637995068843D+01
  2.638146852506D+01  2.638302347811D+01  2.638461568871D+01  2.638624672549D+01
  2.638791676417D+01  2.638962740838D+01  2.639137886927D+01  2.639317278634D+01
  2.639500940699D+01  2.639689040739D+01  2.639881607196D+01  2.640078811425D+01
  2.640280685642D+01  2.640487405007D+01  2.640699005569D+01  2.640915666350D+01
  2.641137427283D+01  2.641364471297D+01  2.641596842251D+01  2.641834727013D+01
  2.642078173393D+01  2.642327372215D+01  2.642582375250D+01  2.642843377282D+01
  2.643110434033D+01  2.643383744225D+01  2.643663367504D+01  2.643949506490D+01
  2.644242224696D+01  2.644541728573D+01  2.644848085419D+01  2.645161505422D+01
  2.645482059553D+01  2.645809961603D+01  2.646145286069D+01  2.646488250180D+01
  2.646838931772D+01  2.647197551300D+01  2.647564189705D+01  2.647939070415D+01
  2.648322277194D+01  2.648714036130D+01  2.649114433474D+01  2.649523697605D+01
  2.649941916859D+01  2.650369321474D+01  2.650806001397D+01  2.651252188218D+01
  2.651707972952D+01  2.652173587947D+01  2.652649124653D+01  2.653134815500D+01
  2.653630751644D+01  2.654137164818D+01  2.654654145051D+01  2.655181922493D+01
  2.655720585098D+01  2.656270360423D+01  2.656831333275D+01  2.657403727475D+01
  2.657987623470D+01  2.658583240060D+01  2.659190651968D+01  2.659810071523D+01
  2.660441566193D+01  2.661085340220D+01  2.661741452103D+01  2.662410096186D+01
  2.663091320091D+01  2.663785306248D+01  2.664492089276D+01  2.665211837453D+01
  2.665944570037D+01  2.666690438675D+01  2.667449444654D+01  2.668221720248D+01
  2.669007245894D+01  2.669806131468D+01  2.670618333384D+01  2.671443935794D+01
  2.672282867606D+01  2.673135183599D+01  2.674000781352D+01  2.674879682274D+01
  2.675771748442D+01  2.676676963528D+01  2.677595149549D+01  2.678526247688D+01
  2.679470034943D+01  2.680426404841D+01  2.681395083977D+01  2.682375912622D+01
  2.683368561145D+01  2.684372810504D+01  2.685388268549D+01  2.686414650398D+01
  2.687451494615D+01  2.688498443458D+01  2.689554958936D+01  2.690620602928D+01
  2.691694753111D+01  2.692776882954D+01  2.693866277512D+01  2.694962313290D+01
  2.696064173910D+01  2.697171129849D+01  2.698282253972D+01  2.699396701148D+01
  2.700513423661D+01  2.701631450701D+01  2.702749603661D+01  2.703866775513D+01
  2.704981646000D+01  2.706092960908D+01  2.707199247161D+01  2.708299092008D+01
  2.709390858037D+01  2.710472962295D+01  2.711543591241D+01  2.712600979821D+01
  2.713643126386D+01  2.714668071752D+01  2.715673614115D+01  2.716657588123D+01
  2.717617579830D+01  2.718551205821D+01  2.719455828246D+01  2.720328834045D+01
  2.721167350115D+01  2.721968522685D+01  2.722729232675D+01  2.723446375291D+01
  2.724116575633D+01  2.724736468582D+01  2.725302414731D+01  2.725810780649D+01
  2.726257655219D+01  2.726639130354D+01  2.726951017845D+01  2.727189130629D+01
  2.727349000236D+01  2.727426158717D+01  2.727415856809D+01  2.727313346628D+01
  2.727113600665D+01  2.726811595367D+01  2.726402031089D+01  2.725879616687D+01
  2.725238790549D+01  2.724474006336D+01  2.723579455215D+01  2.722549352876D+01
  2.721377663107D+01  2.720058386208D+01  2.718585284027D+01  2.716952169906D+01
  2.715152635291D+01  2.713180341315D+01  2.711028747095D+01  2.708691403047D+01
  2.706161680954D+01  2.703433069087D+01  2.700498904114D+01  2.697352668065D+01
  2.693987722106D+01  2.690397605374D+01  2.686575770602D+01  2.682515884779D+01
  2.678211566575D+01  2.673656688745D+01  2.668845117234D+01  2.663771015175D+01
  2.658428583497D+01  2.652812366301D+01  2.646916992713D+01  2.640737483349D+01
  2.634268993068D+01  2.627507118153D+01  2.620447639541D+01  2.613086830242D+01
  2.605421198532D+01  2.597447795047D+01  2.589163955327D+01  2.580567605914D+01
  2.571657005549D+01  2.562431049516D+01  2.552889008685D+01  2.543030831270D+01
  2.532856878825D+01  2.522368224493D+01  2.511566385012D+01  2.500453614460D+01
  2.489032631256D+01  2.477306906391D+01  2.465280384371D+01  2.452957764866D+01
  2.440344216628D+01  2.427445651486D+01  2.414268430130D+01  2.400819627585D+01
  2.387106729926D+01  2.373137890283D+01  2.358921615683D+01  2.344467012830D+01
  2.329783464413D+01  2.314880864116D+01  2.299769281962D+01  2.284459188261D+01
  2.268961107875D+01  2.253285833176D+01  2.237444067529D+01  2.221446627816D+01
  2.205304078007D+01  2.189026922477D+01  2.172625231329D+01  2.156108826699D+01
  2.139486902645D+01  2.122768208025D+01  2.105960665456D+01  2.089071556364D+01
  2.072107145952D+01  2.055072878939D+01  2.037973020856D+01  2.020810876894D+01
  2.003588464268D+01  1.986306771332D+01  1.968965480594D+01  1.951563289838D+01
  1.934097709017D+01  1.916565466917D+01  1.898962403970D+01  1.881283982436D+01
  1.863525285673D+01  1.845681630947D+01  1.827748658567D+01  1.809723011092D+01
  1.791602453716D+01  1.773386538498D+01  1.755076654830D+01  1.736676564688D+01
  1.718192267365D+01  1.699632302068D+01  1.681007350159D+01  1.662330268180D+01
  1.643615438547D+01  1.624878592906D+01  1.606136013740D+01  1.587404280131D+01
  1.568699465213D+01  1.550036944873D+01  1.531430712365D+01  1.512893342034D+01
  1.494435479427D+01  1.476065985176D+01  1.457791597009D+01  1.439617228050D+01
  1.421545760170D+01  1.403578448184D+01  1.385714793669D+01  1.367953005998D+01
  1.350289912098D+01  1.332721435786D+01  1.315242511434D+01  1.297847555934D+01
  1.280530366407D+01  1.263284570001D+01  1.246103495106D+01  1.228980591890D+01
  1.211909272674D+01  1.194883300994D+01  1.177896600527D+01  1.160943613258D+01
  1.144019078403D+01  1.127118361705D+01  1.110237206773D+01  1.093372038136D+01
  1.076519687714D+01  1.059677674334D+01  1.042843907913D+01  1.026016947828D+01
  1.009195686963D+01  9.923795907346D+00  9.755683624375D+00  9.587621639198D+00
  9.419612627383D+00  9.251662344836D+00  9.083775912256D+00  8.915959644560D+00
  8.748217133516D+00  8.580550865055D+00  8.412958081719D+00  8.245432168182D+00
  8.077958279639D+00  7.910514568870D+00  7.743067336685D+00  7.575572422521D+00
  7.407969940086D+00
Vac0 POTENTIAL                      exc: Vosko,Wilk,Nusair      
  2.14187055  6.17500000  2.11957662
   0.00000
   2.34253   1.0890130352   0.9652353626
353
 0.25000000D-01 0.35315022D-03
 0 1
  9.366310777433D-01  9.365993167638D-01  9.365660240039D-01  9.365562692795D-01
  9.365508518315D-01  9.365483100749D-01  9.365463057714D-01  9.365459060625D-01
  9.365454993218D-01  9.365464372858D-01  9.365472441715D-01  9.365493468764D-01
  9.365513168164D-01  9.365546143010D-01  9.365578371886D-01  9.365624689544D-01
  9.365671293718D-01  9.365733240988D-01  9.365796963147D-01  9.365877771483D-01
  9.365962381142D-01  9.366066422318D-01  9.366176973036D-01  9.366310078836D-01
  9.366453295434D-01  9.366623219499D-01  9.366808044576D-01  9.367025106804D-01
  9.367263458564D-01  9.367541435323D-01  9.367849253037D-01  9.368206604366D-01
  9.368605289768D-01  9.369066853655D-01  9.369585262751D-01  9.370184597463D-01
  9.370861768643D-01  9.371642996782D-01  9.372444738826D-01  9.372809288784D-01
  9.372504967448D-01  9.372223712292D-01  9.371950006676D-01  9.371697186463D-01
  9.371449936048D-01  9.371221769685D-01  9.370997530483D-01  9.370790874255D-01
  9.370586770764D-01  9.370398989340D-01  9.370212601753D-01  9.370041469240D-01
  9.369870746526D-01  9.369714369858D-01  9.369557561953D-01  9.369414320791D-01
  9.369269925259D-01  9.369138424502D-01  9.369005144102D-01  9.368884175943D-01
  9.368760884722D-01  9.368649398160D-01  9.368535113933D-01  9.368432190059D-01
  9.368326052110D-01  9.368230883854D-01  9.368132134637D-01  9.368044010210D-01
  9.367951980240D-01  9.367870269347D-01  9.367784364695D-01  9.367708507147D-01
  9.367628198962D-01  9.367557695068D-01  9.367482510828D-01  9.367416913369D-01
  9.367346429457D-01  9.367285336868D-01  9.367219172320D-01  9.367162222900D-01
  9.367100034050D-01  9.367046901018D-01  9.366988376926D-01  9.366938764207D-01
  9.366883622730D-01  9.366837261288D-01  9.366785245700D-01  9.366741890373D-01
  9.366692766408D-01  9.366652193184D-01  9.366605746489D-01  9.366567750108D-01
  9.366523783985D-01  9.366488175840D-01  9.366446509308D-01  9.366413115602D-01
  9.366373581647D-01  9.366342241760D-01  9.366304685800D-01  9.366275250843D-01
  9.366239529363D-01  9.366211860887D-01  9.366177840209D-01  9.366151809048D-01
  9.366119364245D-01  9.366094849449D-01  9.366063863335D-01  9.366040751251D-01
  9.366011113476D-01  9.365989296860D-01  9.365960903078D-01  9.365940280295D-01
  9.365913031397D-01  9.365893505684D-01  9.365867307082D-01  9.365848785857D-01
  9.365823546809D-01  9.365805941007D-01  9.365781573978D-01  9.365764797433D-01
  9.365741217479D-01  9.365725186327D-01  9.365702310506D-01  9.365686942589D-01
  9.365664689389D-01  9.365649903682D-01  9.365628192433D-01  9.365613908485D-01
  9.365592658798D-01  9.365578796143D-01  9.365557927330D-01  9.365544404907D-01
  9.365523835390D-01  9.365510570949D-01  9.365490217655D-01  9.365477127144D-01
  9.365456904870D-01  9.365443901781D-01  9.365423722544D-01  9.365410717239D-01
  9.365390489573D-01  9.365377388569D-01  9.365357016786D-01  9.365343721996D-01
  9.365323105400D-01  9.365309513310D-01  9.365288545351D-01  9.365274546142D-01
  9.365253113498D-01  9.365238590099D-01  9.365216571693D-01  9.365201398754D-01
  9.365178664678D-01  9.365162707445D-01  9.365139117798D-01  9.365122230898D-01
  9.365097634503D-01  9.365079660612D-01  9.365053893631D-01  9.365034662014D-01
  9.365007546417D-01  9.364986871329D-01  9.364958213220D-01  9.364935892157D-01
  9.364905479939D-01  9.364881291704D-01  9.364848894052D-01  9.364822596637D-01
  9.364787960279D-01  9.364759288537D-01  9.364722135804D-01  9.364690798869D-01
  9.364650824995D-01  9.364616503460D-01  9.364573373612D-01  9.364535716398D-01
  9.364489062395D-01  9.364447683314D-01  9.364397100009D-01  9.364351573960D-01
  9.364296615250D-01  9.364246474027D-01  9.364186648447D-01  9.364131376110D-01
  9.364066141969D-01  9.364005169733D-01  9.363933929744D-01  9.363866630336D-01
  9.363788725684D-01  9.363714407113D-01  9.363629110904D-01  9.363547009571D-01
  9.363453519603D-01  9.363362792698D-01  9.363260223458D-01  9.363159940562D-01
  9.363047314401D-01  9.362936448200D-01  9.362812685577D-01  9.362690101605D-01
  9.362554010301D-01  9.362418455612D-01  9.362268718821D-01  9.362118809461D-01
  9.361953972626D-01  9.361788179797D-01  9.361606636058D-01  9.361423270825D-01
  9.361223244946D-01  9.361020441332D-01  9.360799971931D-01  9.360575668240D-01
  9.360332588151D-01  9.360084506326D-01  9.359816420894D-01  9.359542043691D-01
  9.359246306786D-01  9.358942852560D-01  9.358616540056D-01  9.358280934882D-01
  9.357920815354D-01  9.357549662212D-01  9.357152164535D-01  9.356741709249D-01
  9.356302886789D-01  9.355848980374D-01  9.355364471399D-01  9.354862528442D-01
  9.354327512358D-01  9.353772464998D-01  9.353181613969D-01  9.352567861032D-01
  9.351915286490D-01  9.351236637243D-01  9.350515830754D-01  9.349765442722D-01
  9.348969210596D-01  9.348139520812D-01  9.347259911806D-01  9.346342560778D-01
  9.345370786148D-01  9.344356533792D-01  9.343282878884D-01  9.342161511548D-01
  9.340975238020D-01  9.339735465656D-01  9.338424703337D-01  9.337054045764D-01
  9.335605673032D-01  9.334090334126D-01  9.332489845577D-01  9.330814574082D-01
  9.329045934130D-01  9.327193869656D-01  9.325239350530D-01  9.323191853134D-01
  9.321031855597D-01  9.318768317173D-01  9.316381172083D-01  9.313878807569D-01
  9.311240556189D-01  9.308474172398D-01  9.305558323127D-01  9.302500062733D-01
  9.299277321663D-01  9.295896379596D-01  9.292334351982D-01  9.288596661167D-01
  9.284659520569D-01  9.280527403556D-01  9.276175524993D-01  9.271607307616D-01
  9.266796860646D-01  9.261746443362D-01  9.256428940451D-01  9.250845322444D-01
  9.244967117408D-01  9.238793867879D-01  9.232295598451D-01  9.225470268774D-01
  9.218286236539D-01  9.210739706038D-01  9.202797185970D-01  9.194452932992D-01
  9.185671403667D-01  9.176444692340D-01  9.166734976450D-01  9.156531947941D-01
  9.145795251018D-01  9.134511906169D-01  9.122638739275D-01  9.110159797134D-01
  9.097028766625D-01  9.083226380407D-01  9.068702824575D-01  9.053435132904D-01
  9.037369581115D-01  9.020479067679D-01  9.002705492371D-01  8.984017121191D-01
  8.964350946355D-01  8.943670032295D-01  8.921905853534D-01  8.899015617973D-01
  8.874924578241D-01  8.849583327482D-01  8.822910078638D-01  8.794847926724D-01
  8.765307089062D-01  8.734222126434D-01  8.701494135450D-01  8.667047918929D-01
  8.630774119271D-01  8.592586325808D-01  8.552363135072D-01  8.510005179575D-01
  8.465377097101D-01  8.418364461163D-01  8.368815636681D-01  8.316598587049D-01
  8.261542587501D-01  8.203494876976D-01  8.142262192806D-01  8.077667226996D-01
  8.009489936166D-01  7.937523750984D-01  7.861516602970D-01  7.781226822041D-01
  7.696363806166D-01  7.606643524506D-01  7.511728736141D-01  7.411283994221D-01
  7.304915295101D-01  7.192224451192D-01  7.072748020791D-01  6.946010882951D-01
  6.811464260111D-01  6.668538286531D-01  6.516578890178D-01  6.354899097225D-01
  6.182714487461D-01  5.999192923350D-01  5.803388238088D-01  5.594288025957D-01
  5.370745174613D-01  5.131523303939D-01  4.875225795206D-01  4.600338386407D-01
  4.305155300641D-01  3.987821242493D-01  3.646246348345D-01  3.278155405304D-01
  2.880994589712D-01
Vac0 POTENTIAL                      exc: Vosko,Wilk,Nusair      
  1.63952924  6.17500000  1.64793099
   0.00000
   1.91467   1.0890130352   0.9652353626
353
 0.25000000D-01 0.28864751D-03
 0 1
  7.168257954126D-01  7.167797449575D-01  7.167320729658D-01  7.167176164195D-01
  7.167096068432D-01  7.167048179017D-01  7.167010615566D-01  7.166986949578D-01
  7.166965470040D-01  7.166953679188D-01  7.166941693798D-01  7.166937982908D-01
  7.166933227679D-01  7.166936253246D-01  7.166937983201D-01  7.166947419773D-01
  7.166955624617D-01  7.166971714660D-01  7.166986853259D-01  7.167010252853D-01
  7.167033170451D-01  7.167064914279D-01  7.167096841979D-01  7.167138370014D-01
  7.167180974487D-01  7.167234203194D-01  7.167289678887D-01  7.167357114352D-01
  7.167428319152D-01  7.167513218077D-01  7.167603862123D-01  7.167710451958D-01
  7.167825354096D-01  7.167959131111D-01  7.168104564993D-01  7.168272695756D-01
  7.168456850595D-01  7.168668446915D-01  7.168881273704D-01  7.168964915726D-01
  7.168863944616D-01  7.168772675923D-01  7.168681734466D-01  7.168599782414D-01
  7.168517510142D-01  7.168443638003D-01  7.168368908197D-01  7.168302087285D-01
  7.168233958815D-01  7.168173326415D-01  7.168111006986D-01  7.168055834172D-01
  7.167998651935D-01  7.167948318478D-01  7.167895700013D-01  7.167849674865D-01
  7.167801127635D-01  7.167758953374D-01  7.167714051941D-01  7.167675332410D-01
  7.167633707389D-01  7.167598097663D-01  7.167559426669D-01  7.167526625083D-01
  7.167490625442D-01  7.167460366879D-01  7.167426789710D-01  7.167398840209D-01
  7.167367465362D-01  7.167341617637D-01  7.167312249713D-01  7.167288319358D-01
  7.167260784202D-01  7.167238606606D-01  7.167212748474D-01  7.167192176137D-01
  7.167167855228D-01  7.167148755550D-01  7.167125845977D-01  7.167108099355D-01
  7.167086487375D-01  7.167069985553D-01  7.167049568064D-01  7.167034212749D-01
  7.167014895987D-01  7.167000597661D-01  7.166982296072D-01  7.166968972920D-01
  7.166951608200D-01  7.166939185204D-01  7.166922685428D-01  7.166911093580D-01
  7.166895392468D-01  7.166884568046D-01  7.166869604296D-01  7.166859488260D-01
  7.166845204958D-01  7.166835742389D-01  7.166822086481D-01  7.166813226083D-01
  7.166800147918D-01  7.166791841570D-01  7.166779294459D-01  7.166771496810D-01
  7.166759436640D-01  7.166752104732D-01  7.166740489615D-01  7.166733582542D-01
  7.166722372472D-01  7.166715851061D-01  7.166705007615D-01  7.166698834114D-01
  7.166688320149D-01  7.166682457949D-01  7.166672237323D-01  7.166666650684D-01
  7.166656687984D-01  7.166651341750D-01  7.166641602025D-01  7.166636461384D-01
  7.166626909880D-01  7.166621940076D-01  7.166612541978D-01  7.166607708065D-01
  7.166598428225D-01  7.166593694788D-01  7.166584497452D-01  7.166579828331D-01
  7.166570676868D-01  7.166566034875D-01  7.166556891468D-01  7.166552238088D-01
  7.166543063439D-01  7.166538358509D-01  7.166529111508D-01  7.166524312887D-01
  7.166514950270D-01  7.166510013477D-01  7.166500489452D-01  7.166495367281D-01
  7.166485633129D-01  7.166480275243D-01  7.166470278892D-01  7.166464631367D-01
  7.166454316922D-01  7.166448321763D-01  7.166437628994D-01  7.166431223606D-01
  7.166420087404D-01  7.166413204010D-01  7.166401553776D-01  7.166394118786D-01
  7.166381877771D-01  7.166373811092D-01  7.166360895665D-01  7.166352109937D-01
  7.166338428798D-01  7.166328828558D-01  7.166314281853D-01  7.166303762616D-01
  7.166288240978D-01  7.166276688228D-01  7.166260071714D-01  7.166247359791D-01
  7.166229516711D-01  7.166215507579D-01  7.166196293215D-01  7.166180835111D-01
  7.166160090288D-01  7.166143016233D-01  7.166120565754D-01  7.166101691904D-01
  7.166077342824D-01  7.166056466654D-01  7.166030006367D-01  7.166006904665D-01
  7.165978098798D-01  7.165952525450D-01  7.165921115539D-01  7.165892799086D-01
  7.165858500002D-01  7.165827140938D-01  7.165789638051D-01  7.165754905839D-01
  7.165713851884D-01  7.165675381663D-01  7.165630393274D-01  7.165587782219D-01
  7.165538436103D-01  7.165491239398D-01  7.165437068110D-01  7.165384794510D-01
  7.165325281775D-01  7.165267388691D-01  7.165201964249D-01  7.165137852321D-01
  7.165065886217D-01  7.164994893319D-01  7.164915689598D-01  7.164837084207D-01
  7.164749873949D-01  7.164662847822D-01  7.164566781437D-01  7.164470441514D-01
  7.164364580236D-01  7.164257939691D-01  7.164141246163D-01  7.164023214511D-01
  7.163894542392D-01  7.163763914562D-01  7.163621997028D-01  7.163477441272D-01
  7.163320878312D-01  7.163160922846D-01  7.162988167217D-01  7.162811185458D-01
  7.162620527154D-01  7.162424721387D-01  7.162214270477D-01  7.161997653811D-01
  7.161765321456D-01  7.161525697866D-01  7.161269175342D-01  7.161004117604D-01
  7.160720853098D-01  7.160427678400D-01  7.160114851355D-01  7.159790594314D-01
  7.159445087070D-01  7.159086469908D-01  7.158704836326D-01  7.158308235876D-01
  7.157886666648D-01  7.157448077876D-01  7.156982362156D-01  7.156497357800D-01
  7.155982840761D-01  7.155446526699D-01  7.154878062586D-01  7.154285028454D-01
  7.153656928642D-01  7.153001193199D-01  7.152307168729D-01  7.151582119407D-01
  7.150815217388D-01  7.150013543393D-01  7.149166076627D-01  7.148279694895D-01
  7.147343163975D-01  7.146363137207D-01  7.145328144272D-01  7.144244590188D-01
  7.143100743430D-01  7.141902734274D-01  7.140638542178D-01  7.139313993407D-01
  7.137916747595D-01  7.136452294564D-01  7.134907939980D-01  7.133288801280D-01
  7.131581792316D-01  7.129791618288D-01  7.127904759265D-01  7.125925464017D-01
  7.123839732275D-01  7.121651307340D-01  7.119345656948D-01  7.116925964502D-01
  7.114377108384D-01  7.111701651659D-01  7.108883819645D-01  7.105925487912D-01
  7.102810157904D-01  7.099538943033D-01  7.096094542128D-01  7.092477223377D-01
  7.088668795356D-01  7.084668588564D-01  7.080457423716D-01  7.076033590582D-01
  7.071376813216D-01  7.066484225748D-01  7.061334334163D-01  7.055922988663D-01
  7.050227341549D-01  7.044241815705D-01  7.037942058078D-01  7.031320903759D-01
  7.024352324478D-01  7.017027387681D-01  7.009318199357D-01  7.001213857410D-01
  6.992684388022D-01  6.983716692504D-01  6.974278476261D-01  6.964354188158D-01
  6.953908940990D-01  6.942924442217D-01  6.931362904654D-01  6.919202967210D-01
  6.906403594248D-01  6.892939984711D-01  6.878767458307D-01  6.863857351062D-01
  6.848160886106D-01  6.831645053292D-01  6.814256461896D-01  6.795957201408D-01
  6.776688672886D-01  6.756407427393D-01  6.735048971991D-01  6.712563581496D-01
  6.688880074176D-01  6.663941591458D-01  6.637669337239D-01  6.609998318881D-01
  6.580841042548D-01  6.550123207171D-01  6.517747346352D-01  6.483628464864D-01
  6.447657615255D-01  6.409737463766D-01  6.369745786682D-01  6.327570949095D-01
  6.283075302134D-01  6.236130553558D-01  6.186581041922D-01  6.134278972308D-01
  6.079047536986D-01  6.020715982214D-01  5.959082536581D-01  5.893949265317D-01
  5.825084756657D-01  5.752258707830D-01  5.675204305749D-01  5.593652472950D-01
  5.507293860755D-01  5.415812662832D-01  5.318848115509D-01  5.216027759994D-01
  5.106928314261D-01  4.991108230817D-01  4.868067765645D-01  4.737280635359D-01
  4.598153059832D-01  4.450054260654D-01  4.292274228868D-01  4.124052690462D-01
  3.944535205934D-01  3.752802084863D-01  3.547816083864D-01  3.328457504890D-01
  3.093463899263D-01
