In49 POTENTIAL                      exc: Vosko,Wilk,Nusair      
  2.25914357  6.50000000  2.23392349
  49.00000
   2.46891   0.8856778008   0.8856506270
353
 0.25000000D-01 0.37220196D-03
 9 1
    0  -1.96656160000D+03
    0  -2.87428550000D+02
    0  -5.37136240000D+01
    0  -7.39818510000D+00
    1  -2.68528840000D+02
    1  -4.59639090000D+01
    1  -4.86454470000D+00
    2  -3.15522220000D+01
    2  -7.38539920000D-01
  4.725879640591D+02  4.726143297027D+02  4.726412978586D+02  4.726688749349D+02
  4.726970696198D+02  4.727258957890D+02  4.727553630717D+02  4.727854854658D+02
  4.728162728427D+02  4.728477393530D+02  4.728798950430D+02  4.729127541839D+02
  4.729463269488D+02  4.729806276925D+02  4.730156666664D+02  4.730514582648D+02
  4.730880127644D+02  4.731253445467D+02  4.731634638546D+02  4.732023849957D+02
  4.732421181123D+02  4.732826773688D+02  4.733240727308D+02  4.733663181400D+02
  4.734094232998D+02  4.734534018391D+02  4.734982631028D+02  4.735440203051D+02
  4.735906823240D+02  4.736382618449D+02  4.736867671570D+02  4.737362102886D+02
  4.737865988046D+02  4.738379439327D+02  4.738902523614D+02  4.739435343586D+02
  4.739977955678D+02  4.740530451190D+02  4.741092874238D+02  4.741665302775D+02
  4.742247766607D+02  4.742840328076D+02  4.743443000218D+02  4.744055827536D+02
  4.744678803859D+02  4.745311953114D+02  4.745955247149D+02  4.746608686412D+02
  4.747272217720D+02  4.747945814856D+02  4.748629396279D+02  4.749322905622D+02
  4.750026229344D+02  4.750739277131D+02  4.751461899477D+02  4.752193967988D+02
  4.752935292881D+02  4.753685703192D+02  4.754444964193D+02  4.755212857489D+02
  4.755989098354D+02  4.756773415715D+02  4.757565469396D+02  4.758364929993D+02
  4.759171396024D+02  4.759984473683D+02  4.760803693893D+02  4.761628591951D+02
  4.762458624470D+02  4.763293248911D+02  4.764131840422D+02  4.764973771254D+02
  4.765818327495D+02  4.766664788370D+02  4.767512342876D+02  4.768360168968D+02
  4.769207350095D+02  4.770052954279D+02  4.770895950562D+02  4.771735287975D+02
  4.772569811909D+02  4.773398342994D+02  4.774219593386D+02  4.775032245578D+02
  4.775834868625D+02  4.776625996887D+02  4.777404046221D+02  4.778167392676D+02
  4.778914288667D+02  4.779642941653D+02  4.780351430315D+02  4.781037783250D+02
  4.781699895181D+02  4.782335605704D+02  4.782942615567D+02  4.783518565507D+02
  4.784060952646D+02  4.784567209460D+02  4.785034620342D+02  4.785460400759D+02
  4.785841614035D+02  4.786175250754D+02  4.786458145827D+02  4.786687058210D+02
  4.786858588325D+02  4.786969258159D+02  4.787015429120D+02  4.786993382600D+02
  4.786899238344D+02  4.786729035562D+02  4.786478651902D+02  4.786143885207D+02
  4.785720373175D+02  4.785203675862D+02  4.784589196129D+02  4.783872262979D+02
  4.783048052897D+02  4.782111674125D+02  4.781058088978D+02  4.779882199157D+02
  4.778578769146D+02  4.777142512639D+02  4.775568017111D+02  4.773849831443D+02
  4.771982391728D+02  4.769960110170D+02  4.767777302188D+02  4.765428276620D+02
  4.762907264160D+02  4.760208508900D+02  4.757326198091D+02  4.754254555006D+02
  4.750987770002D+02  4.747520094637D+02  4.743845773955D+02  4.739959141755D+02
  4.735854553957D+02  4.731526484860D+02  4.726969461391D+02  4.722178160117D+02
  4.717147342110D+02  4.711871950400D+02  4.706347045103D+02  4.700567900931D+02
  4.694529942140D+02  4.688228839617D+02  4.681660445124D+02  4.674820887386D+02
  4.667706505016D+02  4.660313940946D+02  4.652640073326D+02  4.644682107551D+02
  4.636437504364D+02  4.627904068664D+02  4.619079873977D+02  4.609963347205D+02
  4.600553188597D+02  4.590848451584D+02  4.580848457433D+02  4.570552869361D+02
  4.559961601123D+02  4.549074884753D+02  4.537893172511D+02  4.526417197875D+02
  4.514647870569D+02  4.502586330674D+02  4.490233837040D+02  4.477591815041D+02
  4.464661739169D+02  4.451445175712D+02  4.437943661265D+02  4.424158742580D+02
  4.410091853819D+02  4.395744357029D+02  4.381117422237D+02  4.366212073332D+02
  4.351029076429D+02  4.335568997180D+02  4.319832103930D+02  4.303818443276D+02
  4.287527764898D+02  4.270959621953D+02  4.254113323430D+02  4.236988063969D+02
  4.219582906440D+02  4.201896941345D+02  4.183929296590D+02  4.165679319673D+02
  4.147146603689D+02  4.128331177032D+02  4.109233526299D+02  4.089854770813D+02
  4.070196657510D+02  4.050261694812D+02  4.030053095467D+02  4.009574849367D+02
  3.988831599686D+02  3.967828647520D+02  3.946571762973D+02  3.925067132422D+02
  3.903321124023D+02  3.881340204397D+02  3.859130690632D+02  3.836698671247D+02
  3.814049779617D+02  3.791189151751D+02  3.768121249188D+02  3.744849875562D+02
  3.721378064036D+02  3.697708160553D+02  3.673841776786D+02  3.649779934867D+02
  3.625523075391D+02  3.601071248990D+02  3.576424161707D+02  3.551581393695D+02
  3.526542461128D+02  3.501307040856D+02  3.475875028000D+02  3.450246746521D+02
  3.424422983705D+02  3.398405169320D+02  3.372195371573D+02  3.345796431636D+02
  3.319211909949D+02  3.292446167625D+02  3.265504257527D+02  3.238391950030D+02
  3.211115569836D+02  3.183681970831D+02  3.156098327624D+02  3.128372072784D+02
  3.100510661480D+02  3.072521494804D+02  3.044411685664D+02  3.016188001353D+02
  2.987856668018D+02  2.959423371996D+02  2.930893142468D+02  2.902270447768D+02
  2.873559184630D+02  2.844762884776D+02  2.815884807496D+02  2.786928229985D+02
  2.757896590759D+02  2.728793786246D+02  2.699624268280D+02  2.670393241740D+02
  2.641106617578D+02  2.611771036425D+02  2.582393640448D+02  2.552981933933D+02
  2.523543433552D+02  2.494085465856D+02  2.464614820742D+02  2.435137616196D+02
  2.405659072157D+02  2.376183532095D+02  2.346714411016D+02  2.317254390119D+02
  2.287805521368D+02  2.258369550937D+02  2.228948117903D+02  2.199543133947D+02
  2.170157000991D+02  2.140792974801D+02  2.111455335166D+02  2.082149675882D+02
  2.052882980032D+02  2.023663799048D+02  1.994502206138D+02  1.965409846857D+02
  1.936399762829D+02  1.907486314787D+02  1.878684884718D+02  1.850011687667D+02
  1.821483375490D+02  1.793116767236D+02  1.764928391490D+02  1.736934179284D+02
  1.709148997045D+02  1.681586363289D+02  1.654258044271D+02  1.627173878941D+02
  1.600341534796D+02  1.573766549772D+02  1.547452361467D+02  1.521400669217D+02
  1.495611805517D+02  1.470085418547D+02  1.444821079892D+02  1.419819048555D+02
  1.395080747112D+02  1.370609163262D+02  1.346408776473D+02  1.322485329343D+02
  1.298845183550D+02  1.275494706965D+02  1.252439501606D+02  1.229683914371D+02
  1.207230574363D+02  1.185080304934D+02  1.163232065551D+02  1.141683208973D+02
  1.120429677205D+02  1.099466416125D+02  1.078787642833D+02  1.058387263883D+02
  1.038259097606D+02  1.018397216557D+02  9.987960765421D+01  9.794507591361D+01
  9.603570014588D+01  9.415113444472D+01  9.229110773074D+01  9.045543107474D+01
  8.864398576843D+01  8.685672542081D+01  8.509365992914D+01  8.335485453911D+01
  8.164041176647D+01  7.995046929112D+01  7.828518149422D+01  7.664471763066D+01
  7.502924420136D+01  7.343892440039D+01  7.187390210573D+01  7.033430318484D+01
  6.882022150808D+01  6.733172235904D+01  6.586883058453D+01  6.443153611659D+01
  6.301978418547D+01  6.163348282274D+01  6.027249497084D+01  5.893664777768D+01
  5.762572639487D+01  5.633948482729D+01  5.507764113008D+01  5.383988942877D+01
  5.262589598586D+01  5.143531166861D+01  5.026776794409D+01  4.912288865561D+01
  4.800028469525D+01  4.689956387560D+01  4.582032329776D+01  4.476215674090D+01
  4.372464467678D+01  4.270735979929D+01  4.170985512164D+01  4.073166936127D+01
  3.977231426200D+01
N_07 POTENTIAL                      exc: Vosko,Wilk,Nusair      
  1.72127726  6.50000000  1.73067725
   7.00000
   2.01081   0.8856778008   0.8856506270
353
 0.25000000D-01 0.30314114D-03
 2 1
    0  -2.69998930000D+01
    0  -4.29582100000D-01
  2.611904919106D+01  2.611943107856D+01  2.611982223638D+01  2.612024858023D+01
  2.612069055059D+01  2.612114597647D+01  2.612161360358D+01  2.612209388849D+01
  2.612258633628D+01  2.612309170494D+01  2.612360964653D+01  2.612414100281D+01
  2.612468548016D+01  2.612524395953D+01  2.612581617820D+01  2.612640304325D+01
  2.612700431525D+01  2.612762092283D+01  2.612825264710D+01  2.612890043666D+01
  2.612956409225D+01  2.613024458197D+01  2.613094172615D+01  2.613165651251D+01
  2.613238878122D+01  2.613313954010D+01  2.613390864968D+01  2.613469713845D+01
  2.613550488794D+01  2.613633294800D+01  2.613718122192D+01  2.613805078167D+01
  2.613894155306D+01  2.613985463103D+01  2.614078996474D+01  2.614174867294D+01
  2.614273072905D+01  2.614373727648D+01  2.614476831397D+01  2.614582501427D+01
  2.614690778554D+01  2.614801742910D+01  2.614915399686D+01  2.615031871208D+01
  2.615151165458D+01  2.615273407598D+01  2.615398608496D+01  2.615526896249D+01
  2.615658284709D+01  2.615792905006D+01  2.615930774072D+01  2.616072026168D+01
  2.616216681403D+01  2.616364877263D+01  2.616516637132D+01  2.616672101815D+01
  2.616831298062D+01  2.616994370091D+01  2.617161348111D+01  2.617332379841D+01
  2.617507499032D+01  2.617686856993D+01  2.617870491101D+01  2.618058556331D+01
  2.618251093765D+01  2.618448262117D+01  2.618650106243D+01  2.618856788664D+01
  2.619068358071D+01  2.619284980846D+01  2.619506709569D+01  2.619733714530D+01
  2.619966052235D+01  2.620203896917D+01  2.620447309033D+01  2.620696466777D+01
  2.620951434569D+01  2.621212394562D+01  2.621479415133D+01  2.621752682376D+01
  2.622032268594D+01  2.622318363782D+01  2.622611044114D+01  2.622910503420D+01
  2.623216821664D+01  2.623530196414D+01  2.623850711313D+01  2.624178567537D+01
  2.624513852260D+01  2.624856770102D+01  2.625207411578D+01  2.625565984543D+01
  2.625932582623D+01  2.626307416650D+01  2.626690583081D+01  2.627082295418D+01
  2.627482652609D+01  2.627891870455D+01  2.628310050000D+01  2.628737408909D+01
  2.629174049850D+01  2.629620191850D+01  2.630075938650D+01  2.630541510051D+01
  2.631017010240D+01  2.631502659109D+01  2.631998560565D+01  2.632504933817D+01
  2.633021881658D+01  2.633549621728D+01  2.634088254761D+01  2.634637995819D+01
  2.635198942507D+01  2.635771306168D+01  2.636355180066D+01  2.636950770540D+01
  2.637558165148D+01  2.638177563785D+01  2.638809046775D+01  2.639452805945D+01
  2.640108912676D+01  2.640777548922D+01  2.641458775211D+01  2.642152761613D+01
  2.642859555681D+01  2.643579313362D+01  2.644312066879D+01  2.645057955579D+01
  2.645816993749D+01  2.646589301396D+01  2.647374871995D+01  2.648173803191D+01
  2.648986064476D+01  2.649811727814D+01  2.650650735230D+01  2.651503129358D+01
  2.652368820940D+01  2.653247819289D+01  2.654139999692D+01  2.655045333776D+01
  2.655963656820D+01  2.656894898015D+01  2.657838847677D+01  2.658795387398D+01
  2.659764257152D+01  2.660745285336D+01  2.661738155758D+01  2.662742637566D+01
  2.663758352119D+01  2.664785002794D+01  2.665822141729D+01  2.666869399516D+01
  2.667926251811D+01  2.668992248902D+01  2.670066782191D+01  2.671149313630D+01
  2.672239142082D+01  2.673335632616D+01  2.674437982745D+01  2.675545451591D+01
  2.676657125995D+01  2.677772149559D+01  2.678889488627D+01  2.680008161209D+01
  2.681127002844D+01  2.682244895414D+01  2.683360532893D+01  2.684472650063D+01
  2.685579788167D+01  2.686680523534D+01  2.687773233156D+01  2.688856323241D+01
  2.689927994732D+01  2.690986471814D+01  2.692029767399D+01  2.693055911612D+01
  2.694062717277D+01  2.695048008414D+01  2.696009385765D+01  2.696944455342D+01
  2.697850594025D+01  2.698725178226D+01  2.699565349602D+01  2.700368243878D+01
  2.701130756754D+01  2.701849772935D+01  2.702521932297D+01  2.703143859204D+01
  2.703711929000D+01  2.704222497697D+01  2.704671668872D+01  2.705055523816D+01
  2.705369888931D+01  2.705610566429D+01  2.705773102334D+01  2.705853017842D+01
  2.705845578029D+01  2.705746023981D+01  2.705549342337D+01  2.705250498303D+01
  2.704844206147D+01  2.704325163228D+01  2.703687821572D+01  2.702926623039D+01
  2.702035772114D+01  2.701009472345D+01  2.699841700471D+01  2.698526444263D+01
  2.697057478116D+01  2.695428602415D+01  2.693633420707D+01  2.691665580709D+01
  2.689518553165D+01  2.687185874586D+01  2.684660927887D+01  2.681937186932D+01
  2.679007999014D+01  2.675866831255D+01  2.672507054952D+01  2.668922193850D+01
  2.665105710346D+01  2.661051255601D+01  2.656752457543D+01  2.652203172733D+01
  2.647397276058D+01  2.642328914205D+01  2.636992296861D+01  2.631381951581D+01
  2.625492516245D+01  2.619318995024D+01  2.612856551764D+01  2.606100766668D+01
  2.599047430182D+01  2.591692799933D+01  2.584033394598D+01  2.576066250528D+01
  2.567788714994D+01  2.559198701844D+01  2.550294483408D+01  2.541074944437D+01
  2.531539371874D+01  2.521687706230D+01  2.511520328336D+01  2.501038307237D+01
  2.490243182971D+01  2.479137209996D+01  2.467723134988D+01  2.456004434771D+01
  2.443985088098D+01  2.431669807013D+01  2.419063801634D+01  2.406173003888D+01
  2.393003824174D+01  2.379563366604D+01  2.365859176614D+01  2.351899446742D+01
  2.337692754382D+01  2.323248257340D+01  2.308575421057D+01  2.293684203380D+01
  2.278584770806D+01  2.263287672163D+01  2.247803543730D+01  2.232143271871D+01
  2.216317687287D+01  2.200337717113D+01  2.184214069114D+01  2.167957374399D+01
  2.151577863141D+01  2.135085499992D+01  2.118489654021D+01  2.101799230251D+01
  2.085022338137D+01  2.068166424628D+01  2.051237947874D+01  2.034242520056D+01
  2.017184596370D+01  2.000067639754D+01  1.982893839607D+01  1.965664315378D+01
  1.948378884498D+01  1.931036326649D+01  1.913634224487D+01  1.896169312830D+01
  1.878637415395D+01  1.861033898623D+01  1.843353717290D+01  1.825591974965D+01
  1.807744065204D+01  1.789806305779D+01  1.771776119861D+01  1.753652664666D+01
  1.735436951834D+01  1.717132354725D+01  1.698744547928D+01  1.680281782955D+01
  1.661754561910D+01  1.643175635886D+01  1.624559415758D+01  1.605921747332D+01
  1.587279158902D+01  1.568648545805D+01  1.550046403357D+01  1.531488567238D+01
  1.512989560139D+01  1.494562487048D+01  1.476218559992D+01  1.457967177933D+01
  1.439815628863D+01  1.421769329877D+01  1.403831666077D+01  1.386004341382D+01
  1.368287301922D+01  1.350679146844D+01  1.333177089975D+01  1.315777390531D+01
  1.298475319692D+01  1.281265584466D+01  1.264142278496D+01  1.247099283681D+01
  1.230130194268D+01  1.213228688906D+01  1.196388423562D+01  1.179603371785D+01
  1.162867685919D+01  1.146176006305D+01  1.129523292439D+01  1.112905103398D+01
  1.096317401676D+01  1.079756807836D+01  1.063220380162D+01  1.046705846717D+01
  1.030211363971D+01  1.013735729294D+01  9.972781214205D+00  9.808382960090D+00
  9.644163102841D+00  9.480127036736D+00  9.316282082440D+00  9.152639155882D+00
  8.989209737602D+00  8.826007405918D+00  8.663044667786D+00  8.500334347380D+00
  8.337886264625D+00  8.175708460864D+00  8.013803704656D+00  7.852170531221D+00
  7.690799554182D+00  7.529674359040D+00  7.368767427902D+00  7.208041101688D+00
  7.047443148390D+00
Vac0 POTENTIAL                      exc: Vosko,Wilk,Nusair      
  2.25914357  6.50000000  2.23392349
   0.00000
   2.46891   0.8856778008   0.8856506270
353
 0.25000000D-01 0.37220196D-03
 0 1
  8.331148850977D-01  8.330880344171D-01  8.330597124268D-01  8.330515463895D-01
  8.330469268244D-01  8.330449543054D-01  8.330433003309D-01  8.330432151949D-01
  8.330429890077D-01  8.330441146201D-01  8.330449981767D-01  8.330471966469D-01
  8.330491565396D-01  8.330524635053D-01  8.330555867761D-01  8.330601317843D-01
  8.330645865377D-01  8.330705753913D-01  8.330766062455D-01  8.330843250357D-01
  8.330922635371D-01  8.331020944788D-01  8.331123800122D-01  8.331248274738D-01
  8.331380386401D-01  8.331537664578D-01  8.331706652324D-01  8.331905485909D-01
  8.332121411015D-01  8.332373377893D-01  8.332649577457D-01  8.332970058290D-01
  8.333324289323D-01  8.333733808101D-01  8.334189819671D-01  8.334715887724D-01
  8.335305562939D-01  8.335984100661D-01  8.336677208525D-01  8.336978621080D-01
  8.336691433243D-01  8.336427022158D-01  8.336168676551D-01  8.335931053033D-01
  8.335697629817D-01  8.335483231569D-01  8.335271486009D-01  8.335077351234D-01
  8.334884574294D-01  8.334708220202D-01  8.334532132172D-01  8.334371461791D-01
  8.334210130430D-01  8.334063360362D-01  8.333915136990D-01  8.333780740766D-01
  8.333644210010D-01  8.333520873421D-01  8.333394813288D-01  8.333281398518D-01
  8.333164748320D-01  8.333060265365D-01  8.332952099900D-01  8.332855683139D-01
  8.332755191639D-01  8.332666080876D-01  8.332572549771D-01  8.332490074531D-01
  8.332402873232D-01  8.332326439848D-01  8.332245008942D-01  8.332174089782D-01
  8.332097931171D-01  8.332032055626D-01  8.331960724278D-01  8.331899471156D-01
  8.331832568131D-01  8.331775559260D-01  8.331712725802D-01  8.331659620603D-01
  8.331600533107D-01  8.331551023872D-01  8.331495389565D-01  8.331449197530D-01
  8.331396750802D-01  8.331353622696D-01  8.331304121872D-01  8.331263826932D-01
  8.331217051520D-01  8.331179378923D-01  8.331135127201D-01  8.331099883801D-01
  8.331057970718D-01  8.331024979088D-01  8.330985234400D-01  8.330954331076D-01
  8.330916597721D-01  8.330887631692D-01  8.330851764351D-01  8.330824595673D-01
  8.330790459484D-01  8.330764958087D-01  8.330732427496D-01  8.330708472070D-01
  8.330677429788D-01  8.330654906842D-01  8.330625242915D-01  8.330604045838D-01
  8.330575656810D-01  8.330555685078D-01  8.330528473194D-01  8.330509631642D-01
  8.330483504127D-01  8.330465702225D-01  8.330440570631D-01  8.330423721846D-01
  8.330399501416D-01  8.330383522613D-01  8.330360131681D-01  8.330344942527D-01
  8.330322301961D-01  8.330307824376D-01  8.330285857015D-01  8.330272014631D-01
  8.330250644758D-01  8.330237362380D-01  8.330216515195D-01  8.330203718282D-01
  8.330183319369D-01  8.330170933498D-01  8.330150908294D-01  8.330138858631D-01
  8.330119131893D-01  8.330107342643D-01  8.330087837883D-01  8.330076231721D-01
  8.330056870637D-01  8.330045368133D-01  8.330026070000D-01  8.330014588987D-01
  8.329995270037D-01  8.329983724964D-01  8.329964297698D-01  8.329952598942D-01
  8.329932971423D-01  8.329921024542D-01  8.329901099622D-01  8.329888804560D-01
  8.329868479058D-01  8.329855729282D-01  8.329834893084D-01  8.329821574655D-01
  8.329800109745D-01  8.329786100306D-01  8.329763879712D-01  8.329749047386D-01
  8.329725934023D-01  8.329710136205D-01  8.329685981619D-01  8.329669063664D-01
  8.329643706656D-01  8.329625500432D-01  8.329598765542D-01  8.329579087844D-01
  8.329550783691D-01  8.329529434509D-01  8.329499351971D-01  8.329476112570D-01
  8.329444022772D-01  8.329418653586D-01  8.329384305697D-01  8.329356544017D-01
  8.329319662810D-01  8.329289220224D-01  8.329249503397D-01  8.329216062975D-01
  8.329173178195D-01  8.329136391384D-01  8.329089973023D-01  8.329049456220D-01
  8.328999101753D-01  8.328954432524D-01  8.328899698564D-01  8.328850411469D-01
  8.328790809375D-01  8.328736391362D-01  8.328671382399D-01  8.328611267715D-01
  8.328540257708D-01  8.328473822280D-01  8.328396155707D-01  8.328322710936D-01
  8.328237664407D-01  8.328156450309D-01  8.328063225358D-01  8.327973402996D-01
  8.327871118120D-01  8.327771761232D-01  8.327659443097D-01  8.327549528848D-01
  8.327426102572D-01  8.327304501344D-01  8.327168779751D-01  8.327034243851D-01
  8.326884915612D-01  8.326736066798D-01  8.326571683312D-01  8.326406999004D-01
  8.326225959909D-01  8.326043757958D-01  8.325844295110D-01  8.325642716956D-01
  8.325422876730D-01  8.325199868795D-01  8.324957492518D-01  8.324710785635D-01
  8.324443487965D-01  8.324170574642D-01  8.323875719662D-01  8.323573828958D-01
  8.323248503760D-01  8.322914573502D-01  8.322555558981D-01  8.322186205067D-01
  8.321789943641D-01  8.321381426094D-01  8.320943986016D-01  8.320492171466D-01
  8.320009207379D-01  8.319509527584D-01  8.318976236905D-01  8.318423642895D-01
  8.317834717600D-01  8.317223628978D-01  8.316573202291D-01  8.315897451178D-01
  8.315179038633D-01  8.314431807692D-01  8.313638241957D-01  8.312811995856D-01
  8.311935354664D-01  8.311021764292D-01  8.310053290744D-01  8.309043149397D-01
  8.307973163824D-01  8.306856294509D-01  8.305674096981D-01  8.304439249889D-01
  8.303133012383D-01  8.301767751475D-01  8.300324398584D-01  8.298814976115D-01
  8.297220053069D-01  8.295551270761D-01  8.293788797392D-01  8.291943852808D-01
  8.289996161931D-01  8.287956478449D-01  8.285804036976D-01  8.283549075568D-01
  8.281170286470D-01  8.278677337319D-01  8.276048320331D-01  8.273292272047D-01
  8.270386620783D-01  8.267339704760D-01  8.264128217619D-01  8.260759724757D-01
  8.257210106693D-01  8.253486073398D-01  8.249562605270D-01  8.245445465237D-01
  8.241108637058D-01  8.236556834939D-01  8.231762938859D-01  8.226730501396D-01
  8.221431179729D-01  8.215867239343D-01  8.210008982308D-01  8.203857247477D-01
  8.197380834581D-01  8.190579000494D-01  8.183418878614D-01  8.175897970678D-01
  8.167981560835D-01  8.159665202416D-01  8.150912125989D-01  8.141715720396D-01
  8.132036933965D-01  8.121866748986D-01  8.111163575112D-01  8.099915716293D-01
  8.088078755197D-01  8.075638011438D-01  8.062545915617D-01  8.048784457407D-01
  8.034302547532D-01  8.019078453965D-01  8.003057149769D-01  7.986212735254D-01
  7.968485769151D-01  7.949845674035D-01  7.930228047681D-01  7.909597048413D-01
  7.887882682697D-01  7.865043166217D-01  7.841002182763D-01  7.815711215719D-01
  7.789086772039D-01  7.761072677404D-01  7.731577257442D-01  7.700535587997D-01
  7.667846623653D-01  7.633435392240D-01  7.597190058052D-01  7.559024046733D-01
  7.518813027191D-01  7.476456949222D-01  7.431816923761D-01  7.384777150780D-01
  7.335181672001D-01  7.282896160407D-01  7.227744512494D-01  7.169570462847D-01
  7.108173973993D-01  7.043372629382D-01  6.974937767366D-01  6.902655592963D-01
  6.826262987705D-01  6.745508263924D-01  6.660086563258D-01  6.569700155868D-01
  6.473993316117D-01  6.372612041881D-01  6.265138265026D-01  6.151148831398D-01
  6.030148864797D-01  5.901629804966D-01  5.765001695586D-01  5.619650024736D-01
  5.464866649594D-01  5.299905121853D-01  5.123909895760D-01  4.935969754063D-01
  4.735044878461D-01  4.520017918800D-01  4.289618496722D-01  4.042471358816D-01
  3.777017798067D-01  3.491562363791D-01  3.184184685962D-01  2.852790307693D-01
  2.495014992101D-01
Vac0 POTENTIAL                      exc: Vosko,Wilk,Nusair      
  1.72127726  6.50000000  1.73067725
   0.00000
   2.01081   0.8856778008   0.8856506270
353
 0.25000000D-01 0.30314114D-03
 0 1
  6.288066269299D-01  6.287660952817D-01  6.287241211534D-01  6.287114034005D-01
  6.287043448859D-01  6.287001356426D-01  6.286968194366D-01  6.286947406748D-01
  6.286928382789D-01  6.286918024874D-01  6.286907329049D-01  6.286904047490D-01
  6.286899671299D-01  6.286902264235D-01  6.286903529116D-01  6.286911682502D-01
  6.286918545539D-01  6.286932432246D-01  6.286945249155D-01  6.286965389324D-01
  6.286984835802D-01  6.287012059202D-01  6.287039123272D-01  6.287074584594D-01
  6.287110600356D-01  6.287155829949D-01  6.287202544916D-01  6.287259532686D-01
  6.287319208789D-01  6.287390523771D-01  6.287466078117D-01  6.287555032876D-01
  6.287650228579D-01  6.287761100520D-01  6.287880803286D-01  6.288019131915D-01
  6.288169650729D-01  6.288342435314D-01  6.288515421905D-01  6.288579042630D-01
  6.288488926954D-01  6.288407563326D-01  6.288326394065D-01  6.288253340829D-01
  6.288179904468D-01  6.288114058492D-01  6.288047349999D-01  6.287987793778D-01
  6.287926973700D-01  6.287872937646D-01  6.287817299282D-01  6.287768133227D-01
  6.287717077307D-01  6.287672228041D-01  6.287625243049D-01  6.287584236862D-01
  6.287540883490D-01  6.287503312375D-01  6.287463211150D-01  6.287428721738D-01
  6.287391543159D-01  6.287359827811D-01  6.287325284302D-01  6.287296073906D-01
  6.287263913379D-01  6.287236971464D-01  6.287206971886D-01  6.287182089762D-01
  6.287154054790D-01  6.287131047574D-01  6.287104802901D-01  6.287083506120D-01
  6.287058896411D-01  6.287039163239D-01  6.287016049570D-01  6.286997748449D-01
  6.286976006150D-01  6.286959018803D-01  6.286938535602D-01  6.286922755356D-01
  6.286903429789D-01  6.286888760100D-01  6.286870500227D-01  6.286856853436D-01
  6.286839575633D-01  6.286826871908D-01  6.286810499873D-01  6.286798666264D-01
  6.286783130178D-01  6.286772099779D-01  6.286757335522D-01  6.286747046805D-01
  6.286732995268D-01  6.286723391429D-01  6.286709997969D-01  6.286701026373D-01
  6.286688240257D-01  6.286679851955D-01  6.286667625887D-01  6.286659775163D-01
  6.286648064904D-01  6.286640708876D-01  6.286629472821D-01  6.286622571087D-01
  6.286611769948D-01  6.286605284241D-01  6.286594880702D-01  6.286588774597D-01
  6.286578733043D-01  6.286572971659D-01  6.286563257886D-01  6.286557807627D-01
  6.286548388578D-01  6.286543216870D-01  6.286534060395D-01  6.286529135448D-01
  6.286520210052D-01  6.286515500612D-01  6.286506775225D-01  6.286502250340D-01
  6.286493694079D-01  6.286489322881D-01  6.286480904821D-01  6.286476656266D-01
  6.286468345196D-01  6.286464187847D-01  6.286455952036D-01  6.286451853806D-01
  6.286443660749D-01  6.286439588651D-01  6.286431404813D-01  6.286427324691D-01
  6.286419115230D-01  6.286414991488D-01  6.286406719971D-01  6.286402515264D-01
  6.286394143362D-01  6.286389818292D-01  6.286381305445D-01  6.286376818208D-01
  6.286368121282D-01  6.286363427314D-01  6.286354500212D-01  6.286349551782D-01
  6.286340345037D-01  6.286335090826D-01  6.286325551148D-01  6.286319935775D-01
  6.286310005564D-01  6.286303969074D-01  6.286293585881D-01  6.286287063192D-01
  6.286276159142D-01  6.286269079421D-01  6.286257580563D-01  6.286249866564D-01
  6.286237692171D-01  6.286229259492D-01  6.286216321283D-01  6.286207077553D-01
  6.286193278846D-01  6.286183122835D-01  6.286168357604D-01  6.286157178234D-01
  6.286141330080D-01  6.286129005345D-01  6.286111946353D-01  6.286098342121D-01
  6.286079931612D-01  6.286064900305D-01  6.286044983443D-01  6.286028362586D-01
  6.286006768853D-01  6.285988379468D-01  6.285964920980D-01  6.285944565808D-01
  6.285919035449D-01  6.285896497003D-01  6.285868666370D-01  6.285843704766D-01
  6.285813321900D-01  6.285785672476D-01  6.285752459354D-01  6.285721830031D-01
  6.285685479793D-01  6.285651548167D-01  6.285611722058D-01  6.285574132181D-01
  6.285530456169D-01  6.285488814994D-01  6.285440876037D-01  6.285394749491D-01
  6.285342091407D-01  6.285291000055D-01  6.285233118956D-01  6.285176533206D-01
  6.285112872466D-01  6.285050207264D-01  6.284980151941D-01  6.284910760919D-01
  6.284833631603D-01  6.284756800608D-01  6.284671846615D-01  6.284586786551D-01
  6.284493178401D-01  6.284399017327D-01  6.284295838432D-01  6.284191612821D-01
  6.284077850298D-01  6.283962495375D-01  6.283837029892D-01  6.283709368959D-01
  6.283570963503D-01  6.283429696135D-01  6.283276983608D-01  6.283120672605D-01
  6.282952142101D-01  6.282779199061D-01  6.282593180699D-01  6.282401850075D-01
  6.282196498236D-01  6.281984839702D-01  6.281758114485D-01  6.281523983446D-01
  6.281273630174D-01  6.281014656209D-01  6.280738182764D-01  6.280451745797D-01
  6.280146397559D-01  6.279829601503D-01  6.279492333637D-01  6.279141977250D-01
  6.278769424055D-01  6.278381968708D-01  6.277970409720D-01  6.277541943747D-01
  6.277087266247D-01  6.276613465512D-01  6.276111123046D-01  6.275587207319D-01
  6.275032173820D-01  6.274452858513D-01  6.273839577534D-01  6.273199020303D-01
  6.272521348839D-01  6.271813090489D-01  6.271064236812D-01  6.270281135893D-01
  6.269453590742D-01  6.268587751149D-01  6.267673211554D-01  6.266715902379D-01
  6.265705187315D-01  6.264646754084D-01  6.263529711069D-01  6.262359477441D-01
  6.261124879066D-01  6.259831037925D-01  6.258466467219D-01  6.257035959999D-01
  6.255527683379D-01  6.253946066293D-01  6.252278892715D-01  6.250530188441D-01
  6.248687313203D-01  6.246753846369D-01  6.244716677824D-01  6.242578892463D-01
  6.240326859695D-01  6.237963116594D-01  6.235473455865D-01  6.232859807494D-01
  6.230107324996D-01  6.227217265387D-01  6.224174073516D-01  6.220978260149D-01
  6.217613484159D-01  6.214079428497D-01  6.210358879974D-01  6.206450602860D-01
  6.202336415964D-01  6.198014063560D-01  6.193464289433D-01  6.188683704783D-01
  6.183651858852D-01  6.178364103420D-01  6.172798659562D-01  6.166949478285D-01
  6.160793302901D-01  6.154322525285D-01  6.147512243263D-01  6.140353111879D-01
  6.132818395114D-01  6.124896811447D-01  6.116559579087D-01  6.107793254989D-01
  6.098566772653D-01  6.088864273603D-01  6.078652136621D-01  6.067911800508D-01
  6.056606783423D-01  6.044715495513D-01  6.032198246745D-01  6.019030047726D-01
  6.005167604096D-01  5.990582103481D-01  5.975226194123D-01  5.959066755472D-01
  5.942051858211D-01  5.924143515436D-01  5.905284620604D-01  5.885431675534D-01
  5.864521702009D-01  5.842504941946D-01  5.819311737338D-01  5.794885196819D-01
  5.769148037351D-01  5.742035209932D-01  5.713460694784D-01  5.683350077107D-01
  5.651607285393D-01  5.618147105750D-01  5.582861850237D-01  5.545653795220D-01
  5.506401763122D-01  5.464993466300D-01  5.421291981080D-01  5.375167973524D-01
  5.326466038742D-01  5.275036778278D-01  5.220702970069D-01  5.163291458499D-01
  5.102599110465D-01  5.038424467853D-01  4.970533432181D-01  4.898690614464D-01
  4.822624673934D-01  4.742059280887D-01  4.656678012716D-01  4.566154819924D-01
  4.470118353597D-01  4.368181791547D-01  4.259906433192D-01  4.144830699925D-01
  4.022432784180D-01  3.892158576945D-01  3.753383120971D-01  3.605437111839D-01
  3.447566770007D-01  3.278959948478D-01  3.098699176774D-01  2.905791980794D-01
  2.699117274698D-01
