In49 POTENTIAL                      exc: Vosko,Wilk,Nusair      
  2.25914357  6.50000000  2.23392349
  49.00000
   2.46891   0.8856778009   0.8856506270
353
 0.25000000D-01 0.37220196D-03
 9 1
    0  -1.96656160000D+03
    0  -2.87428550000D+02
    0  -5.37136240000D+01
    0  -7.39818510000D+00
    1  -2.68528840000D+02
    1  -4.59639090000D+01
    1  -4.86454470000D+00
    2  -3.15522220000D+01
    2  -7.38539920000D-01
  4.725879640591D+02  4.726143297027D+02  4.726412978586D+02  4.726688749349D+02
  4.726970696198D+02  4.727258957890D+02  4.727553630717D+02  4.727854854658D+02
  4.728162728427D+02  4.728477393530D+02  4.728798950430D+02  4.729127541839D+02
  4.729463269488D+02  4.729806276925D+02  4.730156666664D+02  4.730514582648D+02
  4.730880127644D+02  4.731253445467D+02  4.731634638546D+02  4.732023849957D+02
  4.732421181123D+02  4.732826773688D+02  4.733240727308D+02  4.733663181400D+02
  4.734094232998D+02  4.734534018391D+02  4.734982631028D+02  4.735440203051D+02
  4.735906823240D+02  4.736382618449D+02  4.736867671570D+02  4.737362102886D+02
  4.737865988046D+02  4.738379439327D+02  4.738902523614D+02  4.739435343586D+02
  4.739977955678D+02  4.740530451190D+02  4.741092874238D+02  4.741665302775D+02
  4.742247766607D+02  4.742840328076D+02  4.743443000218D+02  4.744055827536D+02
  4.744678803859D+02  4.745311953114D+02  4.745955247149D+02  4.746608686412D+02
  4.747272217720D+02  4.747945814856D+02  4.748629396279D+02  4.749322905622D+02
  4.750026229344D+02  4.750739277131D+02  4.751461899477D+02  4.752193967988D+02
  4.752935292881D+02  4.753685703192D+02  4.754444964193D+02  4.755212857489D+02
  4.755989098354D+02  4.756773415715D+02  4.757565469396D+02  4.758364929993D+02
  4.759171396024D+02  4.759984473683D+02  4.760803693893D+02  4.761628591951D+02
  4.762458624470D+02  4.763293248911D+02  4.764131840422D+02  4.764973771254D+02
  4.765818327495D+02  4.766664788370D+02  4.767512342876D+02  4.768360168968D+02
  4.769207350095D+02  4.770052954279D+02  4.770895950562D+02  4.771735287975D+02
  4.772569811909D+02  4.773398342994D+02  4.774219593386D+02  4.775032245578D+02
  4.775834868625D+02  4.776625996887D+02  4.777404046221D+02  4.778167392676D+02
  4.778914288667D+02  4.779642941653D+02  4.780351430315D+02  4.781037783250D+02
  4.781699895181D+02  4.782335605704D+02  4.782942615567D+02  4.783518565507D+02
  4.784060952646D+02  4.784567209460D+02  4.785034620342D+02  4.785460400759D+02
  4.785841614035D+02  4.786175250754D+02  4.786458145827D+02  4.786687058210D+02
  4.786858588325D+02  4.786969258159D+02  4.787015429120D+02  4.786993382600D+02
  4.786899238344D+02  4.786729035562D+02  4.786478651902D+02  4.786143885207D+02
  4.785720373175D+02  4.785203675862D+02  4.784589196129D+02  4.783872262979D+02
  4.783048052897D+02  4.782111674125D+02  4.781058088978D+02  4.779882199157D+02
  4.778578769146D+02  4.777142512639D+02  4.775568017112D+02  4.773849831443D+02
  4.771982391728D+02  4.769960110170D+02  4.767777302188D+02  4.765428276620D+02
  4.762907264160D+02  4.760208508900D+02  4.757326198091D+02  4.754254555006D+02
  4.750987770002D+02  4.747520094637D+02  4.743845773955D+02  4.739959141755D+02
  4.735854553957D+02  4.731526484860D+02  4.726969461391D+02  4.722178160117D+02
  4.717147342110D+02  4.711871950400D+02  4.706347045103D+02  4.700567900931D+02
  4.694529942140D+02  4.688228839617D+02  4.681660445124D+02  4.674820887386D+02
  4.667706505016D+02  4.660313940946D+02  4.652640073326D+02  4.644682107551D+02
  4.636437504364D+02  4.627904068664D+02  4.619079873977D+02  4.609963347205D+02
  4.600553188597D+02  4.590848451584D+02  4.580848457433D+02  4.570552869361D+02
  4.559961601123D+02  4.549074884753D+02  4.537893172511D+02  4.526417197875D+02
  4.514647870569D+02  4.502586330674D+02  4.490233837040D+02  4.477591815041D+02
  4.464661739169D+02  4.451445175712D+02  4.437943661265D+02  4.424158742580D+02
  4.410091853819D+02  4.395744357029D+02  4.381117422237D+02  4.366212073332D+02
  4.351029076429D+02  4.335568997180D+02  4.319832103930D+02  4.303818443276D+02
  4.287527764898D+02  4.270959621953D+02  4.254113323430D+02  4.236988063969D+02
  4.219582906440D+02  4.201896941345D+02  4.183929296590D+02  4.165679319673D+02
  4.147146603689D+02  4.128331177032D+02  4.109233526299D+02  4.089854770813D+02
  4.070196657510D+02  4.050261694812D+02  4.030053095467D+02  4.009574849367D+02
  3.988831599686D+02  3.967828647520D+02  3.946571762973D+02  3.925067132422D+02
  3.903321124023D+02  3.881340204397D+02  3.859130690632D+02  3.836698671247D+02
  3.814049779617D+02  3.791189151751D+02  3.768121249188D+02  3.744849875562D+02
  3.721378064036D+02  3.697708160553D+02  3.673841776786D+02  3.649779934867D+02
  3.625523075391D+02  3.601071248990D+02  3.576424161707D+02  3.551581393695D+02
  3.526542461128D+02  3.501307040856D+02  3.475875028000D+02  3.450246746521D+02
  3.424422983705D+02  3.398405169320D+02  3.372195371573D+02  3.345796431636D+02
  3.319211909949D+02  3.292446167625D+02  3.265504257527D+02  3.238391950030D+02
  3.211115569836D+02  3.183681970831D+02  3.156098327624D+02  3.128372072785D+02
  3.100510661480D+02  3.072521494804D+02  3.044411685664D+02  3.016188001353D+02
  2.987856668018D+02  2.959423371996D+02  2.930893142468D+02  2.902270447768D+02
  2.873559184630D+02  2.844762884776D+02  2.815884807496D+02  2.786928229985D+02
  2.757896590759D+02  2.728793786246D+02  2.699624268280D+02  2.670393241740D+02
  2.641106617578D+02  2.611771036425D+02  2.582393640448D+02  2.552981933933D+02
  2.523543433552D+02  2.494085465856D+02  2.464614820742D+02  2.435137616196D+02
  2.405659072157D+02  2.376183532095D+02  2.346714411016D+02  2.317254390119D+02
  2.287805521368D+02  2.258369550937D+02  2.228948117903D+02  2.199543133947D+02
  2.170157000991D+02  2.140792974801D+02  2.111455335166D+02  2.082149675882D+02
  2.052882980032D+02  2.023663799048D+02  1.994502206138D+02  1.965409846857D+02
  1.936399762829D+02  1.907486314787D+02  1.878684884718D+02  1.850011687667D+02
  1.821483375490D+02  1.793116767236D+02  1.764928391490D+02  1.736934179284D+02
  1.709148997045D+02  1.681586363289D+02  1.654258044271D+02  1.627173878941D+02
  1.600341534796D+02  1.573766549772D+02  1.547452361467D+02  1.521400669217D+02
  1.495611805517D+02  1.470085418547D+02  1.444821079892D+02  1.419819048555D+02
  1.395080747112D+02  1.370609163262D+02  1.346408776473D+02  1.322485329343D+02
  1.298845183550D+02  1.275494706965D+02  1.252439501606D+02  1.229683914371D+02
  1.207230574363D+02  1.185080304934D+02  1.163232065551D+02  1.141683208973D+02
  1.120429677205D+02  1.099466416125D+02  1.078787642833D+02  1.058387263883D+02
  1.038259097606D+02  1.018397216557D+02  9.987960765421D+01  9.794507591361D+01
  9.603570014588D+01  9.415113444472D+01  9.229110773074D+01  9.045543107474D+01
  8.864398576843D+01  8.685672542081D+01  8.509365992914D+01  8.335485453911D+01
  8.164041176647D+01  7.995046929112D+01  7.828518149422D+01  7.664471763066D+01
  7.502924420136D+01  7.343892440039D+01  7.187390210572D+01  7.033430318484D+01
  6.882022150808D+01  6.733172235904D+01  6.586883058453D+01  6.443153611659D+01
  6.301978418547D+01  6.163348282274D+01  6.027249497084D+01  5.893664777767D+01
  5.762572639487D+01  5.633948482728D+01  5.507764113008D+01  5.383988942876D+01
  5.262589598586D+01  5.143531166861D+01  5.026776794409D+01  4.912288865561D+01
  4.800028469524D+01  4.689956387560D+01  4.582032329776D+01  4.476215674090D+01
  4.372464467678D+01  4.270735979929D+01  4.170985512164D+01  4.073166936127D+01
  3.977231426199D+01
N_07 POTENTIAL                      exc: Vosko,Wilk,Nusair      
  1.72127726  6.50000000  1.73067725
   7.00000
   2.01081   0.8856778009   0.8856506270
353
 0.25000000D-01 0.30314114D-03
 2 1
    0  -2.69998930000D+01
    0  -4.29582100000D-01
  2.611904919106D+01  2.611943107856D+01  2.611982223638D+01  2.612024858023D+01
  2.612069055059D+01  2.612114597646D+01  2.612161360358D+01  2.612209388849D+01
  2.612258633627D+01  2.612309170494D+01  2.612360964652D+01  2.612414100281D+01
  2.612468548016D+01  2.612524395953D+01  2.612581617820D+01  2.612640304325D+01
  2.612700431525D+01  2.612762092282D+01  2.612825264710D+01  2.612890043665D+01
  2.612956409225D+01  2.613024458197D+01  2.613094172614D+01  2.613165651250D+01
  2.613238878121D+01  2.613313954010D+01  2.613390864968D+01  2.613469713845D+01
  2.613550488794D+01  2.613633294800D+01  2.613718122192D+01  2.613805078167D+01
  2.613894155306D+01  2.613985463102D+01  2.614078996474D+01  2.614174867294D+01
  2.614273072905D+01  2.614373727648D+01  2.614476831397D+01  2.614582501427D+01
  2.614690778554D+01  2.614801742909D+01  2.614915399686D+01  2.615031871208D+01
  2.615151165458D+01  2.615273407598D+01  2.615398608496D+01  2.615526896249D+01
  2.615658284709D+01  2.615792905006D+01  2.615930774072D+01  2.616072026168D+01
  2.616216681403D+01  2.616364877263D+01  2.616516637132D+01  2.616672101814D+01
  2.616831298061D+01  2.616994370091D+01  2.617161348111D+01  2.617332379840D+01
  2.617507499032D+01  2.617686856993D+01  2.617870491101D+01  2.618058556331D+01
  2.618251093765D+01  2.618448262117D+01  2.618650106243D+01  2.618856788664D+01
  2.619068358071D+01  2.619284980846D+01  2.619506709569D+01  2.619733714530D+01
  2.619966052235D+01  2.620203896917D+01  2.620447309033D+01  2.620696466776D+01
  2.620951434568D+01  2.621212394562D+01  2.621479415132D+01  2.621752682376D+01
  2.622032268594D+01  2.622318363782D+01  2.622611044114D+01  2.622910503420D+01
  2.623216821663D+01  2.623530196414D+01  2.623850711312D+01  2.624178567537D+01
  2.624513852260D+01  2.624856770102D+01  2.625207411578D+01  2.625565984542D+01
  2.625932582622D+01  2.626307416649D+01  2.626690583081D+01  2.627082295418D+01
  2.627482652609D+01  2.627891870455D+01  2.628310049999D+01  2.628737408909D+01
  2.629174049850D+01  2.629620191849D+01  2.630075938650D+01  2.630541510051D+01
  2.631017010239D+01  2.631502659109D+01  2.631998560565D+01  2.632504933817D+01
  2.633021881658D+01  2.633549621728D+01  2.634088254761D+01  2.634637995819D+01
  2.635198942507D+01  2.635771306168D+01  2.636355180065D+01  2.636950770539D+01
  2.637558165148D+01  2.638177563785D+01  2.638809046775D+01  2.639452805945D+01
  2.640108912675D+01  2.640777548922D+01  2.641458775211D+01  2.642152761613D+01
  2.642859555681D+01  2.643579313362D+01  2.644312066878D+01  2.645057955578D+01
  2.645816993748D+01  2.646589301396D+01  2.647374871994D+01  2.648173803191D+01
  2.648986064476D+01  2.649811727814D+01  2.650650735230D+01  2.651503129357D+01
  2.652368820940D+01  2.653247819289D+01  2.654139999692D+01  2.655045333776D+01
  2.655963656820D+01  2.656894898015D+01  2.657838847677D+01  2.658795387398D+01
  2.659764257152D+01  2.660745285336D+01  2.661738155757D+01  2.662742637566D+01
  2.663758352119D+01  2.664785002794D+01  2.665822141729D+01  2.666869399516D+01
  2.667926251811D+01  2.668992248901D+01  2.670066782190D+01  2.671149313630D+01
  2.672239142082D+01  2.673335632616D+01  2.674437982744D+01  2.675545451591D+01
  2.676657125995D+01  2.677772149559D+01  2.678889488627D+01  2.680008161209D+01
  2.681127002844D+01  2.682244895413D+01  2.683360532893D+01  2.684472650063D+01
  2.685579788167D+01  2.686680523534D+01  2.687773233156D+01  2.688856323241D+01
  2.689927994732D+01  2.690986471814D+01  2.692029767399D+01  2.693055911612D+01
  2.694062717276D+01  2.695048008414D+01  2.696009385765D+01  2.696944455341D+01
  2.697850594025D+01  2.698725178225D+01  2.699565349601D+01  2.700368243878D+01
  2.701130756754D+01  2.701849772935D+01  2.702521932297D+01  2.703143859204D+01
  2.703711929000D+01  2.704222497696D+01  2.704671668872D+01  2.705055523816D+01
  2.705369888931D+01  2.705610566428D+01  2.705773102334D+01  2.705853017841D+01
  2.705845578029D+01  2.705746023980D+01  2.705549342337D+01  2.705250498303D+01
  2.704844206147D+01  2.704325163228D+01  2.703687821572D+01  2.702926623039D+01
  2.702035772114D+01  2.701009472345D+01  2.699841700471D+01  2.698526444263D+01
  2.697057478116D+01  2.695428602415D+01  2.693633420707D+01  2.691665580709D+01
  2.689518553165D+01  2.687185874586D+01  2.684660927887D+01  2.681937186933D+01
  2.679007999014D+01  2.675866831255D+01  2.672507054952D+01  2.668922193850D+01
  2.665105710346D+01  2.661051255601D+01  2.656752457543D+01  2.652203172733D+01
  2.647397276058D+01  2.642328914205D+01  2.636992296862D+01  2.631381951581D+01
  2.625492516245D+01  2.619318995025D+01  2.612856551764D+01  2.606100766668D+01
  2.599047430182D+01  2.591692799934D+01  2.584033394598D+01  2.576066250529D+01
  2.567788714995D+01  2.559198701845D+01  2.550294483408D+01  2.541074944437D+01
  2.531539371874D+01  2.521687706230D+01  2.511520328337D+01  2.501038307238D+01
  2.490243182972D+01  2.479137209997D+01  2.467723134989D+01  2.456004434772D+01
  2.443985088099D+01  2.431669807014D+01  2.419063801635D+01  2.406173003888D+01
  2.393003824175D+01  2.379563366605D+01  2.365859176615D+01  2.351899446743D+01
  2.337692754383D+01  2.323248257341D+01  2.308575421058D+01  2.293684203381D+01
  2.278584770807D+01  2.263287672164D+01  2.247803543731D+01  2.232143271872D+01
  2.216317687288D+01  2.200337717114D+01  2.184214069115D+01  2.167957374400D+01
  2.151577863142D+01  2.135085499993D+01  2.118489654022D+01  2.101799230253D+01
  2.085022338138D+01  2.068166424630D+01  2.051237947875D+01  2.034242520058D+01
  2.017184596371D+01  2.000067639756D+01  1.982893839609D+01  1.965664315379D+01
  1.948378884499D+01  1.931036326651D+01  1.913634224489D+01  1.896169312831D+01
  1.878637415396D+01  1.861033898624D+01  1.843353717292D+01  1.825591974966D+01
  1.807744065205D+01  1.789806305781D+01  1.771776119863D+01  1.753652664667D+01
  1.735436951835D+01  1.717132354726D+01  1.698744547930D+01  1.680281782956D+01
  1.661754561912D+01  1.643175635887D+01  1.624559415759D+01  1.605921747333D+01
  1.587279158903D+01  1.568648545806D+01  1.550046403358D+01  1.531488567240D+01
  1.512989560140D+01  1.494562487050D+01  1.476218559993D+01  1.457967177934D+01
  1.439815628864D+01  1.421769329878D+01  1.403831666078D+01  1.386004341383D+01
  1.368287301923D+01  1.350679146845D+01  1.333177089977D+01  1.315777390533D+01
  1.298475319694D+01  1.281265584468D+01  1.264142278498D+01  1.247099283683D+01
  1.230130194270D+01  1.213228688908D+01  1.196388423564D+01  1.179603371786D+01
  1.162867685921D+01  1.146176006307D+01  1.129523292440D+01  1.112905103399D+01
  1.096317401678D+01  1.079756807838D+01  1.063220380163D+01  1.046705846719D+01
  1.030211363972D+01  1.013735729296D+01  9.972781214217D+00  9.808382960102D+00
  9.644163102852D+00  9.480127036747D+00  9.316282082450D+00  9.152639155892D+00
  8.989209737611D+00  8.826007405927D+00  8.663044667794D+00  8.500334347388D+00
  8.337886264633D+00  8.175708460870D+00  8.013803704662D+00  7.852170531227D+00
  7.690799554187D+00  7.529674359044D+00  7.368767427906D+00  7.208041101691D+00
  7.047443148393D+00
Vac0 POTENTIAL                      exc: Vosko,Wilk,Nusair      
  2.25914357  6.50000000  2.23392349
   0.00000
   2.46891   0.8856778009   0.8856506270
353
 0.25000000D-01 0.37220196D-03
 0 1
  8.331148846832D-01  8.330880342076D-01  8.330597124274D-01  8.330515463674D-01
  8.330469268307D-01  8.330449543019D-01  8.330433003336D-01  8.330432151862D-01
  8.330429890109D-01  8.330441146286D-01  8.330449981815D-01  8.330471966433D-01
  8.330491565356D-01  8.330524635023D-01  8.330555867795D-01  8.330601317797D-01
  8.330645865343D-01  8.330705753952D-01  8.330766062477D-01  8.330843250352D-01
  8.330922635378D-01  8.331020944790D-01  8.331123800131D-01  8.331248274721D-01
  8.331380386463D-01  8.331537664593D-01  8.331706652368D-01  8.331905485944D-01
  8.332121411005D-01  8.332373377918D-01  8.332649577427D-01  8.332970058287D-01
  8.333324289301D-01  8.333733808068D-01  8.334189819607D-01  8.334715887621D-01
  8.335305562810D-01  8.335984100545D-01  8.336677208342D-01  8.336978620882D-01
  8.336691433065D-01  8.336427021950D-01  8.336168676361D-01  8.335931052860D-01
  8.335697629656D-01  8.335483231395D-01  8.335271485852D-01  8.335077351071D-01
  8.334884574133D-01  8.334708220057D-01  8.334532132041D-01  8.334371461663D-01
  8.334210130302D-01  8.334063360234D-01  8.333915136863D-01  8.333780740642D-01
  8.333644209911D-01  8.333520873310D-01  8.333394813177D-01  8.333281398418D-01
  8.333164748213D-01  8.333060265286D-01  8.332952099801D-01  8.332855683065D-01
  8.332755191556D-01  8.332666080796D-01  8.332572549699D-01  8.332490074453D-01
  8.332402873160D-01  8.332326439778D-01  8.332245008872D-01  8.332174089724D-01
  8.332097931109D-01  8.332032055568D-01  8.331960724218D-01  8.331899471101D-01
  8.331832568075D-01  8.331775559204D-01  8.331712725759D-01  8.331659620552D-01
  8.331600533061D-01  8.331551023820D-01  8.331495389521D-01  8.331449197487D-01
  8.331396750762D-01  8.331353622651D-01  8.331304121828D-01  8.331263826897D-01
  8.331217051484D-01  8.331179378889D-01  8.331135127171D-01  8.331099883773D-01
  8.331057970692D-01  8.331024979062D-01  8.330985234371D-01  8.330954331052D-01
  8.330916597694D-01  8.330887631667D-01  8.330851764325D-01  8.330824595651D-01
  8.330790459462D-01  8.330764958068D-01  8.330732427475D-01  8.330708472052D-01
  8.330677429771D-01  8.330654906821D-01  8.330625242901D-01  8.330604045820D-01
  8.330575656794D-01  8.330555685068D-01  8.330528473181D-01  8.330509631629D-01
  8.330483504114D-01  8.330465702212D-01  8.330440570620D-01  8.330423721835D-01
  8.330399501406D-01  8.330383522603D-01  8.330360131674D-01  8.330344942518D-01
  8.330322301953D-01  8.330307824369D-01  8.330285857007D-01  8.330272014623D-01
  8.330250644751D-01  8.330237362375D-01  8.330216515190D-01  8.330203718277D-01
  8.330183319364D-01  8.330170933494D-01  8.330150908292D-01  8.330138858628D-01
  8.330119131891D-01  8.330107342641D-01  8.330087837880D-01  8.330076231720D-01
  8.330056870637D-01  8.330045368131D-01  8.330026070000D-01  8.330014588987D-01
  8.329995270037D-01  8.329983724964D-01  8.329964297699D-01  8.329952598942D-01
  8.329932971424D-01  8.329921024544D-01  8.329901099624D-01  8.329888804562D-01
  8.329868479061D-01  8.329855729284D-01  8.329834893086D-01  8.329821574657D-01
  8.329800109748D-01  8.329786100309D-01  8.329763879715D-01  8.329749047389D-01
  8.329725934026D-01  8.329710136209D-01  8.329685981623D-01  8.329669063669D-01
  8.329643706661D-01  8.329625500436D-01  8.329598765547D-01  8.329579087850D-01
  8.329550783697D-01  8.329529434515D-01  8.329499351976D-01  8.329476112575D-01
  8.329444022778D-01  8.329418653592D-01  8.329384305703D-01  8.329356544023D-01
  8.329319662816D-01  8.329289220230D-01  8.329249503404D-01  8.329216062982D-01
  8.329173178202D-01  8.329136391391D-01  8.329089973030D-01  8.329049456226D-01
  8.328999101760D-01  8.328954432531D-01  8.328899698571D-01  8.328850411477D-01
  8.328790809383D-01  8.328736391369D-01  8.328671382407D-01  8.328611267722D-01
  8.328540257716D-01  8.328473822288D-01  8.328396155715D-01  8.328322710944D-01
  8.328237664415D-01  8.328156450317D-01  8.328063225366D-01  8.327973403005D-01
  8.327871118128D-01  8.327771761240D-01  8.327659443106D-01  8.327549528857D-01
  8.327426102580D-01  8.327304501353D-01  8.327168779760D-01  8.327034243860D-01
  8.326884915621D-01  8.326736066807D-01  8.326571683321D-01  8.326406999014D-01
  8.326225959918D-01  8.326043757967D-01  8.325844295119D-01  8.325642716966D-01
  8.325422876739D-01  8.325199868804D-01  8.324957492528D-01  8.324710785644D-01
  8.324443487974D-01  8.324170574651D-01  8.323875719672D-01  8.323573828967D-01
  8.323248503769D-01  8.322914573512D-01  8.322555558991D-01  8.322186205077D-01
  8.321789943650D-01  8.321381426103D-01  8.320943986025D-01  8.320492171475D-01
  8.320009207389D-01  8.319509527594D-01  8.318976236915D-01  8.318423642905D-01
  8.317834717609D-01  8.317223628987D-01  8.316573202300D-01  8.315897451188D-01
  8.315179038642D-01  8.314431807702D-01  8.313638241966D-01  8.312811995866D-01
  8.311935354673D-01  8.311021764301D-01  8.310053290754D-01  8.309043149406D-01
  8.307973163833D-01  8.306856294518D-01  8.305674096990D-01  8.304439249899D-01
  8.303133012392D-01  8.301767751484D-01  8.300324398593D-01  8.298814976124D-01
  8.297220053078D-01  8.295551270770D-01  8.293788797401D-01  8.291943852817D-01
  8.289996161940D-01  8.287956478457D-01  8.285804036984D-01  8.283549075577D-01
  8.281170286478D-01  8.278677337328D-01  8.276048320339D-01  8.273292272055D-01
  8.270386620791D-01  8.267339704767D-01  8.264128217626D-01  8.260759724765D-01
  8.257210106700D-01  8.253486073405D-01  8.249562605277D-01  8.245445465244D-01
  8.241108637064D-01  8.236556834945D-01  8.231762938865D-01  8.226730501401D-01
  8.221431179734D-01  8.215867239349D-01  8.210008982313D-01  8.203857247482D-01
  8.197380834586D-01  8.190579000498D-01  8.183418878618D-01  8.175897970682D-01
  8.167981560839D-01  8.159665202419D-01  8.150912125991D-01  8.141715720398D-01
  8.132036933966D-01  8.121866748988D-01  8.111163575113D-01  8.099915716293D-01
  8.088078755197D-01  8.075638011437D-01  8.062545915616D-01  8.048784457405D-01
  8.034302547530D-01  8.019078453962D-01  8.003057149765D-01  7.986212735250D-01
  7.968485769146D-01  7.949845674030D-01  7.930228047675D-01  7.909597048406D-01
  7.887882682690D-01  7.865043166208D-01  7.841002182754D-01  7.815711215708D-01
  7.789086772028D-01  7.761072677392D-01  7.731577257429D-01  7.700535587983D-01
  7.667846623639D-01  7.633435392225D-01  7.597190058035D-01  7.559024046716D-01
  7.518813027172D-01  7.476456949202D-01  7.431816923740D-01  7.384777150759D-01
  7.335181671978D-01  7.282896160383D-01  7.227744512469D-01  7.169570462821D-01
  7.108173973966D-01  7.043372629354D-01  6.974937767338D-01  6.902655592933D-01
  6.826262987674D-01  6.745508263893D-01  6.660086563226D-01  6.569700155835D-01
  6.473993316083D-01  6.372612041845D-01  6.265138264990D-01  6.151148831362D-01
  6.030148864760D-01  5.901629804928D-01  5.765001695548D-01  5.619650024698D-01
  5.464866649555D-01  5.299905121814D-01  5.123909895721D-01  4.935969754024D-01
  4.735044878422D-01  4.520017918761D-01  4.289618496683D-01  4.042471358778D-01
  3.777017798029D-01  3.491562363754D-01  3.184184685926D-01  2.852790307657D-01
  2.495014992067D-01
Vac0 POTENTIAL                      exc: Vosko,Wilk,Nusair      
  1.72127726  6.50000000  1.73067725
   0.00000
   2.01081   0.8856778009   0.8856506270
353
 0.25000000D-01 0.30314114D-03
 0 1
  6.288066274836D-01  6.287660955598D-01  6.287241211489D-01  6.287114033966D-01
  6.287043448802D-01  6.287001356471D-01  6.286968194222D-01  6.286947406666D-01
  6.286928382668D-01  6.286918024846D-01  6.286907329090D-01  6.286904047417D-01
  6.286899671194D-01  6.286902264202D-01  6.286903529063D-01  6.286911682468D-01
  6.286918545507D-01  6.286932432140D-01  6.286945249147D-01  6.286965389262D-01
  6.286984835712D-01  6.287012059161D-01  6.287039123204D-01  6.287074584526D-01
  6.287110600297D-01  6.287155829889D-01  6.287202544831D-01  6.287259532602D-01
  6.287319208737D-01  6.287390523663D-01  6.287466077999D-01  6.287555032717D-01
  6.287650228455D-01  6.287761100317D-01  6.287880803043D-01  6.288019131652D-01
  6.288169650402D-01  6.288342434874D-01  6.288515421404D-01  6.288579042078D-01
  6.288488926418D-01  6.288407562831D-01  6.288326393576D-01  6.288253340350D-01
  6.288179904011D-01  6.288114058051D-01  6.288047349573D-01  6.287987793356D-01
  6.287926973283D-01  6.287872937248D-01  6.287817298896D-01  6.287768132850D-01
  6.287717076935D-01  6.287672227676D-01  6.287625242697D-01  6.287584236533D-01
  6.287540883166D-01  6.287503312056D-01  6.287463210835D-01  6.287428721438D-01
  6.287391542865D-01  6.287359827512D-01  6.287325284032D-01  6.287296073633D-01
  6.287263913108D-01  6.287236971197D-01  6.287206971630D-01  6.287182089514D-01
  6.287154054537D-01  6.287131047335D-01  6.287104802666D-01  6.287083505886D-01
  6.287058896177D-01  6.287039163020D-01  6.287016049360D-01  6.286997748231D-01
  6.286976005948D-01  6.286959018602D-01  6.286938535398D-01  6.286922755160D-01
  6.286903429601D-01  6.286888759915D-01  6.286870500039D-01  6.286856853257D-01
  6.286839575455D-01  6.286826871732D-01  6.286810499708D-01  6.286798666092D-01
  6.286783130017D-01  6.286772099619D-01  6.286757335365D-01  6.286747046646D-01
  6.286732995118D-01  6.286723391277D-01  6.286709997819D-01  6.286701026225D-01
  6.286688240108D-01  6.286679851809D-01  6.286667625746D-01  6.286659775028D-01
  6.286648064768D-01  6.286640708743D-01  6.286629472690D-01  6.286622570958D-01
  6.286611769818D-01  6.286605284110D-01  6.286594880576D-01  6.286588774471D-01
  6.286578732920D-01  6.286572971537D-01  6.286563257766D-01  6.286557807508D-01
  6.286548388463D-01  6.286543216757D-01  6.286534060281D-01  6.286529135334D-01
  6.286520209941D-01  6.286515500501D-01  6.286506775113D-01  6.286502250233D-01
  6.286493693974D-01  6.286489322775D-01  6.286480904716D-01  6.286476656160D-01
  6.286468345094D-01  6.286464187746D-01  6.286455951935D-01  6.286451853706D-01
  6.286443660651D-01  6.286439588552D-01  6.286431404715D-01  6.286427324594D-01
  6.286419115134D-01  6.286414991394D-01  6.286406719878D-01  6.286402515173D-01
  6.286394143270D-01  6.286389818201D-01  6.286381305353D-01  6.286376818117D-01
  6.286368121191D-01  6.286363427224D-01  6.286354500123D-01  6.286349551693D-01
  6.286340344949D-01  6.286335090738D-01  6.286325551061D-01  6.286319935690D-01
  6.286310005478D-01  6.286303968990D-01  6.286293585797D-01  6.286287063108D-01
  6.286276159059D-01  6.286269079338D-01  6.286257580481D-01  6.286249866482D-01
  6.286237692090D-01  6.286229259411D-01  6.286216321203D-01  6.286207077474D-01
  6.286193278767D-01  6.286183122756D-01  6.286168357524D-01  6.286157178155D-01
  6.286141330001D-01  6.286129005267D-01  6.286111946276D-01  6.286098342043D-01
  6.286079931535D-01  6.286064900228D-01  6.286044983366D-01  6.286028362510D-01
  6.286006768778D-01  6.285988379392D-01  6.285964920904D-01  6.285944565733D-01
  6.285919035374D-01  6.285896496928D-01  6.285868666295D-01  6.285843704692D-01
  6.285813321827D-01  6.285785672402D-01  6.285752459281D-01  6.285721829958D-01
  6.285685479720D-01  6.285651548095D-01  6.285611721986D-01  6.285574132108D-01
  6.285530456097D-01  6.285488814922D-01  6.285440875966D-01  6.285394749420D-01
  6.285342091335D-01  6.285290999984D-01  6.285233118885D-01  6.285176533136D-01
  6.285112872395D-01  6.285050207193D-01  6.284980151870D-01  6.284910760849D-01
  6.284833631533D-01  6.284756800538D-01  6.284671846545D-01  6.284586786482D-01
  6.284493178331D-01  6.284399017258D-01  6.284295838362D-01  6.284191612752D-01
  6.284077850229D-01  6.283962495306D-01  6.283837029823D-01  6.283709368890D-01
  6.283570963435D-01  6.283429696067D-01  6.283276983540D-01  6.283120672537D-01
  6.282952142032D-01  6.282779198992D-01  6.282593180631D-01  6.282401850007D-01
  6.282196498168D-01  6.281984839634D-01  6.281758114417D-01  6.281523983378D-01
  6.281273630106D-01  6.281014656142D-01  6.280738182697D-01  6.280451745729D-01
  6.280146397492D-01  6.279829601435D-01  6.279492333570D-01  6.279141977182D-01
  6.278769423987D-01  6.278381968640D-01  6.277970409653D-01  6.277541943680D-01
  6.277087266179D-01  6.276613465445D-01  6.276111122979D-01  6.275587207252D-01
  6.275032173753D-01  6.274452858446D-01  6.273839577467D-01  6.273199020236D-01
  6.272521348772D-01  6.271813090422D-01  6.271064236745D-01  6.270281135825D-01
  6.269453590675D-01  6.268587751082D-01  6.267673211487D-01  6.266715902311D-01
  6.265705187248D-01  6.264646754017D-01  6.263529711002D-01  6.262359477373D-01
  6.261124878998D-01  6.259831037858D-01  6.258466467152D-01  6.257035959932D-01
  6.255527683311D-01  6.253946066226D-01  6.252278892647D-01  6.250530188373D-01
  6.248687313135D-01  6.246753846301D-01  6.244716677756D-01  6.242578892394D-01
  6.240326859626D-01  6.237963116525D-01  6.235473455797D-01  6.232859807425D-01
  6.230107324927D-01  6.227217265318D-01  6.224174073447D-01  6.220978260079D-01
  6.217613484090D-01  6.214079428427D-01  6.210358879904D-01  6.206450602789D-01
  6.202336415894D-01  6.198014063490D-01  6.193464289362D-01  6.188683704712D-01
  6.183651858780D-01  6.178364103348D-01  6.172798659490D-01  6.166949478213D-01
  6.160793302829D-01  6.154322525212D-01  6.147512243189D-01  6.140353111805D-01
  6.132818395040D-01  6.124896811373D-01  6.116559579012D-01  6.107793254914D-01
  6.098566772577D-01  6.088864273527D-01  6.078652136543D-01  6.067911800431D-01
  6.056606783345D-01  6.044715495434D-01  6.032198246665D-01  6.019030047646D-01
  6.005167604015D-01  5.990582103400D-01  5.975226194041D-01  5.959066755389D-01
  5.942051858128D-01  5.924143515352D-01  5.905284620518D-01  5.885431675448D-01
  5.864521701923D-01  5.842504941858D-01  5.819311737249D-01  5.794885196729D-01
  5.769148037260D-01  5.742035209840D-01  5.713460694691D-01  5.683350077014D-01
  5.651607285298D-01  5.618147105654D-01  5.582861850140D-01  5.545653795123D-01
  5.506401763023D-01  5.464993466201D-01  5.421291980979D-01  5.375167973422D-01
  5.326466038639D-01  5.275036778174D-01  5.220702969964D-01  5.163291458393D-01
  5.102599110358D-01  5.038424467745D-01  4.970533432072D-01  4.898690614354D-01
  4.822624673824D-01  4.742059280776D-01  4.656678012605D-01  4.566154819812D-01
  4.470118353485D-01  4.368181791434D-01  4.259906433080D-01  4.144830699813D-01
  4.022432784068D-01  3.892158576833D-01  3.753383120860D-01  3.605437111729D-01
  3.447566769898D-01  3.278959948370D-01  3.098699176668D-01  2.905791980690D-01
  2.699117274595D-01
