In49 POTENTIAL                      exc: Vosko,Wilk,Nusair      
  2.14187055  6.17500000  2.11957662
  49.00000
   2.34253   1.0890122081   0.9652351704
353
 0.25000000D-01 0.35315022D-03
 9 1
    0  -1.96656160000D+03
    0  -2.87428550000D+02
    0  -5.37136240000D+01
    0  -7.39818510000D+00
    1  -2.68528840000D+02
    1  -4.59639090000D+01
    1  -4.86454470000D+00
    2  -3.15522220000D+01
    2  -7.38539920000D-01
  4.728031859182D+02  4.728282040343D+02  4.728537969155D+02  4.728799714617D+02
  4.729067360297D+02  4.729341041831D+02  4.729620852529D+02  4.729906929510D+02
  4.730199368730D+02  4.730498309141D+02  4.730803848737D+02  4.731116128023D+02
  4.731435246606D+02  4.731761346232D+02  4.732094527708D+02  4.732434933637D+02
  4.732782665570D+02  4.733137866517D+02  4.733500638260D+02  4.733871123691D+02
  4.734249424240D+02  4.734635682073D+02  4.735029997605D+02  4.735432511586D+02
  4.735843322665D+02  4.736262569381D+02  4.736690347772D+02  4.737126793269D+02
  4.737571998342D+02  4.738026094303D+02  4.738489168978D+02  4.738961348424D+02
  4.739442714612D+02  4.739933387073D+02  4.740433440575D+02  4.740942986695D+02
  4.741462091492D+02  4.741990857003D+02  4.742529338902D+02  4.743077627921D+02
  4.743635767578D+02  4.744203835254D+02  4.744781860073D+02  4.745369904083D+02
  4.745967979828D+02  4.746576131544D+02  4.747194352687D+02  4.747822667049D+02
  4.748461046242D+02  4.749109490729D+02  4.749767947248D+02  4.750436389767D+02
  4.751114736842D+02  4.751802932480D+02  4.752500863440D+02  4.753208439994D+02
  4.753925513159D+02  4.754651955363D+02  4.755387577600D+02  4.756132209991D+02
  4.756885618859D+02  4.757647587191D+02  4.758417831614D+02  4.759196082761D+02
  4.759982002148D+02  4.760775262430D+02  4.761575464187D+02  4.762382216059D+02
  4.763195051438D+02  4.764013508487D+02  4.764837046728D+02  4.765665126949D+02
  4.766497127686D+02  4.767332425010D+02  4.768170308914D+02  4.769010062980D+02
  4.769850880665D+02  4.770691944855D+02  4.771532344054D+02  4.772371151832D+02
  4.773207342915D+02  4.774039872542D+02  4.774867592462D+02  4.775689330202D+02
  4.776503804991D+02  4.777309706950D+02  4.778105612953D+02  4.778890065757D+02
  4.779661489820D+02  4.780418270386D+02  4.781158669283D+02  4.781880903993D+02
  4.782583063448D+02  4.783263187117D+02  4.783919180834D+02  4.784548895932D+02
  4.785150045141D+02  4.785720281810D+02  4.786257115917D+02  4.786757993424D+02
  4.787220212449D+02  4.787641002805D+02  4.788017442392D+02  4.788346536974D+02
  4.788625136856D+02  4.788850016972D+02  4.789017793905D+02  4.789125006356D+02
  4.789168032599D+02  4.789143171403D+02  4.789046559990D+02  4.788874255516D+02
  4.788622153614D+02  4.788286070514D+02  4.787861662278D+02  4.787344507648D+02
  4.786730028065D+02  4.786013571349D+02  4.785190332602D+02  4.784255438809D+02
  4.783203870725D+02  4.782030548501D+02  4.780730254642D+02  4.779297720746D+02
  4.777727551622D+02  4.776014313223D+02  4.774152458002D+02  4.772136414100D+02
  4.769960511995D+02  4.767619075003D+02  4.765106347245D+02  4.762416585478D+02
  4.759543988395D+02  4.756482789771D+02  4.753227189053D+02  4.749771445778D+02
  4.746109811374D+02  4.742236624732D+02  4.738146245102D+02  4.733833148658D+02
  4.729291862276D+02  4.724517060872D+02  4.719503501805D+02  4.714246122669D+02
  4.708739975978D+02  4.702980327032D+02  4.696962588446D+02  4.690682417611D+02
  4.684135650555D+02  4.677318398431D+02  4.670226980087D+02  4.662858016936D+02
  4.655208363539D+02  4.647275200110D+02  4.639055960345D+02  4.630548420753D+02
  4.621750624903D+02  4.612660968736D+02  4.603278120369D+02  4.593601100544D+02
  4.583629197153D+02  4.573362040022D+02  4.562799509417D+02  4.551941804491D+02
  4.540789345188D+02  4.529342833976D+02  4.517603150847D+02  4.505571408184D+02
  4.493248839149D+02  4.480636846169D+02  4.467736883474D+02  4.454550500455D+02
  4.441079220038D+02  4.427324579107D+02  4.413288005482D+02  4.398970858802D+02
  4.384374310143D+02  4.369499388069D+02  4.354346866255D+02  4.338917320662D+02
  4.323211031634D+02  4.307228058992D+02  4.290968165460D+02  4.274430916288D+02
  4.257615629934D+02  4.240521506903D+02  4.223147610565D+02  4.205493025609D+02
  4.187556866257D+02  4.169338457897D+02  4.150837362110D+02  4.132053566625D+02
  4.112987508208D+02  4.093640248533D+02  4.074013470236D+02  4.054109613272D+02
  4.033931819953D+02  4.013484011048D+02  3.992770764610D+02  3.971797324004D+02
  3.950569411372D+02  3.929093177571D+02  3.907374968964D+02  3.885421245436D+02
  3.863238332137D+02  3.840832340184D+02  3.818208938320D+02  3.795373309062D+02
  3.772329968718D+02  3.749082781522D+02  3.725634843684D+02  3.701988564033D+02
  3.678145613702D+02  3.654107068606D+02  3.629873414770D+02  3.605444738386D+02
  3.580820769364D+02  3.556001099446D+02  3.530985243255D+02  3.505772863333D+02
  3.480363827821D+02  3.454758422320D+02  3.428957385292D+02  3.402962089293D+02
  3.376774538516D+02  3.350397505959D+02  3.323834481787D+02  3.297089757689D+02
  3.270168320201D+02  3.243075879432D+02  3.215818707942D+02  3.188403618204D+02
  3.160837755610D+02  3.133128537472D+02  3.105283418048D+02  3.077309812300D+02
  3.049214860592D+02  3.021005369917D+02  2.992687615271D+02  2.964267337703D+02
  2.935749622090D+02  2.907138988734D+02  2.878439376900D+02  2.849654346760D+02
  2.820787167459D+02  2.791841105259D+02  2.762819566167D+02  2.733726395022D+02
  2.704565977356D+02  2.675343444439D+02  2.646064634436D+02  2.616736125332D+02
  2.587365014487D+02  2.557958785649D+02  2.528524962026D+02  2.499070904055D+02
  2.469603459209D+02  2.440128821198D+02  2.410652295727D+02  2.381178313862D+02
  2.351710371121D+02  2.322251214787D+02  2.292802941762D+02  2.263367317753D+02
  2.233945972806D+02  2.204540780469D+02  2.175154075834D+02  2.145789021844D+02
  2.116449782702D+02  2.087141818889D+02  2.057871967486D+02  2.028648627581D+02
  1.999481719566D+02  1.970382742424D+02  1.941364603255D+02  1.912441546576D+02
  1.883628861459D+02  1.854942698417D+02  1.826399676658D+02  1.798016617737D+02
  1.769810089249D+02  1.741796098503D+02  1.713989623899D+02  1.686404328995D+02
  1.659052152647D+02  1.631943126823D+02  1.605085121931D+02  1.578483876348D+02
  1.552143010297D+02  1.526064372259D+02  1.500248394858D+02  1.474694766417D+02
  1.449403034112D+02  1.424373374246D+02  1.399607084961D+02  1.375107014218D+02
  1.350877516132D+02  1.326924249985D+02  1.303253554032D+02  1.279871838808D+02
  1.256784808400D+02  1.233996956438D+02  1.211511083747D+02  1.189328191567D+02
  1.167447406886D+02  1.145866228299D+02  1.124580714523D+02  1.103585896379D+02
  1.082876043870D+02  1.062445087073D+02  1.042286841706D+02  1.022395356259D+02
  1.002765045122D+02  9.833909358280D+01  9.642687023925D+01  9.453948173964D+01
  9.267664988771D+01  9.083817861240D+01  8.902394215418D+01  8.723388729108D+01
  8.546801730401D+01  8.372639105382D+01  8.200910479477D+01  8.031628999449D+01
  7.864809468465D+01  7.700468149388D+01  7.538620978194D+01  7.379283490992D+01
  7.222469197037D+01  7.068189691016D+01  6.916453229633D+01  6.767265057896D+01
  6.620626205575D+01  6.476534034117D+01  6.334981252782D+01  6.195956681511D+01
  6.059444479337D+01  5.925425113503D+01  5.793874786870D+01  5.664766592752D+01
  5.538070107646D+01  5.413752677125D+01  5.291779090601D+01  5.172112881660D+01
  5.054715937058D+01  4.939549644221D+01  4.826574269889D+01  4.715749819620D+01
  4.607035107816D+01  4.500388341497D+01  4.395765888069D+01  4.293122780010D+01
  4.192411330252D+01
N_07 POTENTIAL                      exc: Vosko,Wilk,Nusair      
  1.63952924  6.17500000  1.64793099
   7.00000
   1.91467   1.0890122081   0.9652351704
353
 0.25000000D-01 0.28864751D-03
 2 1
    0  -2.69998930000D+01
    0  -4.29582100000D-01
  2.633453863071D+01  2.633490096326D+01  2.633527201712D+01  2.633567752447D+01
  2.633609801626D+01  2.633653147171D+01  2.633697650870D+01  2.633743370192D+01
  2.633790241910D+01  2.633838353235D+01  2.633887655422D+01  2.633938243913D+01
  2.633990075284D+01  2.634043248802D+01  2.634097724051D+01  2.634153602831D+01
  2.634210846978D+01  2.634269560373D+01  2.634329706832D+01  2.634391392155D+01
  2.634454582047D+01  2.634519384185D+01  2.634585766151D+01  2.634653837510D+01
  2.634723567751D+01  2.634795068367D+01  2.634868310802D+01  2.634943408534D+01
  2.635020335028D+01  2.635099205813D+01  2.635179996443D+01  2.635262824576D+01
  2.635347667931D+01  2.635434646374D+01  2.635523739873D+01  2.635615070584D+01
  2.635708620809D+01  2.635804515081D+01  2.635902738141D+01  2.636003417498D+01
  2.636106578320D+01  2.636212311014D+01  2.636320605445D+01  2.636431593846D+01
  2.636545268776D+01  2.636661765206D+01  2.636781078486D+01  2.636903346424D+01
  2.637028567256D+01  2.637156881724D+01  2.637288291047D+01  2.637422939001D+01
  2.637560829885D+01  2.637702110603D+01  2.637846788633D+01  2.637995014105D+01
  2.638146797767D+01  2.638302293070D+01  2.638461514128D+01  2.638624617805D+01
  2.638791621672D+01  2.638962686091D+01  2.639137832178D+01  2.639317223883D+01
  2.639500885947D+01  2.639688985984D+01  2.639881552439D+01  2.640078756666D+01
  2.640280630882D+01  2.640487350244D+01  2.640698950805D+01  2.640915611582D+01
  2.641137372514D+01  2.641364416525D+01  2.641596787478D+01  2.641834672237D+01
  2.642078118614D+01  2.642327317433D+01  2.642582320467D+01  2.642843322496D+01
  2.643110379244D+01  2.643383689434D+01  2.643663312711D+01  2.643949451693D+01
  2.644242169897D+01  2.644541673770D+01  2.644848030614D+01  2.645161450613D+01
  2.645482004742D+01  2.645809906788D+01  2.646145231252D+01  2.646488195359D+01
  2.646838876948D+01  2.647197496472D+01  2.647564134874D+01  2.647939015580D+01
  2.648322222356D+01  2.648713981288D+01  2.649114378628D+01  2.649523642755D+01
  2.649941862006D+01  2.650369266616D+01  2.650805946536D+01  2.651252133352D+01
  2.651707918082D+01  2.652173533073D+01  2.652649069775D+01  2.653134760617D+01
  2.653630696757D+01  2.654137109926D+01  2.654654090155D+01  2.655181867591D+01
  2.655720530192D+01  2.656270305511D+01  2.656831278359D+01  2.657403672553D+01
  2.657987568544D+01  2.658583185128D+01  2.659190597030D+01  2.659810016579D+01
  2.660441511244D+01  2.661085285265D+01  2.661741397143D+01  2.662410041220D+01
  2.663091265120D+01  2.663785251271D+01  2.664492034292D+01  2.665211782463D+01
  2.665944515041D+01  2.666690383672D+01  2.667449389646D+01  2.668221665233D+01
  2.669007190873D+01  2.669806076439D+01  2.670618278349D+01  2.671443880752D+01
  2.672282812559D+01  2.673135128544D+01  2.674000726291D+01  2.674879627206D+01
  2.675771693367D+01  2.676676908445D+01  2.677595094459D+01  2.678526192591D+01
  2.679469979839D+01  2.680426349729D+01  2.681395028859D+01  2.682375857497D+01
  2.683368506013D+01  2.684372755364D+01  2.685388213402D+01  2.686414595244D+01
  2.687451439454D+01  2.688498388289D+01  2.689554903760D+01  2.690620547744D+01
  2.691694697921D+01  2.692776827757D+01  2.693866222308D+01  2.694962258079D+01
  2.696064118693D+01  2.697171074624D+01  2.698282198742D+01  2.699396645911D+01
  2.700513368418D+01  2.701631395451D+01  2.702749548405D+01  2.703866720251D+01
  2.704981590733D+01  2.706092905635D+01  2.707199191883D+01  2.708299036725D+01
  2.709390802750D+01  2.710472907002D+01  2.711543535945D+01  2.712600924520D+01
  2.713643071082D+01  2.714668016444D+01  2.715673558805D+01  2.716657532809D+01
  2.717617524514D+01  2.718551150503D+01  2.719455772926D+01  2.720328778724D+01
  2.721167294792D+01  2.721968467361D+01  2.722729177352D+01  2.723446319968D+01
  2.724116520311D+01  2.724736413260D+01  2.725302359411D+01  2.725810725330D+01
  2.726257599902D+01  2.726639075039D+01  2.726950962534D+01  2.727189075320D+01
  2.727348944931D+01  2.727426103415D+01  2.727415801512D+01  2.727313291335D+01
  2.727113545376D+01  2.726811540083D+01  2.726401975809D+01  2.725879561411D+01
  2.725238735279D+01  2.724473951069D+01  2.723579399952D+01  2.722549297617D+01
  2.721377607851D+01  2.720058330953D+01  2.718585228775D+01  2.716952114654D+01
  2.715152580040D+01  2.713180286062D+01  2.711028691840D+01  2.708691347787D+01
  2.706161625688D+01  2.703433013814D+01  2.700498848831D+01  2.697352612768D+01
  2.693987666793D+01  2.690397550042D+01  2.686575715248D+01  2.682515829399D+01
  2.678211511165D+01  2.673656633300D+01  2.668845061749D+01  2.663770959645D+01
  2.658428527916D+01  2.652812310663D+01  2.646916937012D+01  2.640737427576D+01
  2.634268937218D+01  2.627507062216D+01  2.620447583509D+01  2.613086774105D+01
  2.605421142282D+01  2.597447738672D+01  2.589163898817D+01  2.580567549258D+01
  2.571656948736D+01  2.562430992532D+01  2.552888951519D+01  2.543030773908D+01
  2.532856821253D+01  2.522368166698D+01  2.511566326979D+01  2.500453556174D+01
  2.489032572703D+01  2.477306847555D+01  2.465280325238D+01  2.452957705419D+01
  2.440344156853D+01  2.427445591367D+01  2.414268369652D+01  2.400819566732D+01
  2.387106668684D+01  2.373137828637D+01  2.358921553620D+01  2.344466950335D+01
  2.329783401475D+01  2.314880800720D+01  2.299769218099D+01  2.284459123918D+01
  2.268961043043D+01  2.253285767843D+01  2.237444001688D+01  2.221446561457D+01
  2.205304011124D+01  2.189026855060D+01  2.172625163373D+01  2.156108758194D+01
  2.139486833586D+01  2.122768138404D+01  2.105960595266D+01  2.089071485596D+01
  2.072107074599D+01  2.055072806988D+01  2.037972948300D+01  2.020810803721D+01
  2.003588390469D+01  1.986306696893D+01  1.968965405508D+01  1.951563214096D+01
  1.934097632616D+01  1.916565389855D+01  1.898962326254D+01  1.881283904078D+01
  1.863525206697D+01  1.845681551383D+01  1.827748578460D+01  1.809722930493D+01
  1.791602372685D+01  1.773386457100D+01  1.755076573129D+01  1.736676482744D+01
  1.718192185230D+01  1.699632219775D+01  1.681007267725D+01  1.662330185597D+01
  1.643615355787D+01  1.624878509922D+01  1.606135930468D+01  1.587404196497D+01
  1.568699381141D+01  1.550036860286D+01  1.531430627200D+01  1.512893256238D+01
  1.494435392967D+01  1.476065898039D+01  1.457791509203D+01  1.439617139604D+01
  1.421545671136D+01  1.403578358634D+01  1.385714703693D+01  1.367952915704D+01
  1.350289821611D+01  1.332721345244D+01  1.315242420990D+01  1.297847465748D+01
  1.280530276654D+01  1.263284480859D+01  1.246103406764D+01  1.228980504538D+01
  1.211909186509D+01  1.194883216210D+01  1.177896517321D+01  1.160943531819D+01
  1.144018998917D+01  1.127118284347D+01  1.110237131705D+01  1.093371965504D+01
  1.076519617647D+01  1.059677606933D+01  1.042843843256D+01  1.026016885960D+01
  1.009195627899D+01  9.923795344518D+00  9.755683088788D+00  9.587621129887D+00
  9.419612143042D+00  9.251661883808D+00  9.083775472625D+00  8.915959224181D+00
  8.748216730169D+00  8.580550476539D+00  8.412957706076D+00  8.245431803873D+00
  8.077957925850D+00  7.910514225784D+00  7.743067005878D+00  7.575572107310D+00
  7.407969646005D+00
Vac0 POTENTIAL                      exc: Vosko,Wilk,Nusair      
  2.14187055  6.17500000  2.11957662
   0.00000
   2.34253   1.0890122081   0.9652351704
353
 0.25000000D-01 0.35315022D-03
 0 1
  9.366316634155D-01  9.365999035720D-01  9.365666120071D-01  9.365568576150D-01
  9.365514403902D-01  9.365488987737D-01  9.365468946145D-01  9.365464949688D-01
  9.365460883571D-01  9.365470264131D-01  9.365478334125D-01  9.365499362127D-01
  9.365519062811D-01  9.365552038766D-01  9.365584269084D-01  9.365630588045D-01
  9.365677193892D-01  9.365739142690D-01  9.365802866779D-01  9.365883676982D-01
  9.365968288935D-01  9.366072332380D-01  9.366182885860D-01  9.366315994479D-01
  9.366459214287D-01  9.366629141766D-01  9.366813970734D-01  9.367031037107D-01
  9.367269393713D-01  9.367547375538D-01  9.367855199158D-01  9.368212556764D-01
  9.368611249449D-01  9.369072821157D-01  9.369591239307D-01  9.370190583852D-01
  9.370867766346D-01  9.371649006871D-01  9.372450761893D-01  9.372815314110D-01
  9.372510981773D-01  9.372229715888D-01  9.371956000407D-01  9.371703170501D-01
  9.371455911201D-01  9.371227736093D-01  9.371003488870D-01  9.370796824699D-01
  9.370592713922D-01  9.370404925254D-01  9.370218531049D-01  9.370047391919D-01
  9.369876663171D-01  9.369720280429D-01  9.369563467009D-01  9.369420220261D-01
  9.369275819663D-01  9.369144313753D-01  9.369011028729D-01  9.368890055805D-01
  9.368766760315D-01  9.368655269371D-01  9.368540981191D-01  9.368438053240D-01
  9.368331911657D-01  9.368236739618D-01  9.368137987039D-01  9.368049859078D-01
  9.367957826010D-01  9.367876111828D-01  9.367790204301D-01  9.367714343679D-01
  9.367634032832D-01  9.367563526065D-01  9.367488339349D-01  9.367422739209D-01
  9.367352252997D-01  9.367291157893D-01  9.367224991207D-01  9.367168039421D-01
  9.367105848584D-01  9.367052713335D-01  9.366994187391D-01  9.366944572593D-01
  9.366889429400D-01  9.366843065992D-01  9.366791048804D-01  9.366747691630D-01
  9.366698566173D-01  9.366657991209D-01  9.366611543123D-01  9.366573545099D-01
  9.366529577680D-01  9.366493967988D-01  9.366452300253D-01  9.366418905082D-01
  9.366379370006D-01  9.366348028733D-01  9.366310471729D-01  9.366281035462D-01
  9.366245313010D-01  9.366217643297D-01  9.366183621716D-01  9.366157589380D-01
  9.366125143733D-01  9.366100627831D-01  9.366069640933D-01  9.366046527801D-01
  9.366016889296D-01  9.365995071682D-01  9.365966677227D-01  9.365946053496D-01
  9.365918803976D-01  9.365899277365D-01  9.365873078188D-01  9.365854556108D-01
  9.365829316533D-01  9.365811709918D-01  9.365787342398D-01  9.365770565085D-01
  9.365746984680D-01  9.365730952796D-01  9.365708076563D-01  9.365692707948D-01
  9.365670454369D-01  9.365655668002D-01  9.365633956408D-01  9.365619671832D-01
  9.365598421830D-01  9.365584558577D-01  9.365563689478D-01  9.365550166486D-01
  9.365529596712D-01  9.365516331730D-01  9.365495978205D-01  9.365482887179D-01
  9.365462664700D-01  9.365449661119D-01  9.365429481701D-01  9.365416475926D-01
  9.365396248100D-01  9.365383146649D-01  9.365362774730D-01  9.365349479512D-01
  9.365328862799D-01  9.365315270300D-01  9.365294302241D-01  9.365280302642D-01
  9.365258869916D-01  9.365244346144D-01  9.365222327672D-01  9.365207154374D-01
  9.365184420248D-01  9.365168462671D-01  9.365144872985D-01  9.365127985755D-01
  9.365103389335D-01  9.365085415125D-01  9.365059648130D-01  9.365040416203D-01
  9.365013300603D-01  9.364992625216D-01  9.364963967112D-01  9.364941645757D-01
  9.364911233550D-01  9.364887045028D-01  9.364854647393D-01  9.364828349698D-01
  9.364793713360D-01  9.364765041340D-01  9.364727888629D-01  9.364696551417D-01
  9.364656577566D-01  9.364622255752D-01  9.364579125925D-01  9.364541468430D-01
  9.364494814443D-01  9.364453435076D-01  9.364402851781D-01  9.364357325437D-01
  9.364302366728D-01  9.364252225200D-01  9.364192399608D-01  9.364137126952D-01
  9.364071892784D-01  9.364010920213D-01  9.363939680176D-01  9.363872380413D-01
  9.363794475690D-01  9.363720156738D-01  9.363634860433D-01  9.363552758689D-01
  9.363459268591D-01  9.363368541241D-01  9.363265971834D-01  9.363165688452D-01
  9.363053062082D-01  9.362942195348D-01  9.362818432465D-01  9.362695847907D-01
  9.362559756287D-01  9.362424200951D-01  9.362274463778D-01  9.362124553702D-01
  9.361959716411D-01  9.361793922787D-01  9.361612378508D-01  9.361429012390D-01
  9.361228985876D-01  9.361026181276D-01  9.360805711134D-01  9.360581406344D-01
  9.360338325392D-01  9.360090242339D-01  9.359822155910D-01  9.359547777336D-01
  9.359252039280D-01  9.358948583522D-01  9.358622269697D-01  9.358286662810D-01
  9.357926541769D-01  9.357555386711D-01  9.357157887309D-01  9.356747429881D-01
  9.356308605456D-01  9.355854696648D-01  9.355370185442D-01  9.354868239809D-01
  9.354333221197D-01  9.353778170849D-01  9.353187316959D-01  9.352573560684D-01
  9.351920982915D-01  9.351242329940D-01  9.350521519813D-01  9.349771127622D-01
  9.348974891403D-01  9.348145196979D-01  9.347265583374D-01  9.346348227173D-01
  9.345376447382D-01  9.344362189262D-01  9.343288528570D-01  9.342167154814D-01
  9.340980874812D-01  9.339741095301D-01  9.338430325743D-01  9.337059660220D-01
  9.335611279402D-01  9.334095931657D-01  9.332495434088D-01  9.330820152769D-01
  9.329051502764D-01  9.327199427381D-01  9.325244897060D-01  9.323197387558D-01
  9.321037377569D-01  9.318773825718D-01  9.316386666790D-01  9.313884287396D-01
  9.311246020652D-01  9.308479620381D-01  9.305563754071D-01  9.302505475439D-01
  9.299282715489D-01  9.295901753257D-01  9.292339704745D-01  9.288601991652D-01
  9.284664827945D-01  9.280532686342D-01  9.276180782255D-01  9.271612537763D-01
  9.266802062631D-01  9.261751615480D-01  9.256434081535D-01  9.250850430666D-01
  9.244972191473D-01  9.238798905828D-01  9.232300598858D-01  9.225475229543D-01
  9.218291156103D-01  9.210744582160D-01  9.202802016937D-01  9.194457716419D-01
  9.185676137691D-01  9.176449374426D-01  9.166739604584D-01  9.156536519434D-01
  9.145799763705D-01  9.134516357209D-01  9.122643126352D-01  9.110164117259D-01
  9.097033017338D-01  9.083230558579D-01  9.068706927609D-01  9.053439157542D-01
  9.037373524641D-01  9.020482926721D-01  9.002709264111D-01  8.984020802171D-01
  8.964354533682D-01  8.943673522451D-01  8.921909243585D-01  8.899018904382D-01
  8.874927758075D-01  8.849586397231D-01  8.822913035424D-01  8.794850767122D-01
  8.765309810314D-01  8.734224725267D-01  8.701496609298D-01  8.667050264756D-01
  8.630776334794D-01  8.592588408321D-01  8.552365082677D-01  8.510006990010D-01
  8.465378768970D-01  8.418365992774D-01  8.368817027280D-01  8.316599835660D-01
  8.261543694169D-01  8.203495841610D-01  8.142263016433D-01  8.077667910607D-01
  8.009490481980D-01  7.937524161301D-01  7.861516881449D-01  7.781226972566D-01
  7.696363834132D-01  7.606643435705D-01  7.511728538067D-01  7.411283694975D-01
  7.304914904723D-01  7.192223980595D-01  7.072747483132D-01  6.946010292599D-01
  6.811463634073D-01  6.668537643474D-01  6.516578251926D-01  6.354898487859D-01
  6.182713934911D-01  5.999192458612D-01  5.803387896945D-01  5.594287848353D-01
  5.370745206568D-01  5.131523597128D-01  4.875226409142D-01  4.600339388318D-01
  4.305156768002D-01  3.987823263263D-01  3.646249024051D-01  3.278158851723D-01
  2.880998940514D-01
Vac0 POTENTIAL                      exc: Vosko,Wilk,Nusair      
  1.63952924  6.17500000  1.64793099
   0.00000
   1.91467   1.0890122081   0.9652351704
353
 0.25000000D-01 0.28864751D-03
 0 1
  7.168268474017D-01  7.167807986427D-01  7.167331283964D-01  7.167186722526D-01
  7.167106629299D-01  7.167058741958D-01  7.167021179873D-01  7.166997514919D-01
  7.166976036373D-01  7.166964246354D-01  7.166952261948D-01  7.166948551809D-01
  7.166943797477D-01  7.166946823778D-01  7.166948554588D-01  7.166957992084D-01
  7.166966197788D-01  7.166982288688D-01  7.166997428277D-01  7.167020828928D-01
  7.167043747670D-01  7.167075492703D-01  7.167107421671D-01  7.167148951048D-01
  7.167191557051D-01  7.167244787333D-01  7.167300264808D-01  7.167367702181D-01
  7.167438909075D-01  7.167523810225D-01  7.167614456804D-01  7.167721049346D-01
  7.167835954579D-01  7.167969734906D-01  7.168115172514D-01  7.168283307323D-01
  7.168467466777D-01  7.168679068149D-01  7.168891900140D-01  7.168975543259D-01
  7.168874567920D-01  7.168783295171D-01  7.168692349919D-01  7.168610394209D-01
  7.168528118522D-01  7.168454243075D-01  7.168379510182D-01  7.168312686242D-01
  7.168244554979D-01  7.168183919852D-01  7.168121597870D-01  7.168066422536D-01
  7.168009237995D-01  7.167958902248D-01  7.167906281645D-01  7.167860254401D-01
  7.167811705210D-01  7.167769529007D-01  7.167724625786D-01  7.167685904458D-01
  7.167644277781D-01  7.167608666406D-01  7.167569993899D-01  7.167537190774D-01
  7.167501189727D-01  7.167470929745D-01  7.167437351261D-01  7.167409400436D-01
  7.167378024390D-01  7.167352175435D-01  7.167322806390D-01  7.167298874890D-01
  7.167271338692D-01  7.167249160029D-01  7.167223300926D-01  7.167202727601D-01
  7.167178405789D-01  7.167159305183D-01  7.167136394770D-01  7.167118647272D-01
  7.167097034516D-01  7.167080531871D-01  7.167060113658D-01  7.167044757579D-01
  7.167025440135D-01  7.167011141094D-01  7.166992838874D-01  7.166979515046D-01
  7.166962149738D-01  7.166949726102D-01  7.166933225779D-01  7.166921633330D-01
  7.166905931708D-01  7.166895106721D-01  7.166880142494D-01  7.166870025930D-01
  7.166855742178D-01  7.166846279112D-01  7.166832622787D-01  7.166823761921D-01
  7.166810683364D-01  7.166802376576D-01  7.166789829097D-01  7.166782031034D-01
  7.166769970521D-01  7.166762638223D-01  7.166751022785D-01  7.166744115342D-01
  7.166732904977D-01  7.166726383217D-01  7.166715539493D-01  7.166709365662D-01
  7.166698851439D-01  7.166692988927D-01  7.166682768063D-01  7.166677181128D-01
  7.166667218203D-01  7.166661871693D-01  7.166652131760D-01  7.166646990853D-01
  7.166637439157D-01  7.166632469103D-01  7.166623070825D-01  7.166618236675D-01
  7.166608956667D-01  7.166604223003D-01  7.166595025515D-01  7.166590356179D-01
  7.166581204572D-01  7.166576562375D-01  7.166567418834D-01  7.166562765260D-01
  7.166553590486D-01  7.166548885371D-01  7.166539638253D-01  7.166534839455D-01
  7.166525476728D-01  7.166520539764D-01  7.166511015635D-01  7.166505893301D-01
  7.166496159052D-01  7.166490801007D-01  7.166480804565D-01  7.166475156886D-01
  7.166464842351D-01  7.166458847042D-01  7.166448154187D-01  7.166441748651D-01
  7.166430612365D-01  7.166423728824D-01  7.166412078507D-01  7.166404643371D-01
  7.166392402272D-01  7.166384335446D-01  7.166371419934D-01  7.166362634057D-01
  7.166348952831D-01  7.166339352437D-01  7.166324805640D-01  7.166314286246D-01
  7.166298764509D-01  7.166287211596D-01  7.166270594975D-01  7.166257882879D-01
  7.166240039685D-01  7.166226030369D-01  7.166206815879D-01  7.166191357578D-01
  7.166170612615D-01  7.166153538349D-01  7.166131087714D-01  7.166112213636D-01
  7.166087864380D-01  7.166066987962D-01  7.166040527478D-01  7.166017425503D-01
  7.165988619414D-01  7.165963045768D-01  7.165931635605D-01  7.165903318823D-01
  7.165869019454D-01  7.165837660025D-01  7.165800156816D-01  7.165765424200D-01
  7.165724369881D-01  7.165685899211D-01  7.165640910409D-01  7.165598298854D-01
  7.165548952272D-01  7.165501755010D-01  7.165447583194D-01  7.165395308973D-01
  7.165335795644D-01  7.165277901865D-01  7.165212476753D-01  7.165148364050D-01
  7.165076397189D-01  7.165005403426D-01  7.164926198852D-01  7.164847592495D-01
  7.164760381277D-01  7.164673354071D-01  7.164577286608D-01  7.164480945479D-01
  7.164375082989D-01  7.164268441097D-01  7.164151746209D-01  7.164033713055D-01
  7.163905039410D-01  7.163774409902D-01  7.163632490658D-01  7.163487933029D-01
  7.163331368155D-01  7.163171410601D-01  7.162998652829D-01  7.162821668741D-01
  7.162631008041D-01  7.162435199679D-01  7.162224746090D-01  7.162008126532D-01
  7.161775791187D-01  7.161536164374D-01  7.161279638512D-01  7.161014577187D-01
  7.160731308957D-01  7.160438130266D-01  7.160125299070D-01  7.159801037586D-01
  7.159455525717D-01  7.159096903612D-01  7.158715264879D-01  7.158318658933D-01
  7.157897083973D-01  7.157458489090D-01  7.156992766992D-01  7.156507755847D-01
  7.155993231715D-01  7.155456910113D-01  7.154888438115D-01  7.154295395609D-01
  7.153667287037D-01  7.153011542299D-01  7.152317508099D-01  7.151592448462D-01
  7.150825535641D-01  7.150023850204D-01  7.149176371451D-01  7.148289977030D-01
  7.147353432813D-01  7.146373391979D-01  7.145338384298D-01  7.144254814627D-01
  7.143110951525D-01  7.141912925102D-01  7.140648714896D-01  7.139324147004D-01
  7.137926881134D-01  7.136462406937D-01  7.134918030147D-01  7.133298868026D-01
  7.131591834488D-01  7.129801634553D-01  7.127914748349D-01  7.125935424456D-01
  7.123849662661D-01  7.121661206069D-01  7.119355522463D-01  7.116935795047D-01
  7.114386902243D-01  7.111711406906D-01  7.108893534391D-01  7.105935160048D-01
  7.102819785352D-01  7.099548523487D-01  7.096104073301D-01  7.092486702751D-01
  7.088678220423D-01  7.084677956572D-01  7.080466731917D-01  7.076042835976D-01
  7.071385992797D-01  7.066493336247D-01  7.061343372298D-01  7.055931950879D-01
  7.050236224267D-01  7.044250615067D-01  7.037950770191D-01  7.031329524443D-01
  7.024360849507D-01  7.017035812536D-01  7.009326519465D-01  7.001222067897D-01
  6.992692483953D-01  6.983724668637D-01  6.974286327291D-01  6.964361908463D-01
  6.953916524885D-01  6.942931883701D-01  6.931370197661D-01  6.919210105358D-01
  6.906410571096D-01  6.892946793510D-01  6.878774092255D-01  6.863863803061D-01
  6.848167149022D-01  6.831651119712D-01  6.814262324393D-01  6.795962852305D-01
  6.776694104521D-01  6.756412631894D-01  6.735053941544D-01  6.712568308123D-01
  6.688884550013D-01  6.663945808543D-01  6.637673287796D-01  6.610001995114D-01
  6.580844436937D-01  6.550126312277D-01  6.517750155120D-01  6.483630970442D-01
  6.447659811311D-01  6.409739344314D-01  6.369747346418D-01  6.327572183237D-01
  6.283076206768D-01  6.236131125496D-01  6.186581279067D-01  6.134278873524D-01
  6.079047102483D-01  6.020715213434D-01  5.959081436599D-01  5.893947838750D-01
  5.825083010079D-01  5.752256649699D-01  5.675201946844D-01  5.593649826308D-01
  5.507290942134D-01  5.415809490662D-01  5.318844711367D-01  5.216024148578D-01
  5.106924523877D-01  4.991104293367D-01  4.868063717131D-01  4.737276515886D-01
  4.598148914122D-01  4.450050138066D-01  4.292270183929D-01  4.124048782898D-01
  3.944531501223D-01  3.752798654269D-01  3.547813005048D-01  3.328454861939D-01
  3.093461783338D-01
