In49 POTENTIAL                      exc: Vosko,Wilk,Nusair      
  2.14187055  6.17500000  2.11957662
  49.00000
   2.34253   1.0890123095   0.9652354118
353
 0.25000000D-01 0.35315022D-03
 9 1
    0  -1.96656160000D+03
    0  -2.87428550000D+02
    0  -5.37136240000D+01
    0  -7.39818510000D+00
    1  -2.68528840000D+02
    1  -4.59639090000D+01
    1  -4.86454470000D+00
    2  -3.15522220000D+01
    2  -7.38539920000D-01
  4.728031852713D+02  4.728282033874D+02  4.728537962685D+02  4.728799708147D+02
  4.729067353828D+02  4.729341035361D+02  4.729620846059D+02  4.729906923040D+02
  4.730199362260D+02  4.730498302671D+02  4.730803842266D+02  4.731116121552D+02
  4.731435240135D+02  4.731761339761D+02  4.732094521237D+02  4.732434927166D+02
  4.732782659098D+02  4.733137860045D+02  4.733500631788D+02  4.733871117219D+02
  4.734249417767D+02  4.734635675600D+02  4.735029991132D+02  4.735432505113D+02
  4.735843316192D+02  4.736262562907D+02  4.736690341298D+02  4.737126786795D+02
  4.737571991868D+02  4.738026087829D+02  4.738489162503D+02  4.738961341949D+02
  4.739442708137D+02  4.739933380598D+02  4.740433434099D+02  4.740942980219D+02
  4.741462085016D+02  4.741990850527D+02  4.742529332425D+02  4.743077621444D+02
  4.743635761101D+02  4.744203828777D+02  4.744781853595D+02  4.745369897605D+02
  4.745967973350D+02  4.746576125066D+02  4.747194346208D+02  4.747822660571D+02
  4.748461039764D+02  4.749109484250D+02  4.749767940769D+02  4.750436383287D+02
  4.751114730362D+02  4.751802926000D+02  4.752500856960D+02  4.753208433514D+02
  4.753925506678D+02  4.754651948883D+02  4.755387571119D+02  4.756132203510D+02
  4.756885612378D+02  4.757647580709D+02  4.758417825133D+02  4.759196076279D+02
  4.759981995667D+02  4.760775255949D+02  4.761575457706D+02  4.762382209578D+02
  4.763195044957D+02  4.764013502005D+02  4.764837040247D+02  4.765665120468D+02
  4.766497121205D+02  4.767332418529D+02  4.768170302433D+02  4.769010056500D+02
  4.769850874185D+02  4.770691938375D+02  4.771532337574D+02  4.772371145353D+02
  4.773207336437D+02  4.774039866064D+02  4.774867585985D+02  4.775689323725D+02
  4.776503798515D+02  4.777309700475D+02  4.778105606479D+02  4.778890059284D+02
  4.779661483347D+02  4.780418263914D+02  4.781158662812D+02  4.781880897523D+02
  4.782583056980D+02  4.783263180650D+02  4.783919174369D+02  4.784548889468D+02
  4.785150038679D+02  4.785720275349D+02  4.786257109459D+02  4.786757986967D+02
  4.787220205995D+02  4.787640996353D+02  4.788017435942D+02  4.788346530527D+02
  4.788625130412D+02  4.788850010531D+02  4.789017787467D+02  4.789124999921D+02
  4.789168026168D+02  4.789143164975D+02  4.789046553566D+02  4.788874249095D+02
  4.788622147198D+02  4.788286064102D+02  4.787861655871D+02  4.787344501246D+02
  4.786730021668D+02  4.786013564958D+02  4.785190326216D+02  4.784255432429D+02
  4.783203864351D+02  4.782030542134D+02  4.780730248282D+02  4.779297714393D+02
  4.777727545276D+02  4.776014306885D+02  4.774152451671D+02  4.772136407778D+02
  4.769960505682D+02  4.767619068699D+02  4.765106340950D+02  4.762416579193D+02
  4.759543982120D+02  4.756482783506D+02  4.753227182800D+02  4.749771439535D+02
  4.746109805143D+02  4.742236618513D+02  4.738146238896D+02  4.733833142464D+02
  4.729291856096D+02  4.724517054706D+02  4.719503495653D+02  4.714246116531D+02
  4.708739969856D+02  4.702980320925D+02  4.696962582354D+02  4.690682411536D+02
  4.684135644497D+02  4.677318392389D+02  4.670226974064D+02  4.662858010930D+02
  4.655208357552D+02  4.647275194141D+02  4.639055954395D+02  4.630548414823D+02
  4.621750618993D+02  4.612660962846D+02  4.603278114500D+02  4.593601094696D+02
  4.583629191326D+02  4.573362034217D+02  4.562799503633D+02  4.551941798730D+02
  4.540789339449D+02  4.529342828259D+02  4.517603145153D+02  4.505571402514D+02
  4.493248833503D+02  4.480636840545D+02  4.467736877874D+02  4.454550494879D+02
  4.441079214486D+02  4.427324573579D+02  4.413287999978D+02  4.398970853322D+02
  4.384374304688D+02  4.369499382639D+02  4.354346860849D+02  4.338917315280D+02
  4.323211026278D+02  4.307228053660D+02  4.290968160154D+02  4.274430911007D+02
  4.257615624678D+02  4.240521501673D+02  4.223147605360D+02  4.205493020430D+02
  4.187556861104D+02  4.169338452770D+02  4.150837357009D+02  4.132053561551D+02
  4.112987503160D+02  4.093640243513D+02  4.074013465242D+02  4.054109608305D+02
  4.033931815013D+02  4.013484006136D+02  3.992770759724D+02  3.971797319146D+02
  3.950569406541D+02  3.929093172766D+02  3.907374964185D+02  3.885421240682D+02
  3.863238327409D+02  3.840832335482D+02  3.818208933642D+02  3.795373304408D+02
  3.772329964088D+02  3.749082776914D+02  3.725634839098D+02  3.701988559469D+02
  3.678145609158D+02  3.654107064082D+02  3.629873410265D+02  3.605444733899D+02
  3.580820764894D+02  3.556001094992D+02  3.530985238816D+02  3.505772858908D+02
  3.480363823409D+02  3.454758417919D+02  3.428957380902D+02  3.402962084911D+02
  3.376774534141D+02  3.350397501589D+02  3.323834477421D+02  3.297089753326D+02
  3.270168315838D+02  3.243075875066D+02  3.215818703572D+02  3.188403613828D+02
  3.160837751226D+02  3.133128533077D+02  3.105283413640D+02  3.077309807877D+02
  3.049214856151D+02  3.021005365456D+02  2.992687610788D+02  2.964267333195D+02
  2.935749617555D+02  2.907138984171D+02  2.878439372306D+02  2.849654342134D+02
  2.820787162799D+02  2.791841100565D+02  2.762819561437D+02  2.733726390255D+02
  2.704565972552D+02  2.675343439597D+02  2.646064629557D+02  2.616736120417D+02
  2.587365009536D+02  2.557958780662D+02  2.528524957004D+02  2.499070899000D+02
  2.469603454122D+02  2.440128816081D+02  2.410652290582D+02  2.381178308692D+02
  2.351710365928D+02  2.322251209576D+02  2.292802936535D+02  2.263367312514D+02
  2.233945967561D+02  2.204540775223D+02  2.175154070591D+02  2.145789016611D+02
  2.116449777486D+02  2.087141813697D+02  2.057871962326D+02  2.028648622460D+02
  1.999481714494D+02  1.970382737410D+02  1.941364598308D+02  1.912441541707D+02
  1.883628856679D+02  1.854942693738D+02  1.826399672093D+02  1.798016613299D+02
  1.769810084953D+02  1.741796094364D+02  1.713989619935D+02  1.686404325223D+02
  1.659052149086D+02  1.631943123493D+02  1.605085118854D+02  1.578483873544D+02
  1.552143007786D+02  1.526064370060D+02  1.500248392988D+02  1.474694764888D+02
  1.449403032934D+02  1.424373373422D+02  1.399607084489D+02  1.375107014090D+02
  1.350877516337D+02  1.326924250505D+02  1.303253554850D+02  1.279871839903D+02
  1.256784809750D+02  1.233996958021D+02  1.211511085541D+02  1.189328193548D+02
  1.167447409031D+02  1.145866230584D+02  1.124580716921D+02  1.103585898862D+02
  1.082876046409D+02  1.062445089636D+02  1.042286844260D+02  1.022395358770D+02
  1.002765047556D+02  9.833909381514D+01  9.642687045739D+01  9.453948194067D+01
  9.267665006914D+01  9.083817877222D+01  8.902394229102D+01  8.723388740421D+01
  8.546801739351D+01  8.372639112053D+01  8.200910484037D+01  8.031629002139D+01
  7.864809469599D+01  7.700468149337D+01  7.538620977377D+01  7.379283489849D+01
  7.222469196019D+01  7.068189690550D+01  6.916453230109D+01  6.767265059633D+01
  6.620626208806D+01  6.476534038962D+01  6.334981259242D+01  6.195956689448D+01
  6.059444488484D+01  5.925425123460D+01  5.793874797134D+01  5.664766602732D+01
  5.538070116711D+01  5.413752684637D+01  5.291779095974D+01  5.172112884399D+01
  5.054715936817D+01  4.939549640838D+01  4.826574263423D+01  4.715749810371D+01
  4.607035096346D+01  4.500388328632D+01  4.395765874917D+01  4.293122767952D+01
  4.192411320957D+01
N_07 POTENTIAL                      exc: Vosko,Wilk,Nusair      
  1.63952924  6.17500000  1.64793099
   7.00000
   1.91467   1.0890123095   0.9652354118
353
 0.25000000D-01 0.28864751D-03
 2 1
    0  -2.69998930000D+01
    0  -4.29582100000D-01
  2.633453967297D+01  2.633490200559D+01  2.633527305949D+01  2.633567856683D+01
  2.633609905862D+01  2.633653251405D+01  2.633697755104D+01  2.633743474423D+01
  2.633790346140D+01  2.633838457464D+01  2.633887759650D+01  2.633938348139D+01
  2.633990179509D+01  2.634043353025D+01  2.634097828273D+01  2.634153707050D+01
  2.634210951197D+01  2.634269664589D+01  2.634329811047D+01  2.634391496367D+01
  2.634454686258D+01  2.634519488393D+01  2.634585870358D+01  2.634653941714D+01
  2.634723671954D+01  2.634795172566D+01  2.634868415000D+01  2.634943512729D+01
  2.635020439221D+01  2.635099310003D+01  2.635180100632D+01  2.635262928761D+01
  2.635347772115D+01  2.635434750554D+01  2.635523844051D+01  2.635615174758D+01
  2.635708724981D+01  2.635804619249D+01  2.635902842307D+01  2.636003521661D+01
  2.636106682480D+01  2.636212415169D+01  2.636320709597D+01  2.636431697994D+01
  2.636545372920D+01  2.636661869346D+01  2.636781182623D+01  2.636903450556D+01
  2.637028671384D+01  2.637156985847D+01  2.637288395167D+01  2.637423043116D+01
  2.637560933996D+01  2.637702214709D+01  2.637846892735D+01  2.637995118201D+01
  2.638146901859D+01  2.638302397156D+01  2.638461618210D+01  2.638624721881D+01
  2.638791725743D+01  2.638962790155D+01  2.639137936238D+01  2.639317327936D+01
  2.639500989995D+01  2.639689090026D+01  2.639881656476D+01  2.640078860695D+01
  2.640280734906D+01  2.640487454261D+01  2.640699054816D+01  2.640915715586D+01
  2.641137476511D+01  2.641364520515D+01  2.641596891461D+01  2.641834776212D+01
  2.642078222583D+01  2.642327421393D+01  2.642582424420D+01  2.642843426440D+01
  2.643110483181D+01  2.643383793361D+01  2.643663416631D+01  2.643949555604D+01
  2.644242273799D+01  2.644541777663D+01  2.644848134499D+01  2.645161554488D+01
  2.645482108608D+01  2.645810010643D+01  2.646145335098D+01  2.646488299194D+01
  2.646838980774D+01  2.647197600286D+01  2.647564238679D+01  2.647939119373D+01
  2.648322326139D+01  2.648714085059D+01  2.649114482389D+01  2.649523746503D+01
  2.649941965743D+01  2.650369370340D+01  2.650806050248D+01  2.651252237052D+01
  2.651708021770D+01  2.652173636747D+01  2.652649173436D+01  2.653134864265D+01
  2.653630800392D+01  2.654137213546D+01  2.654654193762D+01  2.655181971184D+01
  2.655720633772D+01  2.656270409076D+01  2.656831381909D+01  2.657403776088D+01
  2.657987672065D+01  2.658583288633D+01  2.659190700521D+01  2.659810120054D+01
  2.660441614704D+01  2.661085388709D+01  2.661741500572D+01  2.662410144632D+01
  2.663091368516D+01  2.663785354650D+01  2.664492137657D+01  2.665211885810D+01
  2.665944618373D+01  2.666690486987D+01  2.667449492945D+01  2.668221768514D+01
  2.669007294139D+01  2.669806179688D+01  2.670618381582D+01  2.671443983968D+01
  2.672282915758D+01  2.673135231727D+01  2.674000829459D+01  2.674879730356D+01
  2.675771796503D+01  2.676677011565D+01  2.677595197565D+01  2.678526295681D+01
  2.679470082915D+01  2.680426452790D+01  2.681395131906D+01  2.682375960530D+01
  2.683368609034D+01  2.684372858371D+01  2.685388316399D+01  2.686414698228D+01
  2.687451542428D+01  2.688498491253D+01  2.689555006716D+01  2.690620650691D+01
  2.691694800862D+01  2.692776930691D+01  2.693866325238D+01  2.694962361003D+01
  2.696064221616D+01  2.697171177545D+01  2.698282301663D+01  2.699396748833D+01
  2.700513471344D+01  2.701631498381D+01  2.702749651343D+01  2.703866823197D+01
  2.704981693690D+01  2.706093008604D+01  2.707199294868D+01  2.708299139725D+01
  2.709390905771D+01  2.710473010045D+01  2.711543639014D+01  2.712601027616D+01
  2.713643174210D+01  2.714668119606D+01  2.715673662005D+01  2.716657636049D+01
  2.717617627800D+01  2.718551253836D+01  2.719455876313D+01  2.720328882167D+01
  2.721167398297D+01  2.721968570931D+01  2.722729280992D+01  2.723446423683D+01
  2.724116624107D+01  2.724736517140D+01  2.725302463383D+01  2.725810829398D+01
  2.726257704073D+01  2.726639179318D+01  2.726951066928D+01  2.727189179834D+01
  2.727349049573D+01  2.727426208190D+01  2.727415906429D+01  2.727313396399D+01
  2.727113650596D+01  2.726811645464D+01  2.726402081362D+01  2.725879667141D+01
  2.725238841195D+01  2.724474057178D+01  2.723579506264D+01  2.722549404137D+01
  2.721377714590D+01  2.720058437918D+01  2.718585335975D+01  2.716952222095D+01
  2.715152687733D+01  2.713180394013D+01  2.711028800058D+01  2.708691456279D+01
  2.706161734464D+01  2.703433122879D+01  2.700498958194D+01  2.697352722435D+01
  2.693987776773D+01  2.690397660339D+01  2.686575825869D+01  2.682515940349D+01
  2.678211622450D+01  2.673656744924D+01  2.668845173717D+01  2.663771071958D+01
  2.658428640578D+01  2.652812423675D+01  2.646917050376D+01  2.640737541290D+01
  2.634269051283D+01  2.627507176628D+01  2.620447698267D+01  2.613086889202D+01
  2.605421257714D+01  2.597447854432D+01  2.589164014897D+01  2.580567665647D+01
  2.571657065424D+01  2.562431109506D+01  2.552889068766D+01  2.543030891409D+01
  2.532856938994D+01  2.522368284658D+01  2.511566445140D+01  2.500453674511D+01
  2.489032691195D+01  2.477306966173D+01  2.465280443957D+01  2.452957824209D+01
  2.440344275685D+01  2.427445710208D+01  2.414268488470D+01  2.400819685490D+01
  2.387106787348D+01  2.373137947167D+01  2.358921671978D+01  2.344467068479D+01
  2.329783519365D+01  2.314880918313D+01  2.299769335351D+01  2.284459240781D+01
  2.268961159474D+01  2.253285883792D+01  2.237444117107D+01  2.221446676295D+01
  2.205304125330D+01  2.189026968580D+01  2.172625276152D+01  2.156108870176D+01
  2.139486944713D+01  2.122768248615D+01  2.105960704499D+01  2.089071593786D+01
  2.072107181681D+01  2.055072912894D+01  2.037973052962D+01  2.020810907067D+01
  2.003588492433D+01  1.986306797406D+01  1.968965504507D+01  1.951563311521D+01
  1.934097728417D+01  1.916565483991D+01  1.898962418701D+01  1.881283994824D+01
  1.863525295752D+01  1.845681638776D+01  1.827748664243D+01  1.809723014735D+01
  1.791602455478D+01  1.773386538541D+01  1.755076653326D+01  1.736676561796D+01
  1.718192263224D+01  1.699632296772D+01  1.681007343759D+01  1.662330260662D+01
  1.643615429842D+01  1.624878582887D+01  1.606136002235D+01  1.587404266931D+01
  1.568699450099D+01  1.550036927617D+01  1.531430692762D+01  1.512893319898D+01
  1.494435454618D+01  1.476065957593D+01  1.457791566605D+01  1.439617194822D+01
  1.421545724171D+01  1.403578409510D+01  1.385714752467D+01  1.367952962450D+01
  1.350289866429D+01  1.332721388252D+01  1.315242462324D+01  1.297847505558D+01
  1.280530315104D+01  1.263284518121D+01  1.246103443019D+01  1.228980539967D+01
  1.211909221298D+01  1.194883250537D+01  1.177896551362D+01  1.160943565734D+01
  1.144019032853D+01  1.127118318426D+01  1.110237166025D+01  1.093372000127D+01
  1.076519652599D+01  1.059677642192D+01  1.042843878752D+01  1.026016921564D+01
  1.009195663424D+01  9.923795696443D+00  9.755683434209D+00  9.587621464932D+00
  9.419612463228D+00  9.251662184028D+00  9.083775747304D+00  8.915959467343D+00
  8.748216935683D+00  8.580550638293D+00  8.412957818343D+00  8.245431861615D+00
  8.077957925223D+00  7.910514164583D+00  7.743066884190D+00  7.575571928088D+00
  7.407969415825D+00
Vac0 POTENTIAL                      exc: Vosko,Wilk,Nusair      
  2.14187055  6.17500000  2.11957662
   0.00000
   2.34253   1.0890123095   0.9652354118
353
 0.25000000D-01 0.35315022D-03
 0 1
  9.366328086857D-01  9.366010492486D-01  9.365677581481D-01  9.365580042402D-01
  9.365525873127D-01  9.365500458096D-01  9.365480418607D-01  9.365476424036D-01
  9.365472358983D-01  9.365481741201D-01  9.365489812882D-01  9.365510842333D-01
  9.365530544824D-01  9.365563522599D-01  9.365595755256D-01  9.365642076173D-01
  9.365688684759D-01  9.365750636021D-01  9.365814363325D-01  9.365895176670D-01
  9.365979792469D-01  9.366083839753D-01  9.366194397956D-01  9.366327511258D-01
  9.366470736655D-01  9.366640669988D-01  9.366825506128D-01  9.367042579852D-01
  9.367280945158D-01  9.367558936106D-01  9.367866770481D-01  9.368224139835D-01
  9.368622846001D-01  9.369084432467D-01  9.369602867820D-01  9.370202231199D-01
  9.370879435561D-01  9.371660700271D-01  9.372462480810D-01  9.372827039596D-01
  9.372522689143D-01  9.372241405596D-01  9.371967673880D-01  9.371714828091D-01
  9.371467554184D-01  9.371239364720D-01  9.371015104282D-01  9.370808427033D-01
  9.370604304369D-01  9.370416503787D-01  9.370230098661D-01  9.370058948684D-01
  9.369888210024D-01  9.369731817285D-01  9.369574994807D-01  9.369431738895D-01
  9.369287329982D-01  9.369155815623D-01  9.369022522926D-01  9.368901542246D-01
  9.368778239683D-01  9.368666741573D-01  9.368552446881D-01  9.368449512262D-01
  9.368343364661D-01  9.368248186416D-01  9.368149428305D-01  9.368061294569D-01
  9.367969256347D-01  9.367887536782D-01  9.367801624519D-01  9.367725758860D-01
  9.367645443601D-01  9.367574932128D-01  9.367499741331D-01  9.367434136785D-01
  9.367363646778D-01  9.367302547556D-01  9.367236377328D-01  9.367179421695D-01
  9.367117227549D-01  9.367064088663D-01  9.367005559665D-01  9.366955941446D-01
  9.366900795419D-01  9.366854428792D-01  9.366802408941D-01  9.366759048746D-01
  9.366709920805D-01  9.366669342990D-01  9.366622892598D-01  9.366584891869D-01
  9.366540922304D-01  9.366505310061D-01  9.366463640324D-01  9.366430242750D-01
  9.366390705811D-01  9.366359362264D-01  9.366321803513D-01  9.366292365089D-01
  9.366256641022D-01  9.366228969269D-01  9.366194946176D-01  9.366168911910D-01
  9.366136464855D-01  9.366111947114D-01  9.366080958910D-01  9.366057844031D-01
  9.366028204313D-01  9.366006385047D-01  9.365977989466D-01  9.365957364166D-01
  9.365930113599D-01  9.365910585496D-01  9.365884385343D-01  9.365865861846D-01
  9.365840621360D-01  9.365823013406D-01  9.365798645043D-01  9.365781866454D-01
  9.365758285274D-01  9.365742252171D-01  9.365719375215D-01  9.365704005447D-01
  9.365681751211D-01  9.365666963732D-01  9.365645251529D-01  9.365630965898D-01
  9.365609715339D-01  9.365595851080D-01  9.365574981470D-01  9.365561457516D-01
  9.365540887275D-01  9.365527621372D-01  9.365507267426D-01  9.365494175515D-01
  9.365473952656D-01  9.365460948231D-01  9.365440768458D-01  9.365427761879D-01
  9.365407533738D-01  9.365394431513D-01  9.365374059306D-01  9.365360763344D-01
  9.365340146377D-01  9.365326553165D-01  9.365305584879D-01  9.365291584590D-01
  9.365270151659D-01  9.365255627224D-01  9.365233608568D-01  9.365218434629D-01
  9.365195700339D-01  9.365179742138D-01  9.365156152309D-01  9.365139264472D-01
  9.365114667923D-01  9.365096693119D-01  9.365070926011D-01  9.365051693505D-01
  9.365024577799D-01  9.365003901839D-01  9.364975243638D-01  9.364952921718D-01
  9.364922509420D-01  9.364898320336D-01  9.364865922612D-01  9.364839624356D-01
  9.364804987926D-01  9.364776315342D-01  9.364739162535D-01  9.364707824754D-01
  9.364667850799D-01  9.364633528406D-01  9.364590398461D-01  9.364552740371D-01
  9.364506086250D-01  9.364464706269D-01  9.364414122818D-01  9.364368595836D-01
  9.364313636945D-01  9.364263494748D-01  9.364203668941D-01  9.364148395582D-01
  9.364083161158D-01  9.364022187841D-01  9.363950947505D-01  9.363883646944D-01
  9.363805741870D-01  9.363731422062D-01  9.363646125342D-01  9.363564022674D-01
  9.363470532090D-01  9.363379803741D-01  9.363277233766D-01  9.363176949296D-01
  9.363064322264D-01  9.362953454343D-01  9.362829690691D-01  9.362707104835D-01
  9.362571012323D-01  9.362435455561D-01  9.362285717363D-01  9.362135805715D-01
  9.361970967245D-01  9.361805171887D-01  9.361623626257D-01  9.361440258223D-01
  9.361240230165D-01  9.361037423445D-01  9.360816951540D-01  9.360592644400D-01
  9.360349561444D-01  9.360101475784D-01  9.359833387079D-01  9.359559005611D-01
  9.359263264976D-01  9.358959806004D-01  9.358633489261D-01  9.358297878802D-01
  9.357937754467D-01  9.357566595439D-01  9.357169092322D-01  9.356758630480D-01
  9.356319801872D-01  9.355865888157D-01  9.355381372247D-01  9.354879421158D-01
  9.354344397262D-01  9.353789340847D-01  9.353198481033D-01  9.352584718013D-01
  9.351932133603D-01  9.351253473131D-01  9.350532655571D-01  9.349782255049D-01
  9.348986010517D-01  9.348156306836D-01  9.347276683943D-01  9.346359317459D-01
  9.345387527301D-01  9.344373257762D-01  9.343299585507D-01  9.342178199074D-01
  9.340991906186D-01  9.339752112606D-01  9.338441328700D-01  9.337070647569D-01
  9.335622250786D-01  9.334106885732D-01  9.332506370411D-01  9.330831069908D-01
  9.329062400178D-01  9.327210303539D-01  9.325255751319D-01  9.323208218277D-01
  9.321048183991D-01  9.318784606085D-01  9.316397420220D-01  9.313895012000D-01
  9.311256715416D-01  9.308490283273D-01  9.305574383928D-01  9.302516070078D-01
  9.299293273587D-01  9.295912272463D-01  9.292350183564D-01  9.288612427553D-01
  9.284675219246D-01  9.280543030317D-01  9.276191077019D-01  9.271622780383D-01
  9.266812251004D-01  9.261761746449D-01  9.256444152766D-01  9.250860438760D-01
  9.244982133849D-01  9.238808778834D-01  9.232310399649D-01  9.225484954198D-01
  9.218300801500D-01  9.210754144092D-01  9.202811491994D-01  9.194467100096D-01
  9.185685426276D-01  9.176458563107D-01  9.166748689336D-01  9.156545495129D-01
  9.145808625998D-01  9.134525100652D-01  9.122651746278D-01  9.110172607896D-01
  9.097041373699D-01  9.083238774574D-01  9.068714997938D-01  9.053447075808D-01
  9.037381285244D-01  9.020490522977D-01  9.002716690144D-01  8.984028051035D-01
  8.964361599258D-01  8.943680397569D-01  8.921915921929D-01  8.899025378610D-01
  8.874934021727D-01  8.849592442857D-01  8.822918856493D-01  8.794856356154D-01
  8.765315160794D-01  8.734229829780D-01  8.701501461453D-01  8.667054857318D-01
  8.630780661612D-01  8.592592462475D-01  8.552368858405D-01  8.510010480858D-01
  8.465381969731D-01  8.418368897638D-01  8.368819631783D-01  8.316602134840D-01
  8.261545684523D-01  8.203497519254D-01  8.142264379071D-01  8.077668955700D-01
  8.009491208724D-01  7.937524568810D-01  7.861516970744D-01  7.781226744770D-01
  7.696363292485D-01  7.606642583773D-01  7.511727381784D-01  7.411282240878D-01
  7.304913162031D-01  7.192221959482D-01  7.072745196851D-01  6.946007755812D-01
  6.811460865049D-01  6.668534662491D-01  6.516575083566D-01  6.354895159524D-01
  6.182710479258D-01  5.999188912221D-01  5.803384302956D-01  5.594284255355D-01
  5.370741671509D-01  5.131520184523D-01  4.875223194363D-01  4.600336457228D-01
  4.305154220768D-01  3.987821214528D-01  3.646247607486D-01  3.278158220880D-01
  2.880999274140D-01
Vac0 POTENTIAL                      exc: Vosko,Wilk,Nusair      
  1.63952924  6.17500000  1.64793099
   0.00000
   1.91467   1.0890123095   0.9652354118
353
 0.25000000D-01 0.28864751D-03
 0 1
  7.168288123363D-01  7.167827637749D-01  7.167350937406D-01  7.167206382549D-01
  7.167126292524D-01  7.167078407232D-01  7.167040847029D-01  7.167017183604D-01
  7.166995706513D-01  7.166983917708D-01  7.166971934483D-01  7.166968225793D-01
  7.166963472350D-01  7.166966500037D-01  7.166968232176D-01  7.166977670925D-01
  7.166985878054D-01  7.167001970455D-01  7.167017111618D-01  7.167040513927D-01
  7.167063434607D-01  7.167095181548D-01  7.167127112722D-01  7.167168644304D-01
  7.167211252857D-01  7.167264485840D-01  7.167319966391D-01  7.167387407070D-01
  7.167458617645D-01  7.167543522646D-01  7.167634173813D-01  7.167740771157D-01
  7.167855681936D-01  7.167989468169D-01  7.168134912628D-01  7.168303054843D-01
  7.168487222701D-01  7.168698833356D-01  7.168911674978D-01  7.168995320617D-01
  7.168894338440D-01  7.168803059173D-01  7.168712107790D-01  7.168630146173D-01
  7.168547864998D-01  7.168473984201D-01  7.168399246288D-01  7.168332417558D-01
  7.168264281806D-01  7.168203642259D-01  7.168141316155D-01  7.168086136777D-01
  7.168028948478D-01  7.167978609021D-01  7.167925984975D-01  7.167879954364D-01
  7.167831402023D-01  7.167789222684D-01  7.167744316561D-01  7.167705592382D-01
  7.167663962990D-01  7.167628348961D-01  7.167589673969D-01  7.167556868396D-01
  7.167520865045D-01  7.167490602810D-01  7.167457022196D-01  7.167429069260D-01
  7.167397691262D-01  7.167371840327D-01  7.167342469482D-01  7.167318536135D-01
  7.167290998251D-01  7.167268817876D-01  7.167242957198D-01  7.167222382263D-01
  7.167198058989D-01  7.167178956886D-01  7.167156045102D-01  7.167138296215D-01
  7.167116682172D-01  7.167100178211D-01  7.167079758827D-01  7.167064401513D-01
  7.167045082964D-01  7.167030782758D-01  7.167012479509D-01  7.166999154604D-01
  7.166981788315D-01  7.166969363669D-01  7.166952862440D-01  7.166941269022D-01
  7.166925566567D-01  7.166914740667D-01  7.166899775655D-01  7.166889658242D-01
  7.166875373746D-01  7.166865909889D-01  7.166852252873D-01  7.166843391255D-01
  7.166830312045D-01  7.166822004542D-01  7.166809456459D-01  7.166801657724D-01
  7.166789596648D-01  7.166782263713D-01  7.166770647742D-01  7.166763739697D-01
  7.166752528836D-01  7.166746006508D-01  7.166735162323D-01  7.166728987951D-01
  7.166718473291D-01  7.166712610283D-01  7.166702388999D-01  7.166696801584D-01
  7.166686838282D-01  7.166681491310D-01  7.166671751016D-01  7.166666609673D-01
  7.166657057647D-01  7.166652087177D-01  7.166642688588D-01  7.166637854041D-01
  7.166628573736D-01  7.166623839700D-01  7.166614641934D-01  7.166609972239D-01
  7.166600820371D-01  7.166596177835D-01  7.166587034045D-01  7.166582380143D-01
  7.166573205137D-01  7.166568499707D-01  7.166559252366D-01  7.166554453263D-01
  7.166545090327D-01  7.166540153065D-01  7.166530628734D-01  7.166525506112D-01
  7.166515771671D-01  7.166510413348D-01  7.166500416712D-01  7.166494768757D-01
  7.166484454035D-01  7.166478458457D-01  7.166467765415D-01  7.166461359609D-01
  7.166450223142D-01  7.166443339327D-01  7.166431688827D-01  7.166424253414D-01
  7.166412012127D-01  7.166403945024D-01  7.166391029319D-01  7.166382243154D-01
  7.166368561726D-01  7.166358961036D-01  7.166344414028D-01  7.166333894324D-01
  7.166318372363D-01  7.166306819125D-01  7.166290202262D-01  7.166277489822D-01
  7.166259646366D-01  7.166245636684D-01  7.166226421906D-01  7.166210963218D-01
  7.166190217939D-01  7.166173143252D-01  7.166150692270D-01  7.166131817736D-01
  7.166107468096D-01  7.166086591180D-01  7.166060130268D-01  7.166037027753D-01
  7.166008221188D-01  7.165982646946D-01  7.165951236252D-01  7.165922918816D-01
  7.165888618853D-01  7.165857258702D-01  7.165819754828D-01  7.165785021416D-01
  7.165743966352D-01  7.165705494800D-01  7.165660505164D-01  7.165617892632D-01
  7.165568545115D-01  7.165521346770D-01  7.165467173906D-01  7.165414898481D-01
  7.165355383975D-01  7.165297488862D-01  7.165232062433D-01  7.165167948246D-01
  7.165095979910D-01  7.165024984495D-01  7.164945778270D-01  7.164867170075D-01
  7.164779957012D-01  7.164692927759D-01  7.164596858232D-01  7.164500514828D-01
  7.164394650030D-01  7.164288005606D-01  7.164171308139D-01  7.164053272168D-01
  7.163924595642D-01  7.163793963001D-01  7.163652040543D-01  7.163507479427D-01
  7.163350910967D-01  7.163190949536D-01  7.163018187765D-01  7.162841199364D-01
  7.162650534209D-01  7.162454721051D-01  7.162244262499D-01  7.162027637610D-01
  7.161795296738D-01  7.161555664002D-01  7.161299131987D-01  7.161034064081D-01
  7.160750789005D-01  7.160457603003D-01  7.160144764194D-01  7.159820494591D-01
  7.159474974258D-01  7.159116343138D-01  7.158734694999D-01  7.158338079047D-01
  7.157916493637D-01  7.157477887651D-01  7.157012153948D-01  7.156527130483D-01
  7.156012593468D-01  7.155476258201D-01  7.154907771905D-01  7.154314714248D-01
  7.153686589813D-01  7.153030828278D-01  7.152336776485D-01  7.151611698231D-01
  7.150844765905D-01  7.150043059839D-01  7.149195559467D-01  7.148309142196D-01
  7.147372574023D-01  7.146392507885D-01  7.145357473670D-01  7.144273875984D-01
  7.143129983500D-01  7.141931926070D-01  7.140667683341D-01  7.139343081141D-01
  7.137945779280D-01  7.136481267135D-01  7.134936850532D-01  7.133317646450D-01
  7.131610568887D-01  7.129820322570D-01  7.127933387700D-01  7.125954012557D-01
  7.123868196988D-01  7.121679683787D-01  7.119373940789D-01  7.116954150872D-01
  7.114405192497D-01  7.111729628184D-01  7.108911683312D-01  7.105953232882D-01
  7.102837778380D-01  7.099566432627D-01  7.096121894467D-01  7.092504431479D-01
  7.088695852230D-01  7.084695486580D-01  7.080484155214D-01  7.076060147238D-01
  7.071403186649D-01  7.066510406887D-01  7.061360313854D-01  7.055948757035D-01
  7.050252888621D-01  7.044267130753D-01  7.037967130242D-01  7.031345721410D-01
  7.024376875826D-01  7.017051660142D-01  7.009342180162D-01  7.001237532976D-01
  6.992707744559D-01  6.983739715388D-01  6.974301150646D-01  6.964376498349D-01
  6.953930871059D-01  6.942945975381D-01  6.931384023893D-01  6.919223654649D-01
  6.906423831784D-01  6.892959753397D-01  6.878786738986D-01  6.863876123761D-01
  6.848179130678D-01  6.831662748817D-01  6.814273587333D-01  6.795973735010D-01
  6.776704592863D-01  6.756422711342D-01  6.735063597572D-01  6.712577525877D-01
  6.688893314731D-01  6.663954105230D-01  6.637681101655D-01  6.610009311243D-01
  6.580851240768D-01  6.550132589289D-01  6.517755891298D-01  6.483636152006D-01
  6.447664425194D-01  6.409743377910D-01  6.369750788083D-01  6.327575022057D-01
  6.283078433083D-01  6.236132730693D-01  6.186582256129D-01  6.134279216843D-01
  6.079046808439D-01  6.020714280234D-01  5.959079864880D-01  5.893945631445D-01
  5.825080173042D-01  5.752253191601D-01  5.675197879821D-01  5.593645165881D-01
  5.507285707877D-01  5.415803706142D-01  5.318838404835D-01  5.216017352923D-01
  5.106917277336D-01  4.991096639486D-01  4.868055705487D-01  4.737268202059D-01
  4.598140360421D-01  4.450041413503D-01  4.292261364948D-01  4.124039953349D-01
  3.944522753089D-01  3.752790087624D-01  3.547804728800D-01  3.328446993766D-01
  3.093454450411D-01
