In49 POTENTIAL                      exc: Vosko,Wilk,Nusair      
  2.31897314  6.66250000  2.29182178
  49.00000
   2.53289   0.8007018816   0.8498776285
353
 0.25000000D-01 0.38184860D-03
 9 1
    0  -1.96656160000D+03
    0  -2.87428550000D+02
    0  -5.37136240000D+01
    0  -7.39818510000D+00
    1  -2.68528840000D+02
    1  -4.59639090000D+01
    1  -4.86454470000D+00
    2  -3.15522220000D+01
    2  -7.38539920000D-01
  4.724941001655D+02  4.725211480326D+02  4.725488123269D+02  4.725770992006D+02
  4.726060174810D+02  4.726355811997D+02  4.726658001136D+02  4.726966883629D+02
  4.727282559346D+02  4.727605171045D+02  4.727934820186D+02  4.728271650544D+02
  4.728615764651D+02  4.728967306901D+02  4.729326380382D+02  4.729693129627D+02
  4.730067657710D+02  4.730450108746D+02  4.730840585162D+02  4.731239230000D+02
  4.731646144328D+02  4.732061469370D+02  4.732485304025D+02  4.732917786854D+02
  4.733359013675D+02  4.733809119430D+02  4.734268195828D+02  4.734736373110D+02
  4.735213737728D+02  4.735700414009D+02  4.736196481858D+02  4.736702058329D+02
  4.737217215342D+02  4.737742061163D+02  4.738276658121D+02  4.738821104009D+02
  4.739375449785D+02  4.739939780891D+02  4.740514134942D+02  4.741098582956D+02
  4.741693147102D+02  4.742297881594D+02  4.742912790580D+02  4.743537909116D+02
  4.744173220761D+02  4.744818738546D+02  4.745474422528D+02  4.746140260666D+02
  4.746816186320D+02  4.747502159039D+02  4.748198081996D+02  4.748903882684D+02
  4.749619430285D+02  4.750344616263D+02  4.751079271663D+02  4.751823247605D+02
  4.752576332501D+02  4.753338332446D+02  4.754108988350D+02  4.754888056220D+02
  4.755675224206D+02  4.756470192769D+02  4.757272591635D+02  4.758082059848D+02
  4.758898162630D+02  4.759720471312D+02  4.760548480099D+02  4.761381685882D+02
  4.762219504902D+02  4.763061352442D+02  4.763906559388D+02  4.764754451808D+02
  4.765604267406D+02  4.766455234988D+02  4.767306490817D+02  4.768157157968D+02
  4.769006262587D+02  4.769852813138D+02  4.770695716580D+02  4.771533857514D+02
  4.772366014277D+02  4.773190938011D+02  4.774007268685D+02  4.774813614095D+02
  4.775608465834D+02  4.776390278241D+02  4.777157384339D+02  4.777908074753D+02
  4.778640513642D+02  4.779352817615D+02  4.780042971681D+02  4.780708908196D+02
  4.781348422870D+02  4.781959253778D+02  4.782538997464D+02  4.783085188062D+02
  4.783595213544D+02  4.784066394994D+02  4.784495903053D+02  4.784880837417D+02
  4.785218143525D+02  4.785504692338D+02  4.785737197350D+02  4.785912294716D+02
  4.786026460654D+02  4.786076091998D+02  4.786057424074D+02  4.785966611762D+02
  4.785799647929D+02  4.785552445090D+02  4.785220754490D+02  4.784800248456D+02
  4.784286440223D+02  4.783674767077D+02  4.782960511020D+02  4.782138882804D+02
  4.781204943535D+02  4.780153689687D+02  4.778979975750D+02  4.777678600323D+02
  4.776244229880D+02  4.774671486034D+02  4.772954870512D+02  4.771088853651D+02
  4.769067800653D+02  4.766886061372D+02  4.764537897889D+02  4.762017575625D+02
  4.759319292256D+02  4.756437270159D+02  4.753365686642D+02  4.750098767692D+02
  4.746630719469D+02  4.742955823267D+02  4.739068368166D+02  4.734962747073D+02
  4.730633390363D+02  4.726074862801D+02  4.721281797939D+02  4.716248995646D+02
  4.710971356951D+02  4.705443981828D+02  4.699662104092D+02  4.693621189003D+02
  4.687316867733D+02  4.680745034261D+02  4.673901778829D+02  4.666783483519D+02
  4.659386754040D+02  4.651708513267D+02  4.643745930620D+02  4.635496512793D+02
  4.626958029907D+02  4.618128602590D+02  4.609006624057D+02  4.599590842685D+02
  4.589880279166D+02  4.579874303737D+02  4.569572547613D+02  4.558974974135D+02
  4.548081783810D+02  4.536893478811D+02  4.525410761257D+02  4.513634590777D+02
  4.501566075907D+02  4.489206525035D+02  4.476557331427D+02  4.463620018364D+02
  4.450396119094D+02  4.436887217889D+02  4.423094827195D+02  4.409020427444D+02
  4.394665344862D+02  4.380030794160D+02  4.365117761784D+02  4.349927056943D+02
  4.334459206340D+02  4.318714520057D+02  4.302693004616D+02  4.286394450604D+02
  4.269818370654D+02  4.252964114664D+02  4.235830837254D+02  4.218417643259D+02
  4.200723584789D+02  4.182747833895D+02  4.164489702376D+02  4.145948830577D+02
  4.127125214581D+02  4.108019391727D+02  4.088632452411D+02  4.068966197362D+02
  4.049023108545D+02  4.028806454172D+02  4.008320198352D+02  3.987569039265D+02
  3.966558250570D+02  3.945293654543D+02  3.923781406208D+02  3.902027921066D+02
  3.880039628902D+02  3.857822888293D+02  3.835383744996D+02  3.812727868201D+02
  3.789860346015D+02  3.766785671431D+02  3.743507596801D+02  3.720029184465D+02
  3.696352727991D+02  3.672479868328D+02  3.648411576476D+02  3.624148324607D+02
  3.599690115445D+02  3.575036690609D+02  3.550187586929D+02  3.525142361133D+02
  3.499900651929D+02  3.474462400171D+02  3.448827896660D+02  3.422997979015D+02
  3.396974047897D+02  3.370758225186D+02  3.344353325445D+02  3.317762964333D+02
  3.290991476855D+02  3.264043970513D+02  3.236926187888D+02  3.209644505544D+02
  3.182205745790D+02  3.154617130419D+02  3.126886055023D+02  3.099020016058D+02
  3.071026371534D+02  3.042912269668D+02  3.014684429209D+02  2.986349107084D+02
  2.957911937903D+02  2.929377980193D+02  2.900751651184D+02  2.872036879815D+02
  2.843237151789D+02  2.814355765655D+02  2.785395961065D+02  2.756361224887D+02
  2.727255424692D+02  2.698083067820D+02  2.668849334867D+02  2.639560193464D+02
  2.610222257330D+02  2.580842719013D+02  2.551429046549D+02  2.521988795693D+02
  2.492529244851D+02  2.463057211902D+02  2.433578757649D+02  2.404099124002D+02
  2.374622594822D+02  2.345152608417D+02  2.315691791261D+02  2.286242226572D+02
  2.256805616142D+02  2.227383642239D+02  2.197978184891D+02  2.168591701945D+02
  2.139227429536D+02  2.109889714073D+02  2.080584138572D+02  2.051317759351D+02
  2.022099121144D+02  1.992938371771D+02  1.963847148684D+02  1.934838563942D+02
  1.905926963337D+02  1.877127789981D+02  1.848457232462D+02  1.819931990378D+02
  1.791568841477D+02  1.763384346276D+02  1.735394378284D+02  1.707613819880D+02
  1.680056117076D+02  1.652733038957D+02  1.625654341701D+02  1.598827689300D+02
  1.572258535637D+02  1.545950319586D+02  1.519904667926D+02  1.494121932595D+02
  1.468601712935D+02  1.443343626770D+02  1.418347910338D+02  1.393616053252D+02
  1.369151031693D+02  1.344957391228D+02  1.321040849759D+02  1.297407812412D+02
  1.274064594950D+02  1.251016815960D+02  1.228268748289D+02  1.205823023252D+02
  1.183680384108D+02  1.161839794026D+02  1.140298532998D+02  1.119052557928D+02
  1.098096755122D+02  1.077425370262D+02  1.057032263385D+02  1.036911293125D+02
  1.017056495522D+02  9.974623748069D+01  9.781239823368D+01  9.590371082846D+01
  9.401982665641D+01  9.216048014811D+01  9.032547979352D+01  8.851471246330D+01
  8.672812923445D+01  8.496574564016D+01  8.322762448877D+01  8.151387408780D+01
  7.982462992150D+01  7.816005250791D+01  7.652030937406D+01  7.490557375884D+01
  7.331600787607D+01  7.175176323879D+01  7.021296578636D+01  6.869971822455D+01
  6.721208725186D+01  6.575010801449D+01  6.431377342101D+01  6.290304061515D+01
  6.151782222047D+01  6.015799463094D+01  5.882339096030D+01  5.751381090712D+01
  5.622901514623D+01  5.496873647121D+01  5.373267527005D+01  5.252051148814D+01
  5.133190059348D+01  5.016648559874D+01  4.902389258926D+01  4.790374175833D+01
  4.680564143407D+01  4.572919718877D+01  4.467400370906D+01  4.363965172460D+01
  4.262571792701D+01  4.163177045907D+01  4.065735737072D+01  3.970201219016D+01
  3.876524184987D+01
N_07 POTENTIAL                      exc: Vosko,Wilk,Nusair      
  1.76095821  6.66250000  1.77099661
   7.00000
   2.05765   0.8007018816   0.8498776285
353
 0.25000000D-01 0.31020338D-03
 2 1
    0  -2.69998930000D+01
    0  -4.29582100000D-01
  2.602658843169D+01  2.602697981828D+01  2.602738073889D+01  2.602781723490D+01
  2.602826967347D+01  2.602873581259D+01  2.602921445320D+01  2.602970599971D+01
  2.603021001794D+01  2.603072721604D+01  2.603125730803D+01  2.603180108662D+01
  2.603235832074D+01  2.603292984274D+01  2.603351545291D+01  2.603411601011D+01
  2.603473133828D+01  2.603536231823D+01  2.603600879481D+01  2.603667166913D+01
  2.603735080606D+01  2.603804712658D+01  2.603876051550D+01  2.603949191382D+01
  2.604024122657D+01  2.604100941521D+01  2.604179640553D+01  2.604260318005D+01
  2.604342968595D+01  2.604427692754D+01  2.604514487414D+01  2.604603455259D+01
  2.604694595517D+01  2.604788013208D+01  2.604883709939D+01  2.604981793155D+01
  2.605082266929D+01  2.605185241218D+01  2.605290722672D+01  2.605398824163D+01
  2.605509593578D+01  2.605623106567D+01  2.605739375190D+01  2.605858517522D+01
  2.605980548456D+01  2.606105588954D+01  2.606233656841D+01  2.606364876057D+01
  2.606499267459D+01  2.606636958065D+01  2.606777971858D+01  2.606922439033D+01
  2.607070386795D+01  2.607221948609D+01  2.607377154998D+01  2.607536142793D+01
  2.607698945926D+01  2.607865704682D+01  2.608036456495D+01  2.608211345189D+01
  2.608390411785D+01  2.608573803733D+01  2.608761565715D+01  2.608953848887D+01
  2.609150701670D+01  2.609352278989D+01  2.609558633072D+01  2.609769922678D+01
  2.609986203897D+01  2.610207639375D+01  2.610434289108D+01  2.610666319671D+01
  2.610903795001D+01  2.611146885624D+01  2.611395659440D+01  2.611650290940D+01
  2.611910851983D+01  2.612177521019D+01  2.612450373851D+01  2.612729592855D+01
  2.613015257741D+01  2.613307554759D+01  2.613606567457D+01  2.613912485879D+01
  2.614225397319D+01  2.614545495505D+01  2.614872871344D+01  2.615207722102D+01
  2.615550142137D+01  2.615900332069D+01  2.616258389497D+01  2.616624518162D+01
  2.616998818654D+01  2.617381497555D+01  2.617772658137D+01  2.618172509489D+01
  2.618581157199D+01  2.618998812466D+01  2.619425582760D+01  2.619861680924D+01
  2.620307215809D+01  2.620762401356D+01  2.621227347211D+01  2.621702267785D+01
  2.622187272846D+01  2.622682576550D+01  2.623188288012D+01  2.623704620309D+01
  2.624231681020D+01  2.624769681199D+01  2.625318725886D+01  2.625879023047D+01
  2.626450674048D+01  2.627033882556D+01  2.627628744986D+01  2.628235459351D+01
  2.628854115672D+01  2.629484904787D+01  2.630127908712D+01  2.630783309403D+01
  2.631451179072D+01  2.632131688894D+01  2.632824899268D+01  2.633530968475D+01
  2.634249942873D+01  2.634981965499D+01  2.635727066204D+01  2.636485370184D+01
  2.637256888048D+01  2.638041724286D+01  2.638839867256D+01  2.639651397580D+01
  2.640476278054D+01  2.641314561960D+01  2.642166182896D+01  2.643031163000D+01
  2.643909402690D+01  2.644800888798D+01  2.645705484215D+01  2.646623135927D+01
  2.647553664558D+01  2.648496972308D+01  2.649452832386D+01  2.650421096839D+01
  2.651401485878D+01  2.652393795593D+01  2.653397687159D+01  2.654412894437D+01
  2.655439013057D+01  2.656475707900D+01  2.657522502055D+01  2.658578984171D+01
  2.659644597298D+01  2.660718846098D+01  2.661801085565D+01  2.662890728106D+01
  2.663987032125D+01  2.665089308981D+01  2.666196711443D+01  2.667308440516D+01
  2.668423533770D+01  2.669541072048D+01  2.670659967668D+01  2.671779171015D+01
  2.672897458630D+01  2.674013639692D+01  2.675126344007D+01  2.676234228391D+01
  2.677335764571D+01  2.678429445488D+01  2.679513573127D+01  2.680586464763D+01
  2.681646240740D+01  2.682691030683D+01  2.683718761257D+01  2.684727362377D+01
  2.685714554982D+01  2.686678057270D+01  2.687615372534D+01  2.688523995469D+01
  2.689401200107D+01  2.690244246254D+01  2.691050167573D+01  2.691815978210D+01
  2.692538461094D+01  2.693214374808D+01  2.693840242175D+01  2.694412557458D+01
  2.694927575309D+01  2.695381518373D+01  2.695770366693D+01  2.696090065815D+01
  2.696336316736D+01  2.696504784612D+01  2.696590889360D+01  2.696590015072D+01
  2.696497301388D+01  2.696307853728D+01  2.696016535553D+01  2.695618179552D+01
  2.695107380901D+01  2.694478709531D+01  2.693726504529D+01  2.692845087607D+01
  2.691828558775D+01  2.690671011142D+01  2.689366327989D+01  2.687908399032D+01
  2.686290919017D+01  2.684507605557D+01  2.682551999370D+01  2.680417683796D+01
  2.678098086769D+01  2.675586702113D+01  2.672876893317D+01  2.669962116671D+01
  2.666835726902D+01  2.663491202181D+01  2.659921951626D+01  2.656121542178D+01
  2.652083507942D+01  2.647801578872D+01  2.643269491875D+01  2.638481221190D+01
  2.633430791111D+01  2.628112507884D+01  2.622520773842D+01  2.616650320566D+01
  2.610496024138D+01  2.604053139248D+01  2.597317115177D+01  2.590283830434D+01
  2.582949409016D+01  2.575310455047D+01  2.567363868764D+01  2.559107080549D+01
  2.550537865979D+01  2.541654578562D+01  2.532455963089D+01  2.522941386276D+01
  2.513110647590D+01  2.502964206912D+01  2.492502991915D+01  2.481728621798D+01
  2.470643210239D+01  2.459249584186D+01  2.447551081354D+01  2.435551763042D+01
  2.423256205104D+01  2.410669703803D+01  2.397798059197D+01  2.384647772911D+01
  2.371225823060D+01  2.357539853000D+01  2.343597936818D+01  2.329408758250D+01
  2.314981365967D+01  2.300325341971D+01  2.285450546105D+01  2.270367273467D+01
  2.255085987815D+01  2.239617467833D+01  2.223972529452D+01  2.208162161190D+01
  2.192197235860D+01  2.176088635759D+01  2.159846954860D+01  2.143482615365D+01
  2.127005562393D+01  2.110425374490D+01  2.093750954133D+01  2.076990636389D+01
  2.060151880471D+01  2.043241383060D+01  2.026264778959D+01  2.009226768892D+01
  1.992130841138D+01  1.974979428029D+01  1.957773665286D+01  1.940513596532D+01
  1.923197992065D+01  1.905824625019D+01  1.888390174146D+01  1.870890595476D+01
  1.853321129825D+01  1.835676784317D+01  1.817952448596D+01  1.800143475320D+01
  1.782245874898D+01  1.764256942006D+01  1.746175451719D+01  1.728002232554D+01
  1.709740248066D+01  1.691394994406D+01  1.672974353304D+01  1.654488723715D+01
  1.635950594052D+01  1.617374404421D+01  1.598775886674D+01  1.580171753276D+01
  1.561578936620D+01  1.543014254351D+01  1.524493697618D+01  1.506032205737D+01
  1.487643107479D+01  1.469338074233D+01  1.451126747986D+01  1.433016875109D+01
  1.415014098319D+01  1.397122231233D+01  1.379343164775D+01  1.361677229521D+01
  1.344123164834D+01  1.326678521683D+01  1.309339653326D+01  1.292102124243D+01
  1.274960694750D+01  1.257909714657D+01  1.240943085874D+01  1.224054629411D+01
  1.207238018346D+01  1.190487113511D+01  1.173795864460D+01  1.157158613247D+01
  1.140569964117D+01  1.124025057038D+01  1.107519408464D+01  1.091049157444D+01
  1.074610880572D+01  1.058201813953D+01  1.041819645704D+01  1.025462717120D+01
  1.009129795995D+01  9.928202601248D+00  9.765338543830D+00  9.602708592549D+00
  9.440318340798D+00  9.278177726795D+00  9.116298344477D+00  8.954694883123D+00
  8.793382324478D+00  8.632377268291D+00  8.471695012983D+00  8.311350759010D+00
  8.151356559893D+00  7.991722385465D+00  7.832452922529D+00  7.673548473782D+00
  7.515001584362D+00  7.356797804108D+00  7.198911967352D+00  7.041308990547D+00
  6.883939822343D+00
Vac0 POTENTIAL                      exc: Vosko,Wilk,Nusair      
  2.31897314  6.66250000  2.29182178
   0.00000
   2.53289   0.8007018816   0.8498776285
353
 0.25000000D-01 0.38184860D-03
 0 1
  7.879439058213D-01  7.879191319114D-01  7.878929128715D-01  7.878854172082D-01
  7.878811319942D-01  7.878793943621D-01  7.878778814293D-01  7.878779194748D-01
  7.878777583404D-01  7.878789490765D-01  7.878798489646D-01  7.878820686171D-01
  7.878840027714D-01  7.878872885938D-01  7.878903419236D-01  7.878948183276D-01
  7.878991509830D-01  7.879050129637D-01  7.879108558085D-01  7.879183724650D-01
  7.879260364414D-01  7.879355652559D-01  7.879454602176D-01  7.879574704747D-01
  7.879701334904D-01  7.879852399056D-01  7.880013749243D-01  7.880203842517D-01
  7.880409166664D-01  7.880648914646D-01  7.880910427162D-01  7.881213886476D-01
  7.881547782630D-01  7.881933634746D-01  7.882361489261D-01  7.882854678763D-01
  7.883405346333D-01  7.884038330302D-01  7.884683367036D-01  7.884957321574D-01
  7.884678244636D-01  7.884421770560D-01  7.884170698156D-01  7.883940233534D-01
  7.883713359432D-01  7.883505445251D-01  7.883299618927D-01  7.883111379349D-01
  7.882923970321D-01  7.882752994639D-01  7.882581789377D-01  7.882426041493D-01
  7.882269163921D-01  7.882126912215D-01  7.881982761538D-01  7.881852523908D-01
  7.881719725846D-01  7.881600226260D-01  7.881477594369D-01  7.881367728096D-01
  7.881254232518D-01  7.881153038349D-01  7.881047780783D-01  7.880954418282D-01
  7.880856611558D-01  7.880770342624D-01  7.880679293953D-01  7.880599467629D-01
  7.880514564780D-01  7.880440604715D-01  7.880361304552D-01  7.880292698485D-01
  7.880218517435D-01  7.880154808463D-01  7.880085314489D-01  7.880026093724D-01
  7.879960899520D-01  7.879905799824D-01  7.879844557124D-01  7.879793247862D-01
  7.879735642499D-01  7.879687824995D-01  7.879633572788D-01  7.879588976429D-01
  7.879537819552D-01  7.879496198510D-01  7.879447902378D-01  7.879409032668D-01
  7.879363383290D-01  7.879327060297D-01  7.879283861899D-01  7.879249898186D-01
  7.879208971187D-01  7.879177194582D-01  7.879138373789D-01  7.879108625691D-01
  7.879071758725D-01  7.879043892633D-01  7.879008838528D-01  7.878982718692D-01
  7.878949346642D-01  7.878924846912D-01  7.878893035163D-01  7.878870037936D-01
  7.878839672768D-01  7.878818068005D-01  7.878789042851D-01  7.878768727233D-01
  7.878740941847D-01  7.878721817995D-01  7.878695177675D-01  7.878677153412D-01
  7.878651568334D-01  7.878634556017D-01  7.878609940577D-01  7.878593856478D-01
  7.878570128672D-01  7.878554892383D-01  7.878531973248D-01  7.878517507118D-01
  7.878495320182D-01  7.878481548785D-01  7.878460019533D-01  7.878446869133D-01
  7.878425924495D-01  7.878413322551D-01  7.878392890387D-01  7.878380765037D-01
  7.878360773633D-01  7.878349053185D-01  7.878329430742D-01  7.878318043166D-01
  7.878298717284D-01  7.878287589677D-01  7.878268486818D-01  7.878257544875D-01
  7.878238589818D-01  7.878227757253D-01  7.878208872518D-01  7.878198070489D-01
  7.878179175714D-01  7.878168322193D-01  7.878149333510D-01  7.878138342622D-01
  7.878119171967D-01  7.878107953271D-01  7.878088507649D-01  7.878076965395D-01
  7.878057146086D-01  7.878045178377D-01  7.878024880090D-01  7.878012378005D-01
  7.877991487947D-01  7.877978334567D-01  7.877956731433D-01  7.877942800797D-01
  7.877920353676D-01  7.877905509624D-01  7.877882076800D-01  7.877866171724D-01
  7.877841599353D-01  7.877824472820D-01  7.877798593497D-01  7.877780070737D-01
  7.877752701915D-01  7.877732592163D-01  7.877703534406D-01  7.877681629082D-01
  7.877650664162D-01  7.877626734861D-01  7.877593623648D-01  7.877567419937D-01
  7.877531900080D-01  7.877503147055D-01  7.877464930432D-01  7.877433326044D-01
  7.877392095939D-01  7.877357308030D-01  7.877312716028D-01  7.877274379070D-01
  7.877226041627D-01  7.877183753118D-01  7.877131247781D-01  7.877084564269D-01
  7.877027425494D-01  7.876975858191D-01  7.876913572733D-01  7.876856582664D-01
  7.876788584484D-01  7.876725577142D-01  7.876651241782D-01  7.876581561208D-01
  7.876500199578D-01  7.876423121836D-01  7.876333973353D-01  7.876248699314D-01
  7.876150924315D-01  7.876056571691D-01  7.875949243058D-01  7.875844837590D-01
  7.875726931494D-01  7.875611397228D-01  7.875481782901D-01  7.875353931431D-01
  7.875211359863D-01  7.875069878452D-01  7.874912969900D-01  7.874756408351D-01
  7.874583638536D-01  7.874410394681D-01  7.874220079535D-01  7.874028383193D-01
  7.873818661999D-01  7.873606557257D-01  7.873375374012D-01  7.873140699635D-01
  7.872885782457D-01  7.872626150229D-01  7.872344988594D-01  7.872057759392D-01
  7.871747578966D-01  7.871429836302D-01  7.871087571134D-01  7.870736091911D-01
  7.870358353683D-01  7.869969575871D-01  7.869552619913D-01  7.869122606813D-01
  7.868662294528D-01  7.868186695271D-01  7.867678452601D-01  7.867152458466D-01
  7.866591229968D-01  7.866009526104D-01  7.865389724178D-01  7.864746436213D-01
  7.864061884965D-01  7.863350519976D-01  7.862594393146D-01  7.861807774388D-01
  7.860972526712D-01  7.860102721437D-01  7.859180012739D-01  7.858218252371D-01
  7.857198863618D-01  7.856135455471D-01  7.855009195924D-01  7.853833425549D-01
  7.852589030062D-01  7.851289053231D-01  7.849914068636D-01  7.848476791837D-01
  7.846957451245D-01  7.845368399465D-01  7.843689483179D-01  7.841932653586D-01
  7.840077335179D-01  7.838135035185D-01  7.836084711125D-01  7.833937379133D-01
  7.831671480171D-01  7.829297487104D-01  7.826793269422D-01  7.824168698933D-01
  7.821401012825D-01  7.818499417826D-01  7.815440451420D-01  7.812232584303D-01
  7.808851579541D-01  7.805305093137D-01  7.801568030890D-01  7.797647146857D-01
  7.793516397661D-01  7.789181538587D-01  7.784615475049D-01  7.779822856053D-01
  7.774775422472D-01  7.769476597561D-01  7.763896831673D-01  7.758038189453D-01
  7.751869690560D-01  7.745391893125D-01  7.738572229982D-01  7.731409587913D-01
  7.723869638799D-01  7.715949414105D-01  7.707612630274D-01  7.698854257795D-01
  7.689635840059D-01  7.679950056232D-01  7.669756032648D-01  7.659043898557D-01
  7.647770088960D-01  7.635921892116D-01  7.623452742490D-01  7.610346758684D-01
  7.596554024885D-01  7.582055117570D-01  7.566796373498D-01  7.550754403163D-01
  7.533871342915D-01  7.516119352628D-01  7.497435848973D-01  7.477787984147D-01
  7.457107856559D-01  7.435356966653D-01  7.412461400345D-01  7.388376256913D-01
  7.363020799298D-01  7.336342847715D-01  7.308253889373D-01  7.278693429728D-01
  7.247564052200D-01  7.214795716782D-01  7.180280757802D-01  7.143938116771D-01
  7.105648262994D-01  7.065317343942D-01  7.022812009369D-01  6.978023457877D-01
  6.930802139910D-01  6.881021673255D-01  6.828513393522D-01  6.773130103748D-01
  6.714680432273D-01  6.652992371862D-01  6.587847393743D-01  6.519043719078D-01
  6.446330123554D-01  6.369468867840D-01  6.288169108559D-01  6.202149393443D-01
  6.111070570623D-01  6.014597727240D-01  5.912332458300D-01  5.803874093001D-01
  5.688751145303D-01  5.566481628528D-01  5.436503460774D-01  5.298233614081D-01
  5.150997187826D-01  4.994085073649D-01  4.826681339520D-01  4.647919018500D-01
  4.456805370324D-01  4.252275319399D-01  4.033114131732D-01  3.798007915256D-01
  3.545463147726D-01  3.273855394805D-01  2.981339889680D-01  2.665903105789D-01
  2.325266097968D-01
Vac0 POTENTIAL                      exc: Vosko,Wilk,Nusair      
  1.76095821  6.66250000  1.77099661
   0.00000
   2.05765   0.8007018816   0.8498776285
353
 0.25000000D-01 0.31020338D-03
 0 1
  5.909184518741D-01  5.908803656624D-01  5.908409194733D-01  5.908289708372D-01
  5.908223343804D-01  5.908183787209D-01  5.908152566269D-01  5.908133007194D-01
  5.908115047901D-01  5.908105261993D-01  5.908095098152D-01  5.908091927556D-01
  5.908087662934D-01  5.908089967398D-01  5.908090951199D-01  5.908098420176D-01
  5.908104593765D-01  5.908117367854D-01  5.908129040362D-01  5.908147578869D-01
  5.908165350508D-01  5.908190392367D-01  5.908215143763D-01  5.908247718407D-01
  5.908280638348D-01  5.908322107946D-01  5.908364749965D-01  5.908416881210D-01
  5.908471250550D-01  5.908536317177D-01  5.908604991465D-01  5.908685915778D-01
  5.908772208967D-01  5.908872751475D-01  5.908980934011D-01  5.909105948188D-01
  5.909241538561D-01  5.909397137441D-01  5.909552549950D-01  5.909607593736D-01
  5.909522701049D-01  5.909446087110D-01  5.909369620445D-01  5.909300833485D-01
  5.909231649868D-01  5.909169650967D-01  5.909106803899D-01  5.909050728867D-01
  5.908993427740D-01  5.908942551816D-01  5.908890130996D-01  5.908843841844D-01
  5.908795736932D-01  5.908753513467D-01  5.908709242738D-01  5.908670638850D-01
  5.908629788515D-01  5.908594419915D-01  5.908556632585D-01  5.908524166453D-01
  5.908489131795D-01  5.908459278372D-01  5.908426725539D-01  5.908399231381D-01
  5.908368922920D-01  5.908343565326D-01  5.908315292131D-01  5.908291874549D-01
  5.908265451670D-01  5.908243799952D-01  5.908219063259D-01  5.908199022482D-01
  5.908175825670D-01  5.908157257542D-01  5.908135469764D-01  5.908118250394D-01
  5.908097754208D-01  5.908081772192D-01  5.908062461853D-01  5.908047616717D-01
  5.908029396676D-01  5.908015597490D-01  5.907998381138D-01  5.907985545340D-01
  5.907969253916D-01  5.907957306298D-01  5.907941867934D-01  5.907930739791D-01
  5.907916088726D-01  5.907905717048D-01  5.907891792879D-01  5.907882119704D-01
  5.907868866758D-01  5.907859838581D-01  5.907847205380D-01  5.907838772619D-01
  5.907826711381D-01  5.907818827922D-01  5.907807294100D-01  5.907799916879D-01
  5.907788868781D-01  5.907781957411D-01  5.907771355856D-01  5.907764872262D-01
  5.907754680228D-01  5.907748588366D-01  5.907738770701D-01  5.907733036249D-01
  5.907723559398D-01  5.907718149487D-01  5.907708981216D-01  5.907703864194D-01
  5.907694973355D-01  5.907690118526D-01  5.907681474826D-01  5.907676852228D-01
  5.907668425982D-01  5.907664006159D-01  5.907655768081D-01  5.907651521866D-01
  5.907643442846D-01  5.907639341135D-01  5.907631392024D-01  5.907627405555D-01
  5.907619556932D-01  5.907615656066D-01  5.907607878008D-01  5.907604032493D-01
  5.907596294354D-01  5.907592473086D-01  5.907584743243D-01  5.907580914013D-01
  5.907573159611D-01  5.907569288846D-01  5.907561475526D-01  5.907557528009D-01
  5.907549619617D-01  5.907545558185D-01  5.907537516465D-01  5.907533301688D-01
  5.907525085955D-01  5.907520675792D-01  5.907512242561D-01  5.907507591990D-01
  5.907498894592D-01  5.907493955198D-01  5.907484943359D-01  5.907479662894D-01
  5.907470282273D-01  5.907464604171D-01  5.907454795850D-01  5.907448658704D-01
  5.907438358642D-01  5.907431695623D-01  5.907420834043D-01  5.907413572267D-01
  5.907402073000D-01  5.907394132826D-01  5.907381912574D-01  5.907373206846D-01
  5.907360174380D-01  5.907350607575D-01  5.907336662849D-01  5.907326130155D-01
  5.907311163333D-01  5.907299549623D-01  5.907283440004D-01  5.907270618707D-01
  5.907253233542D-01  5.907239065398D-01  5.907220258577D-01  5.907204590269D-01
  5.907184200885D-01  5.907166863521D-01  5.907144714274D-01  5.907125521711D-01
  5.907101417160D-01  5.907080164163D-01  5.907053888771D-01  5.907030348975D-01
  5.907001664979D-01  5.906975588629D-01  5.906944233668D-01  5.906915345143D-01
  5.906881029644D-01  5.906849024699D-01  5.906811428992D-01  5.906775971731D-01
  5.906734742852D-01  5.906695462369D-01  5.906650210544D-01  5.906606697218D-01
  5.906556991959D-01  5.906508793361D-01  5.906454159166D-01  5.906400775534D-01
  5.906340687131D-01  5.906281566367D-01  5.906215443452D-01  5.906149975599D-01
  5.906077177032D-01  5.906004688162D-01  5.905924505546D-01  5.905844251014D-01
  5.905755901592D-01  5.905667058575D-01  5.905569677392D-01  5.905471336637D-01
  5.905363967869D-01  5.905255124585D-01  5.905136711953D-01  5.905016255729D-01
  5.904885631910D-01  5.904752335581D-01  5.904608210493D-01  5.904460717827D-01
  5.904301665687D-01  5.904138477773D-01  5.903962922782D-01  5.903782382983D-01
  5.903588583510D-01  5.903388860829D-01  5.903174891914D-01  5.902953962598D-01
  5.902717696614D-01  5.902473323818D-01  5.902212409085D-01  5.901942120388D-01
  5.901653957529D-01  5.901355020064D-01  5.901036735854D-01  5.900706128815D-01
  5.900354547266D-01  5.899988931493D-01  5.899600541871D-01  5.899196226216D-01
  5.898767147667D-01  5.898320051795D-01  5.897845994217D-01  5.897351607446D-01
  5.896827828202D-01  5.896281163974D-01  5.895702420001D-01  5.895097965508D-01
  5.894458460325D-01  5.893790120764D-01  5.893083445830D-01  5.892344482707D-01
  5.891563552513D-01  5.890746515355D-01  5.889883495577D-01  5.888980146332D-01
  5.888026374280D-01  5.887027603609D-01  5.885973500129D-01  5.884869234695D-01
  5.883704206606D-01  5.882483306371D-01  5.881195638356D-01  5.879845782796D-01
  5.878422517607D-01  5.876930079581D-01  5.875356885251D-01  5.873706791174D-01
  5.871967813756D-01  5.870143388514D-01  5.868221088743D-01  5.866203883635D-01
  5.864078855656D-01  5.861848457400D-01  5.859499227520D-01  5.857033046167D-01
  5.854435849309D-01  5.851708882587D-01  5.848837413833D-01  5.845821985157D-01
  5.842647123444D-01  5.839312590454D-01  5.835802091064D-01  5.832114521134D-01
  5.828232673212D-01  5.824154481891D-01  5.819861726658D-01  5.815351274428D-01
  5.810603779172D-01  5.805614921263D-01  5.800364103463D-01  5.794845686662D-01
  5.789037681752D-01  5.782932981253D-01  5.776508046530D-01  5.769754134742D-01
  5.762645980741D-01  5.755173018691D-01  5.747308057892D-01  5.739038498281D-01
  5.730334999301D-01  5.721182688360D-01  5.711549821693D-01  5.701418984683D-01
  5.690755743472D-01  5.679539835838D-01  5.667733812056D-01  5.655314214756D-01
  5.642240207258D-01  5.628484740489D-01  5.614003166624D-01  5.598764390762D-01
  5.582719467216D-01  5.565832733108D-01  5.548050384089D-01  5.529331586351D-01
  5.509617027786D-01  5.488860004095D-01  5.466994940441D-01  5.443968446260D-01
  5.419707801268D-01  5.394151972212D-01  5.367220055519D-01  5.338842247500D-01
  5.308928233941D-01  5.277398103015D-01  5.244150669553D-01  5.209094317029D-01
  5.172115240936D-01  5.133108202467D-01  5.091944671123D-01  5.048503467863D-01
  5.002638781498D-01  4.954210672758D-01  4.903052931768D-01  4.849003406212D-01
  4.791871657706D-01  4.731469066411D-01  4.667576231679D-01  4.599972791248D-01
  4.528404495158D-01  4.452612658941D-01  4.372300818251D-01  4.287163710753D-01
  4.196853390494D-01  4.101007600680D-01  3.999215189313D-01  3.891043692624D-01
  3.776003844633D-01  3.653576130644D-01  3.523174142462D-01  3.384169759264D-01
  3.235854969610D-01  3.077466533072D-01  2.908141631596D-01  2.726945958199D-01
  2.532823282176D-01
