In49 POTENTIAL                      exc: Vosko,Wilk,Nusair      
  2.31897314  6.66250000  2.29182178
  49.00000
   2.53289   0.8007132962   0.8498771557
353
 0.25000000D-01 0.38184860D-03
 9 1
    0  -1.96656160000D+03
    0  -2.87428550000D+02
    0  -5.37136240000D+01
    0  -7.39818510000D+00
    1  -2.68528840000D+02
    1  -4.59639090000D+01
    1  -4.86454470000D+00
    2  -3.15522220000D+01
    2  -7.38539920000D-01
  4.724941001303D+02  4.725211479973D+02  4.725488122916D+02  4.725770991653D+02
  4.726060174457D+02  4.726355811643D+02  4.726658000782D+02  4.726966883275D+02
  4.727282558992D+02  4.727605170691D+02  4.727934819831D+02  4.728271650189D+02
  4.728615764296D+02  4.728967306547D+02  4.729326380027D+02  4.729693129272D+02
  4.730067657355D+02  4.730450108391D+02  4.730840584807D+02  4.731239229645D+02
  4.731646143972D+02  4.732061469014D+02  4.732485303669D+02  4.732917786498D+02
  4.733359013319D+02  4.733809119074D+02  4.734268195471D+02  4.734736372753D+02
  4.735213737371D+02  4.735700413652D+02  4.736196481501D+02  4.736702057972D+02
  4.737217214984D+02  4.737742060805D+02  4.738276657764D+02  4.738821103651D+02
  4.739375449427D+02  4.739939780533D+02  4.740514134584D+02  4.741098582597D+02
  4.741693146743D+02  4.742297881235D+02  4.742912790221D+02  4.743537908757D+02
  4.744173220401D+02  4.744818738186D+02  4.745474422168D+02  4.746140260306D+02
  4.746816185960D+02  4.747502158678D+02  4.748198081636D+02  4.748903882324D+02
  4.749619429924D+02  4.750344615902D+02  4.751079271302D+02  4.751823247243D+02
  4.752576332140D+02  4.753338332085D+02  4.754108987989D+02  4.754888055858D+02
  4.755675223845D+02  4.756470192407D+02  4.757272591274D+02  4.758082059487D+02
  4.758898162268D+02  4.759720470950D+02  4.760548479737D+02  4.761381685520D+02
  4.762219504540D+02  4.763061352080D+02  4.763906559027D+02  4.764754451447D+02
  4.765604267045D+02  4.766455234627D+02  4.767306490456D+02  4.768157157608D+02
  4.769006262226D+02  4.769852812778D+02  4.770695716220D+02  4.771533857154D+02
  4.772366013918D+02  4.773190937652D+02  4.774007268327D+02  4.774813613737D+02
  4.775608465477D+02  4.776390277884D+02  4.777157383983D+02  4.777908074397D+02
  4.778640513288D+02  4.779352817261D+02  4.780042971328D+02  4.780708907844D+02
  4.781348422519D+02  4.781959253428D+02  4.782538997115D+02  4.783085187715D+02
  4.783595213198D+02  4.784066394649D+02  4.784495902710D+02  4.784880837076D+02
  4.785218143185D+02  4.785504692000D+02  4.785737197014D+02  4.785912294382D+02
  4.786026460322D+02  4.786076091668D+02  4.786057423746D+02  4.785966611436D+02
  4.785799647606D+02  4.785552444770D+02  4.785220754173D+02  4.784800248141D+02
  4.784286439912D+02  4.783674766769D+02  4.782960510716D+02  4.782138882503D+02
  4.781204943237D+02  4.780153689393D+02  4.778979975461D+02  4.777678600038D+02
  4.776244229600D+02  4.774671485759D+02  4.772954870241D+02  4.771088853386D+02
  4.769067800393D+02  4.766886061118D+02  4.764537897639D+02  4.762017575382D+02
  4.759319292019D+02  4.756437269928D+02  4.753365686418D+02  4.750098767475D+02
  4.746630719259D+02  4.742955823064D+02  4.739068367970D+02  4.734962746885D+02
  4.730633390183D+02  4.726074862629D+02  4.721281797776D+02  4.716248995492D+02
  4.710971356806D+02  4.705443981692D+02  4.699662103964D+02  4.693621188886D+02
  4.687316867625D+02  4.680745034163D+02  4.673901778741D+02  4.666783483442D+02
  4.659386753973D+02  4.651708513210D+02  4.643745930575D+02  4.635496512759D+02
  4.626958029884D+02  4.618128602578D+02  4.609006624056D+02  4.599590842696D+02
  4.589880279188D+02  4.579874303771D+02  4.569572547658D+02  4.558974974191D+02
  4.548081783879D+02  4.536893478891D+02  4.525410761348D+02  4.513634590879D+02
  4.501566076021D+02  4.489206525159D+02  4.476557331563D+02  4.463620018511D+02
  4.450396119251D+02  4.436887218056D+02  4.423094827372D+02  4.409020427632D+02
  4.394665345059D+02  4.380030794366D+02  4.365117762000D+02  4.349927057168D+02
  4.334459206573D+02  4.318714520298D+02  4.302693004865D+02  4.286394450861D+02
  4.269818370919D+02  4.252964114936D+02  4.235830837533D+02  4.218417643545D+02
  4.200723585082D+02  4.182747834195D+02  4.164489702683D+02  4.145948830891D+02
  4.127125214901D+02  4.108019392054D+02  4.088632452745D+02  4.068966197703D+02
  4.049023108894D+02  4.028806454528D+02  4.008320198716D+02  3.987569039636D+02
  3.966558250949D+02  3.945293654930D+02  3.923781406603D+02  3.902027921469D+02
  3.880039629313D+02  3.857822888712D+02  3.835383745423D+02  3.812727868635D+02
  3.789860346458D+02  3.766785671881D+02  3.743507597258D+02  3.720029184930D+02
  3.696352728463D+02  3.672479868808D+02  3.648411576963D+02  3.624148325101D+02
  3.599690115947D+02  3.575036691118D+02  3.550187587444D+02  3.525142361655D+02
  3.499900652458D+02  3.474462400707D+02  3.448827897202D+02  3.422997979565D+02
  3.396974048453D+02  3.370758225749D+02  3.344353326014D+02  3.317762964908D+02
  3.290991477436D+02  3.264043971099D+02  3.236926188479D+02  3.209644506138D+02
  3.182205746388D+02  3.154617131020D+02  3.126886055625D+02  3.099020016661D+02
  3.071026372136D+02  3.042912270270D+02  3.014684429808D+02  2.986349107679D+02
  2.957911938494D+02  2.929377980778D+02  2.900751651762D+02  2.872036880384D+02
  2.843237152349D+02  2.814355766206D+02  2.785395961605D+02  2.756361225416D+02
  2.727255425209D+02  2.698083068326D+02  2.668849335361D+02  2.639560193945D+02
  2.610222257798D+02  2.580842719467D+02  2.551429046989D+02  2.521988796119D+02
  2.492529245262D+02  2.463057212297D+02  2.433578758028D+02  2.404099124364D+02
  2.374622595166D+02  2.345152608743D+02  2.315691791568D+02  2.286242226861D+02
  2.256805616411D+02  2.227383642488D+02  2.197978185119D+02  2.168591702153D+02
  2.139227429724D+02  2.109889714242D+02  2.080584138722D+02  2.051317759481D+02
  2.022099121256D+02  1.992938371864D+02  1.963847148760D+02  1.934838564000D+02
  1.905926963378D+02  1.877127790006D+02  1.848457232471D+02  1.819931990371D+02
  1.791568841455D+02  1.763384346239D+02  1.735394378233D+02  1.707613819814D+02
  1.680056116997D+02  1.652733038865D+02  1.625654341596D+02  1.598827689183D+02
  1.572258535508D+02  1.545950319447D+02  1.519904667776D+02  1.494121932435D+02
  1.468601712764D+02  1.443343626588D+02  1.418347910144D+02  1.393616053045D+02
  1.369151031471D+02  1.344957390988D+02  1.321040849500D+02  1.297407812129D+02
  1.274064594639D+02  1.251016815618D+02  1.228268747913D+02  1.205823022838D+02
  1.183680383650D+02  1.161839793521D+02  1.140298532441D+02  1.119052557314D+02
  1.098096754446D+02  1.077425369518D+02  1.057032262567D+02  1.036911292227D+02
  1.017056494537D+02  9.974623737277D+01  9.781239811569D+01  9.590371069972D+01
  9.401982651623D+01  9.216047999583D+01  9.032547962854D+01  8.851471228507D+01
  8.672812904248D+01  8.496574543408D+01  8.322762426830D+01  8.151387385279D+01
  7.982462967194D+01  7.816005224395D+01  7.652030909599D+01  7.490557346713D+01
  7.331600757133D+01  7.175176292182D+01  7.021296545808D+01  6.869971788602D+01
  6.721208690425D+01  6.575010765904D+01  6.431377305901D+01  6.290304024788D+01
  6.151782184918D+01  6.015799425678D+01  5.882339058429D+01  5.751381053006D+01
  5.622901476873D+01  5.496873609361D+01  5.373267489241D+01  5.252051111026D+01
  5.133190021493D+01  5.016648521889D+01  4.902389220735D+01  4.790374137355D+01
  4.680564104565D+01  4.572919679606D+01  4.467400331158D+01  4.363965132214D+01
  4.262571751963D+01  4.163177004712D+01  4.065735695486D+01  3.970201177132D+01
  3.876524142920D+01
N_07 POTENTIAL                      exc: Vosko,Wilk,Nusair      
  1.76095821  6.66250000  1.77099661
   7.00000
   2.05765   0.8007132962   0.8498771557
353
 0.25000000D-01 0.31020338D-03
 2 1
    0  -2.69998930000D+01
    0  -4.29582100000D-01
  2.602658830528D+01  2.602697969174D+01  2.602738061221D+01  2.602781710816D+01
  2.602826954667D+01  2.602873568573D+01  2.602921432629D+01  2.602970587275D+01
  2.603020989093D+01  2.603072708897D+01  2.603125718092D+01  2.603180095945D+01
  2.603235819352D+01  2.603292971547D+01  2.603351532558D+01  2.603411588272D+01
  2.603473121084D+01  2.603536219072D+01  2.603600866724D+01  2.603667154150D+01
  2.603735067837D+01  2.603804699883D+01  2.603876038768D+01  2.603949178594D+01
  2.604024109861D+01  2.604100928719D+01  2.604179627743D+01  2.604260305188D+01
  2.604342955771D+01  2.604427679922D+01  2.604514474574D+01  2.604603442411D+01
  2.604694582660D+01  2.604788000343D+01  2.604883697066D+01  2.604981780273D+01
  2.605082254038D+01  2.605185228318D+01  2.605290709762D+01  2.605398811244D+01
  2.605509580649D+01  2.605623093628D+01  2.605739362240D+01  2.605858504562D+01
  2.605980535486D+01  2.606105575973D+01  2.606233643848D+01  2.606364863053D+01
  2.606499254443D+01  2.606636945037D+01  2.606777958818D+01  2.606922425980D+01
  2.607070373730D+01  2.607221935531D+01  2.607377141907D+01  2.607536129688D+01
  2.607698932807D+01  2.607865691549D+01  2.608036443347D+01  2.608211332027D+01
  2.608390398607D+01  2.608573790539D+01  2.608761552506D+01  2.608953835662D+01
  2.609150688428D+01  2.609352265730D+01  2.609558619796D+01  2.609769909385D+01
  2.609986190585D+01  2.610207626045D+01  2.610434275760D+01  2.610666306303D+01
  2.610903781613D+01  2.611146872217D+01  2.611395646013D+01  2.611650277492D+01
  2.611910838514D+01  2.612177507528D+01  2.612450360338D+01  2.612729579320D+01
  2.613015244183D+01  2.613307541178D+01  2.613606553852D+01  2.613912472251D+01
  2.614225383666D+01  2.614545481827D+01  2.614872857640D+01  2.615207708373D+01
  2.615550128382D+01  2.615900318287D+01  2.616258375688D+01  2.616624504325D+01
  2.616998804789D+01  2.617381483662D+01  2.617772644215D+01  2.618172495538D+01
  2.618581143218D+01  2.618998798454D+01  2.619425568718D+01  2.619861666851D+01
  2.620307201705D+01  2.620762387219D+01  2.621227333042D+01  2.621702253584D+01
  2.622187258611D+01  2.622682562282D+01  2.623188273710D+01  2.623704605973D+01
  2.624231666650D+01  2.624769666794D+01  2.625318711446D+01  2.625879008572D+01
  2.626450659537D+01  2.627033868010D+01  2.627628730404D+01  2.628235444733D+01
  2.628854101018D+01  2.629484890097D+01  2.630127893985D+01  2.630783294641D+01
  2.631451164273D+01  2.632131674060D+01  2.632824884398D+01  2.633530953569D+01
  2.634249927931D+01  2.634981950523D+01  2.635727051192D+01  2.636485355138D+01
  2.637256872968D+01  2.638041709173D+01  2.638839852111D+01  2.639651382404D+01
  2.640476262847D+01  2.641314546723D+01  2.642166167630D+01  2.643031147707D+01
  2.643909387370D+01  2.644800873454D+01  2.645705468848D+01  2.646623120538D+01
  2.647553649150D+01  2.648496956882D+01  2.649452816945D+01  2.650421081385D+01
  2.651401470414D+01  2.652393780121D+01  2.653397671683D+01  2.654412878958D+01
  2.655438997581D+01  2.656475692429D+01  2.657522486593D+01  2.658578968723D+01
  2.659644581867D+01  2.660718830690D+01  2.661801070185D+01  2.662890712758D+01
  2.663987016815D+01  2.665089293716D+01  2.666196696229D+01  2.667308425359D+01
  2.668423518678D+01  2.669541057028D+01  2.670659952728D+01  2.671779156163D+01
  2.672897443875D+01  2.674013625044D+01  2.675126329476D+01  2.676234213987D+01
  2.677335750304D+01  2.678429431371D+01  2.679513559172D+01  2.680586450982D+01
  2.681646227147D+01  2.682691017291D+01  2.683718748082D+01  2.684727349434D+01
  2.685714542287D+01  2.686678044841D+01  2.687615360388D+01  2.688523983625D+01
  2.689401188584D+01  2.690244235072D+01  2.691050156754D+01  2.691815967777D+01
  2.692538451069D+01  2.693214365216D+01  2.693840233041D+01  2.694412548808D+01
  2.694927567170D+01  2.695381510774D+01  2.695770359664D+01  2.696090059387D+01
  2.696336310940D+01  2.696504779482D+01  2.696590884930D+01  2.696590011378D+01
  2.696497298466D+01  2.696307851617D+01  2.696016534294D+01  2.695618179185D+01
  2.695107381468D+01  2.694478711075D+01  2.693726507096D+01  2.692845091244D+01
  2.691828563529D+01  2.690671017062D+01  2.689366335125D+01  2.687908407437D+01
  2.686290928743D+01  2.684507616660D+01  2.682552011904D+01  2.680417697820D+01
  2.678098102340D+01  2.675586719292D+01  2.672876912162D+01  2.669962137246D+01
  2.666835749268D+01  2.663491226403D+01  2.659921977768D+01  2.656121570305D+01
  2.652083538120D+01  2.647801611167D+01  2.643269526354D+01  2.638481257920D+01
  2.633430830159D+01  2.628112549318D+01  2.622520817727D+01  2.616650366971D+01
  2.610496073128D+01  2.604053190887D+01  2.597317169530D+01  2.590283887564D+01
  2.582949468984D+01  2.575310517914D+01  2.567363934587D+01  2.559107149383D+01
  2.550537937877D+01  2.541654653574D+01  2.532456041261D+01  2.522941467652D+01
  2.513110732208D+01  2.502964294807D+01  2.492503083117D+01  2.481728716333D+01
  2.470643308127D+01  2.459249685440D+01  2.447551185982D+01  2.435551871045D+01
  2.423256316477D+01  2.410669818532D+01  2.397798177263D+01  2.384647894285D+01
  2.371225947704D+01  2.357539980869D+01  2.343598067858D+01  2.329408892397D+01
  2.314981503147D+01  2.300325482102D+01  2.285450689094D+01  2.270367419212D+01
  2.255086136203D+01  2.239617618744D+01  2.223972682753D+01  2.208162316741D+01
  2.192197393512D+01  2.176088795353D+01  2.159847116230D+01  2.143482778339D+01
  2.127005726792D+01  2.110425540130D+01  2.093751120829D+01  2.076990803951D+01
  2.060152048710D+01  2.043241551789D+01  2.026264947996D+01  2.009226938062D+01
  1.992131010276D+01  1.974979596983D+01  1.957773833921D+01  1.940513764732D+01
  1.923198159739D+01  1.905824792103D+01  1.888390340605D+01  1.870890761310D+01
  1.853321295069D+01  1.835676949042D+01  1.817952612912D+01  1.800143639371D+01
  1.782246038860D+01  1.764257106084D+01  1.746175616139D+01  1.728002397555D+01
  1.709740413891D+01  1.691395161292D+01  1.672974521470D+01  1.654488893358D+01
  1.635950765332D+01  1.617374577460D+01  1.598776061550D+01  1.580171930022D+01
  1.561579115223D+01  1.543014434760D+01  1.524493879741D+01  1.506032389452D+01
  1.487643292639D+01  1.469338260669D+01  1.451126935519D+01  1.433017063549D+01
  1.415014287476D+01  1.397122420918D+01  1.379343354802D+01  1.361677419712D+01
  1.344123355018D+01  1.326678711700D+01  1.309339843026D+01  1.292102313482D+01
  1.274960883395D+01  1.257909902580D+01  1.240943272952D+01  1.224054815526D+01
  1.207238203378D+01  1.190487297340D+01  1.173796046963D+01  1.157158794296D+01
  1.140570143573D+01  1.124025234753D+01  1.107519584279D+01  1.091049331184D+01
  1.074611052048D+01  1.058201982958D+01  1.041819812012D+01  1.025462880490D+01
  1.009129956164D+01  9.928204168129D+00  9.765340072923D+00  9.602710080717D+00
  9.440319784757D+00  9.278179123142D+00  9.116299689719D+00  8.954696173717D+00
  8.793383556867D+00  8.632378438960D+00  8.471696118506D+00  8.311351796119D+00
  8.151357525534D+00  7.991723276872D+00  7.832453737294D+00  7.673549209925D+00
  7.515002240401D+00  7.356798379129D+00  7.198912461053D+00  7.041309403294D+00
  6.883940155183D+00
Vac0 POTENTIAL                      exc: Vosko,Wilk,Nusair      
  2.31897314  6.66250000  2.29182178
   0.00000
   2.53289   0.8007132962   0.8498771557
353
 0.25000000D-01 0.38184860D-03
 0 1
  7.879440466028D-01  7.879192712289D-01  7.878930506899D-01  7.878855546860D-01
  7.878812693223D-01  7.878795315777D-01  7.878780185595D-01  7.878780565566D-01
  7.878778954027D-01  7.878790861275D-01  7.878799860391D-01  7.878822056954D-01
  7.878841398832D-01  7.878874257550D-01  7.878904791529D-01  7.878949556280D-01
  7.878992883848D-01  7.879051504734D-01  7.879109934544D-01  7.879185102727D-01
  7.879261744372D-01  7.879357034724D-01  7.879455986909D-01  7.879576092283D-01
  7.879702725800D-01  7.879853793892D-01  7.880015148539D-01  7.880205246822D-01
  7.880410576964D-01  7.880650331752D-01  7.880911852155D-01  7.881215320529D-01
  7.881549227199D-01  7.881935091395D-01  7.882362959955D-01  7.882856165671D-01
  7.883406852105D-01  7.884039857781D-01  7.884684917236D-01  7.884958883701D-01
  7.884679801239D-01  7.884423321926D-01  7.884172244522D-01  7.883941775174D-01
  7.883714896599D-01  7.883506978135D-01  7.883301147727D-01  7.883112904274D-01
  7.882925491532D-01  7.882754512316D-01  7.882583303725D-01  7.882427552602D-01
  7.882270671966D-01  7.882128417280D-01  7.881984263807D-01  7.881854023432D-01
  7.881721222830D-01  7.881601720729D-01  7.881479086459D-01  7.881369217887D-01
  7.881255720135D-01  7.881154523814D-01  7.881049264234D-01  7.880955899750D-01
  7.880858091159D-01  7.880771820389D-01  7.880680769981D-01  7.880600941972D-01
  7.880516037501D-01  7.880442075859D-01  7.880362774190D-01  7.880294166656D-01
  7.880219984204D-01  7.880156273867D-01  7.880086778580D-01  7.880027556540D-01
  7.879962361108D-01  7.879907260230D-01  7.879846016376D-01  7.879794706009D-01
  7.879737099582D-01  7.879689281021D-01  7.879635027817D-01  7.879590430482D-01
  7.879539272668D-01  7.879497650698D-01  7.879449353692D-01  7.879410483112D-01
  7.879364832911D-01  7.879328509107D-01  7.879285309932D-01  7.879251345453D-01
  7.879210417725D-01  7.879178640396D-01  7.879139818925D-01  7.879110070143D-01
  7.879073202535D-01  7.879045335798D-01  7.879010281088D-01  7.878984160645D-01
  7.878950788025D-01  7.878926287727D-01  7.878894475436D-01  7.878871477662D-01
  7.878841111988D-01  7.878819506709D-01  7.878790481081D-01  7.878770164974D-01
  7.878742379132D-01  7.878723254820D-01  7.878696614072D-01  7.878678589372D-01
  7.878653003891D-01  7.878635991160D-01  7.878611375334D-01  7.878595290841D-01
  7.878571562670D-01  7.878556326006D-01  7.878533406527D-01  7.878518940040D-01
  7.878496752777D-01  7.878482981038D-01  7.878461451475D-01  7.878448300750D-01
  7.878427355814D-01  7.878414753562D-01  7.878394321112D-01  7.878382195468D-01
  7.878362203790D-01  7.878350483061D-01  7.878330860356D-01  7.878319472509D-01
  7.878300146377D-01  7.878289018506D-01  7.878269915413D-01  7.878258973213D-01
  7.878240017929D-01  7.878229185119D-01  7.878210300160D-01  7.878199497895D-01
  7.878180602904D-01  7.878169749153D-01  7.878150760263D-01  7.878139769147D-01
  7.878120598289D-01  7.878109379373D-01  7.878089933552D-01  7.878078391080D-01
  7.878058571577D-01  7.878046603654D-01  7.878026305174D-01  7.878013802877D-01
  7.877992912625D-01  7.877979759035D-01  7.877958155709D-01  7.877944224862D-01
  7.877921777548D-01  7.877906933283D-01  7.877883500264D-01  7.877867594973D-01
  7.877843022404D-01  7.877825895652D-01  7.877800016127D-01  7.877781493144D-01
  7.877754124114D-01  7.877734014131D-01  7.877704956159D-01  7.877683050597D-01
  7.877652085453D-01  7.877628155905D-01  7.877595044457D-01  7.877568840487D-01
  7.877533320384D-01  7.877504567087D-01  7.877466350204D-01  7.877434745528D-01
  7.877393515147D-01  7.877358726933D-01  7.877314134636D-01  7.877275797353D-01
  7.877227459595D-01  7.877185170738D-01  7.877132665062D-01  7.877085981176D-01
  7.877028842035D-01  7.876977274330D-01  7.876914988475D-01  7.876857997974D-01
  7.876789999363D-01  7.876726991552D-01  7.876652655723D-01  7.876582974640D-01
  7.876501612500D-01  7.876424534204D-01  7.876335385163D-01  7.876250110521D-01
  7.876152334912D-01  7.876057981629D-01  7.875950652327D-01  7.875846246140D-01
  7.875728339311D-01  7.875612804257D-01  7.875483189125D-01  7.875355336791D-01
  7.875212764338D-01  7.875071281980D-01  7.874914372455D-01  7.874757809866D-01
  7.874585038981D-01  7.874411793982D-01  7.874221477658D-01  7.874029780059D-01
  7.873820057567D-01  7.873607951442D-01  7.873376766767D-01  7.873142090867D-01
  7.872887172112D-01  7.872627538208D-01  7.872346374833D-01  7.872059143784D-01
  7.871748961440D-01  7.871431216741D-01  7.871088949456D-01  7.870737467990D-01
  7.870359727427D-01  7.869970947143D-01  7.869553988607D-01  7.869123972782D-01
  7.868663657653D-01  7.868188055389D-01  7.867679809581D-01  7.867153812130D-01
  7.866592580169D-01  7.866010872647D-01  7.865391066899D-01  7.864747774899D-01
  7.864063219434D-01  7.863351849994D-01  7.862595718511D-01  7.861809094844D-01
  7.860973842033D-01  7.860104031343D-01  7.859181316979D-01  7.858219550641D-01
  7.857200155637D-01  7.856136740905D-01  7.855010474464D-01  7.853834696828D-01
  7.852590293738D-01  7.851290308902D-01  7.849915315922D-01  7.848478030300D-01
  7.846958680465D-01  7.845369618962D-01  7.843690692489D-01  7.841933852182D-01
  7.840078522551D-01  7.838136210756D-01  7.836085874333D-01  7.833938529346D-01
  7.831672616770D-01  7.829298609399D-01  7.826794376732D-01  7.824169790504D-01
  7.821402087908D-01  7.818500475598D-01  7.815441491060D-01  7.812233604913D-01
  7.808852580221D-01  7.805306072907D-01  7.801568988768D-01  7.797648081775D-01
  7.793517308545D-01  7.789182424276D-01  7.784616334374D-01  7.779823687751D-01
  7.774776225271D-01  7.769477370094D-01  7.763897572557D-01  7.758038897210D-01
  7.751870363691D-01  7.745392530034D-01  7.738572829049D-01  7.731410147420D-01
  7.723870157003D-01  7.715949889158D-01  7.707613060305D-01  7.698854640827D-01
  7.689636174091D-01  7.679950339155D-01  7.669756262330D-01  7.659044072761D-01
  7.647770205424D-01  7.635921948477D-01  7.623452736365D-01  7.610346687590D-01
  7.596553886323D-01  7.582054908950D-01  7.566796092223D-01  7.550754046552D-01
  7.533870908287D-01  7.516118837233D-01  7.497435250076D-01  7.477787298956D-01
  7.457107082316D-01  7.435356100562D-01  7.412460439663D-01  7.388375198886D-01
  7.363019641249D-01  7.336341586983D-01  7.308252523407D-01  7.278691956024D-01
  7.247562468400D-01  7.214794020612D-01  7.180278947176D-01  7.143936189730D-01
  7.105646217810D-01  7.065315179063D-01  7.022809723522D-01  6.978021050015D-01
  6.930799609319D-01  6.881019019501D-01  6.828510616557D-01  6.773127203858D-01
  6.714677410186D-01  6.652989228694D-01  6.587844131103D-01  6.519040339014D-01
  6.446326628654D-01  6.369465261178D-01  6.288165393788D-01  6.202145574734D-01
  6.111066652755D-01  6.014593715532D-01  5.912328358692D-01  5.803869911970D-01
  5.688746889940D-01  5.566477306440D-01  5.436499080146D-01  5.298229183561D-01
  5.150992716570D-01  4.994080571193D-01  4.826676815798D-01  4.647914483699D-01
  4.456800834885D-01  4.252270793843D-01  4.033109626647D-01  3.798003441101D-01
  3.545458714801D-01  3.273851013113D-01  2.981335568732D-01  2.665898854607D-01
  2.325261924884D-01
Vac0 POTENTIAL                      exc: Vosko,Wilk,Nusair      
  1.76095821  6.66250000  1.77099661
   0.00000
   2.05765   0.8007132962   0.8498771557
353
 0.25000000D-01 0.31020338D-03
 0 1
  5.909177493939D-01  5.908796617632D-01  5.908402141182D-01  5.908282649186D-01
  5.908216281518D-01  5.908176723247D-01  5.908145501067D-01  5.908125940685D-01
  5.908107980417D-01  5.908098194033D-01  5.908088029864D-01  5.908084858912D-01
  5.908080594076D-01  5.908082898482D-01  5.908083882247D-01  5.908091351225D-01
  5.908097525174D-01  5.908110299710D-01  5.908121972706D-01  5.908140511761D-01
  5.908158284094D-01  5.908183326900D-01  5.908208079367D-01  5.908240655244D-01
  5.908273576561D-01  5.908315047770D-01  5.908357691677D-01  5.908409824999D-01
  5.908464196708D-01  5.908529266088D-01  5.908597943340D-01  5.908678871117D-01
  5.908765168215D-01  5.908865715069D-01  5.908973902577D-01  5.909098922365D-01
  5.909234518990D-01  5.909390124961D-01  5.909545544791D-01  5.909600591738D-01
  5.909515696451D-01  5.909439080037D-01  5.909362611017D-01  5.909293821820D-01
  5.909224636097D-01  5.909162635203D-01  5.909099786209D-01  5.909043709361D-01
  5.908986406466D-01  5.908935528906D-01  5.908883106507D-01  5.908836815816D-01
  5.908788709466D-01  5.908746484631D-01  5.908702212559D-01  5.908663607404D-01
  5.908622755835D-01  5.908587386072D-01  5.908549597610D-01  5.908517130402D-01
  5.908482094701D-01  5.908452240285D-01  5.908419686483D-01  5.908392191424D-01
  5.908361882058D-01  5.908336523608D-01  5.908308249582D-01  5.908284831200D-01
  5.908258407565D-01  5.908236755100D-01  5.908212017697D-01  5.908191976232D-01
  5.908168778747D-01  5.908150209987D-01  5.908128421585D-01  5.908111201609D-01
  5.908090704841D-01  5.908074722268D-01  5.908055411387D-01  5.908040565724D-01
  5.908022345177D-01  5.908008545497D-01  5.907991328665D-01  5.907978492407D-01
  5.907962200530D-01  5.907950252491D-01  5.907934813707D-01  5.907923685161D-01
  5.907909033700D-01  5.907898661641D-01  5.907884737099D-01  5.907875063569D-01
  5.907861810273D-01  5.907852781758D-01  5.907840148228D-01  5.907831715151D-01
  5.907819653592D-01  5.907811769843D-01  5.907800235723D-01  5.907792858222D-01
  5.907781809847D-01  5.907774898211D-01  5.907764296392D-01  5.907757812546D-01
  5.907747620263D-01  5.907741528167D-01  5.907731710263D-01  5.907725975586D-01
  5.907716498507D-01  5.907711088389D-01  5.907701919901D-01  5.907696802679D-01
  5.907687911637D-01  5.907683056619D-01  5.907674412722D-01  5.907669789943D-01
  5.907661363510D-01  5.907656943516D-01  5.907648705262D-01  5.907644458884D-01
  5.907636379693D-01  5.907632277826D-01  5.907624328554D-01  5.907620341937D-01
  5.907612493154D-01  5.907608592148D-01  5.907600813938D-01  5.907596968286D-01
  5.907589230003D-01  5.907585408602D-01  5.907577678619D-01  5.907573849260D-01
  5.907566094723D-01  5.907562223834D-01  5.907554410381D-01  5.907550462745D-01
  5.907542554224D-01  5.907538492673D-01  5.907530450828D-01  5.907526235934D-01
  5.907518020076D-01  5.907513609802D-01  5.907505176445D-01  5.907500525764D-01
  5.907491828243D-01  5.907486888737D-01  5.907477876777D-01  5.907472596200D-01
  5.907463215456D-01  5.907457537242D-01  5.907447728798D-01  5.907441591538D-01
  5.907431291351D-01  5.907424628216D-01  5.907413766510D-01  5.907406504614D-01
  5.907395005218D-01  5.907387064922D-01  5.907374844535D-01  5.907366138679D-01
  5.907353106074D-01  5.907343539136D-01  5.907329594266D-01  5.907319061432D-01
  5.907304094459D-01  5.907292480602D-01  5.907276370824D-01  5.907263549371D-01
  5.907246164035D-01  5.907231995727D-01  5.907213188726D-01  5.907197520242D-01
  5.907177130664D-01  5.907159793111D-01  5.907137643659D-01  5.907118450892D-01
  5.907094346118D-01  5.907073092902D-01  5.907046817271D-01  5.907023277236D-01
  5.906994592982D-01  5.906968516373D-01  5.906937161132D-01  5.906908272324D-01
  5.906873956521D-01  5.906841951268D-01  5.906804355229D-01  5.906768897632D-01
  5.906727668392D-01  5.906688387540D-01  5.906643135319D-01  5.906599621590D-01
  5.906549915898D-01  5.906501716858D-01  5.906447082189D-01  5.906393698070D-01
  5.906333609147D-01  5.906274487848D-01  5.906208364362D-01  5.906142895920D-01
  5.906070096727D-01  5.905997607209D-01  5.905917423903D-01  5.905837168658D-01
  5.905748818478D-01  5.905659974674D-01  5.905562592656D-01  5.905464251034D-01
  5.905356881346D-01  5.905248037106D-01  5.905129623461D-01  5.905009166183D-01
  5.904878541247D-01  5.904745243754D-01  5.904601117435D-01  5.904453623485D-01
  5.904294569986D-01  5.904131380655D-01  5.903955824166D-01  5.903775282803D-01
  5.903581481677D-01  5.903381757270D-01  5.903167786530D-01  5.902946855308D-01
  5.902710587311D-01  5.902466212410D-01  5.902205295456D-01  5.901935004435D-01
  5.901646839124D-01  5.901347899093D-01  5.901029612177D-01  5.900699002304D-01
  5.900347417769D-01  5.899981798866D-01  5.899593405947D-01  5.899189086838D-01
  5.898760004650D-01  5.898312904964D-01  5.897838843370D-01  5.897344452388D-01
  5.896820668710D-01  5.896273999834D-01  5.895695250968D-01  5.895090791345D-01
  5.894451280763D-01  5.893782935539D-01  5.893076254647D-01  5.892337285274D-01
  5.891556348507D-01  5.890739304453D-01  5.889876277423D-01  5.888972920571D-01
  5.888019140518D-01  5.887020361456D-01  5.885966249154D-01  5.884861974465D-01
  5.883696936648D-01  5.882476026210D-01  5.881188347471D-01  5.879838480662D-01
  5.878415203655D-01  5.876922753233D-01  5.875349545881D-01  5.873699438146D-01
  5.871960446385D-01  5.870136006102D-01  5.868213690537D-01  5.866196468869D-01
  5.864071423506D-01  5.861841007026D-01  5.859491758021D-01  5.857025556620D-01
  5.854428338730D-01  5.851701349966D-01  5.848829858096D-01  5.845814405199D-01
  5.842639518092D-01  5.839304958504D-01  5.835794431237D-01  5.832106832117D-01
  5.828224953614D-01  5.824146730283D-01  5.819853941529D-01  5.815343454225D-01
  5.810595922259D-01  5.805607025954D-01  5.800356167990D-01  5.794837709202D-01
  5.789029660395D-01  5.782924914034D-01  5.776499931393D-01  5.769745969574D-01
  5.762637763336D-01  5.755164746784D-01  5.747299729123D-01  5.739030110234D-01
  5.730326549462D-01  5.721174174160D-01  5.711541240468D-01  5.701410333715D-01
  5.690747019953D-01  5.679531036909D-01  5.667724934775D-01  5.655305256139D-01
  5.642231164242D-01  5.628475609982D-01  5.613993945470D-01  5.598755075786D-01
  5.582710055196D-01  5.565823220825D-01  5.548040768296D-01  5.529321863826D-01
  5.509607195310D-01  5.488850058501D-01  5.466984878599D-01  5.443958265131D-01
  5.419697497889D-01  5.394141543755D-01  5.367209499281D-01  5.338831560967D-01
  5.308917414781D-01  5.277387149148D-01  5.244139579145D-01  5.209083088573D-01
  5.172103873246D-01  5.133096694764D-01  5.091933023038D-01  5.048491679523D-01
  5.002626853535D-01  4.954198606401D-01  4.903040728855D-01  4.848991069283D-01
  4.791859190022D-01  4.731456472049D-01  4.667563515553D-01  4.599959959201D-01
  4.528391553988D-01  4.452599616493D-01  4.372287683437D-01  4.287150493646D-01
  4.196840102341D-01  4.100994253991D-01  3.999201797868D-01  3.891030271550D-01
  3.775990410408D-01  3.653562701158D-01  3.523160737007D-01  3.384156398586D-01
  3.235841675875D-01  3.077453329957D-01  2.908128544106D-01  2.726933012848D-01
  2.532810506750D-01
