In49 POTENTIAL                      exc: Vosko,Wilk,Nusair      
  2.31897314  6.66250000  2.29182178
  49.00000
   2.53289   0.8007024038   0.8498775986
353
 0.25000000D-01 0.38184860D-03
 9 1
    0  -1.96656160000D+03
    0  -2.87428550000D+02
    0  -5.37136240000D+01
    0  -7.39818510000D+00
    1  -2.68528840000D+02
    1  -4.59639090000D+01
    1  -4.86454470000D+00
    2  -3.15522220000D+01
    2  -7.38539920000D-01
  4.724941001693D+02  4.725211480363D+02  4.725488123306D+02  4.725770992043D+02
  4.726060174847D+02  4.726355812034D+02  4.726658001173D+02  4.726966883666D+02
  4.727282559383D+02  4.727605171082D+02  4.727934820223D+02  4.728271650581D+02
  4.728615764688D+02  4.728967306938D+02  4.729326380419D+02  4.729693129663D+02
  4.730067657747D+02  4.730450108783D+02  4.730840585199D+02  4.731239230037D+02
  4.731646144365D+02  4.732061469407D+02  4.732485304062D+02  4.732917786891D+02
  4.733359013712D+02  4.733809119467D+02  4.734268195865D+02  4.734736373147D+02
  4.735213737765D+02  4.735700414046D+02  4.736196481895D+02  4.736702058366D+02
  4.737217215379D+02  4.737742061200D+02  4.738276658158D+02  4.738821104046D+02
  4.739375449822D+02  4.739939780928D+02  4.740514134979D+02  4.741098582993D+02
  4.741693147139D+02  4.742297881631D+02  4.742912790617D+02  4.743537909153D+02
  4.744173220797D+02  4.744818738583D+02  4.745474422565D+02  4.746140260703D+02
  4.746816186357D+02  4.747502159075D+02  4.748198082033D+02  4.748903882721D+02
  4.749619430322D+02  4.750344616299D+02  4.751079271700D+02  4.751823247641D+02
  4.752576332538D+02  4.753338332482D+02  4.754108988387D+02  4.754888056256D+02
  4.755675224243D+02  4.756470192805D+02  4.757272591672D+02  4.758082059885D+02
  4.758898162667D+02  4.759720471348D+02  4.760548480135D+02  4.761381685919D+02
  4.762219504938D+02  4.763061352478D+02  4.763906559425D+02  4.764754451844D+02
  4.765604267443D+02  4.766455235024D+02  4.767306490854D+02  4.768157158005D+02
  4.769006262623D+02  4.769852813175D+02  4.770695716617D+02  4.771533857550D+02
  4.772366014314D+02  4.773190938048D+02  4.774007268722D+02  4.774813614132D+02
  4.775608465871D+02  4.776390278278D+02  4.777157384376D+02  4.777908074790D+02
  4.778640513679D+02  4.779352817652D+02  4.780042971718D+02  4.780708908233D+02
  4.781348422907D+02  4.781959253815D+02  4.782538997501D+02  4.783085188100D+02
  4.783595213581D+02  4.784066395031D+02  4.784495903091D+02  4.784880837455D+02
  4.785218143563D+02  4.785504692376D+02  4.785737197388D+02  4.785912294754D+02
  4.786026460693D+02  4.786076092037D+02  4.786057424113D+02  4.785966611801D+02
  4.785799647968D+02  4.785552445129D+02  4.785220754529D+02  4.784800248495D+02
  4.784286440263D+02  4.783674767116D+02  4.782960511060D+02  4.782138882844D+02
  4.781204943575D+02  4.780153689727D+02  4.778979975791D+02  4.777678600364D+02
  4.776244229922D+02  4.774671486076D+02  4.772954870554D+02  4.771088853694D+02
  4.769067800696D+02  4.766886061416D+02  4.764537897932D+02  4.762017575669D+02
  4.759319292300D+02  4.756437270203D+02  4.753365686687D+02  4.750098767737D+02
  4.746630719515D+02  4.742955823313D+02  4.739068368213D+02  4.734962747120D+02
  4.730633390410D+02  4.726074862849D+02  4.721281797987D+02  4.716248995696D+02
  4.710971357001D+02  4.705443981878D+02  4.699662104142D+02  4.693621189055D+02
  4.687316867785D+02  4.680745034313D+02  4.673901778882D+02  4.666783483573D+02
  4.659386754094D+02  4.651708513322D+02  4.643745930676D+02  4.635496512850D+02
  4.626958029964D+02  4.618128602648D+02  4.609006624115D+02  4.599590842745D+02
  4.589880279226D+02  4.579874303798D+02  4.569572547674D+02  4.558974974197D+02
  4.548081783873D+02  4.536893478875D+02  4.525410761321D+02  4.513634590841D+02
  4.501566075972D+02  4.489206525101D+02  4.476557331494D+02  4.463620018432D+02
  4.450396119162D+02  4.436887217958D+02  4.423094827264D+02  4.409020427514D+02
  4.394665344933D+02  4.380030794231D+02  4.365117761856D+02  4.349927057016D+02
  4.334459206413D+02  4.318714520131D+02  4.302693004689D+02  4.286394450678D+02
  4.269818370729D+02  4.252964114739D+02  4.235830837330D+02  4.218417643335D+02
  4.200723584865D+02  4.182747833972D+02  4.164489702454D+02  4.145948830656D+02
  4.127125214659D+02  4.108019391806D+02  4.088632452490D+02  4.068966197441D+02
  4.049023108625D+02  4.028806454253D+02  4.008320198433D+02  3.987569039346D+02
  3.966558250652D+02  3.945293654626D+02  3.923781406291D+02  3.902027921150D+02
  3.880039628987D+02  3.857822888378D+02  3.835383745082D+02  3.812727868287D+02
  3.789860346102D+02  3.766785671518D+02  3.743507596888D+02  3.720029184553D+02
  3.696352728079D+02  3.672479868417D+02  3.648411576565D+02  3.624148324696D+02
  3.599690115535D+02  3.575036690700D+02  3.550187587020D+02  3.525142361224D+02
  3.499900652021D+02  3.474462400263D+02  3.448827896752D+02  3.422997979108D+02
  3.396974047990D+02  3.370758225280D+02  3.344353325539D+02  3.317762964427D+02
  3.290991476950D+02  3.264043970608D+02  3.236926187983D+02  3.209644505639D+02
  3.182205745885D+02  3.154617130514D+02  3.126886055118D+02  3.099020016153D+02
  3.071026371628D+02  3.042912269763D+02  3.014684429303D+02  2.986349107178D+02
  2.957911937997D+02  2.929377980286D+02  2.900751651277D+02  2.872036879906D+02
  2.843237151879D+02  2.814355765745D+02  2.785395961154D+02  2.756361224975D+02
  2.727255424778D+02  2.698083067906D+02  2.668849334952D+02  2.639560193548D+02
  2.610222257413D+02  2.580842719095D+02  2.551429046629D+02  2.521988795772D+02
  2.492529244928D+02  2.463057211978D+02  2.433578757724D+02  2.404099124075D+02
  2.374622594894D+02  2.345152608487D+02  2.315691791330D+02  2.286242226640D+02
  2.256805616208D+02  2.227383642304D+02  2.197978184953D+02  2.168591702006D+02
  2.139227429595D+02  2.109889714131D+02  2.080584138628D+02  2.051317759405D+02
  2.022099121197D+02  1.992938371822D+02  1.963847148734D+02  1.934838563991D+02
  1.905926963384D+02  1.877127790027D+02  1.848457232507D+02  1.819931990421D+02
  1.791568841519D+02  1.763384346316D+02  1.735394378324D+02  1.707613819919D+02
  1.680056117114D+02  1.652733038994D+02  1.625654341737D+02  1.598827689335D+02
  1.572258535671D+02  1.545950319619D+02  1.519904667958D+02  1.494121932627D+02
  1.468601712966D+02  1.443343626800D+02  1.418347910367D+02  1.393616053281D+02
  1.369151031721D+02  1.344957391254D+02  1.321040849785D+02  1.297407812436D+02
  1.274064594973D+02  1.251016815980D+02  1.228268748307D+02  1.205823023269D+02
  1.183680384122D+02  1.161839794037D+02  1.140298533005D+02  1.119052557932D+02
  1.098096755122D+02  1.077425370258D+02  1.057032263376D+02  1.036911293112D+02
  1.017056495503D+02  9.974623747815D+01  9.781239823050D+01  9.590371082458D+01
  9.401982665178D+01  9.216048014268D+01  9.032547978725D+01  8.851471245614D+01
  8.672812922636D+01  8.496574563111D+01  8.322762447874D+01  8.151387407676D+01
  7.982462990944D+01  7.816005249484D+01  7.652030935997D+01  7.490557374377D+01
  7.331600786004D+01  7.175176322185D+01  7.021296576856D+01  6.869971820595D+01
  6.721208723254D+01  6.575010799452D+01  6.431377340047D+01  6.290304059412D+01
  6.151782219903D+01  6.015799460918D+01  5.882339093829D+01  5.751381088490D+01
  5.622901512387D+01  5.496873644873D+01  5.373267524746D+01  5.252051146543D+01
  5.133190057063D+01  5.016648557572D+01  4.902389256603D+01  4.790374173483D+01
  4.680564141025D+01  4.572919716459D+01  4.467400368447D+01  4.363965169959D+01
  4.262571790157D+01  4.163177043321D+01  4.065735734447D+01  3.970201216357D+01
  3.876524182299D+01
N_07 POTENTIAL                      exc: Vosko,Wilk,Nusair      
  1.76095821  6.66250000  1.77099661
   7.00000
   2.05765   0.8007024038   0.8498775986
353
 0.25000000D-01 0.31020338D-03
 2 1
    0  -2.69998930000D+01
    0  -4.29582100000D-01
  2.602658842069D+01  2.602697980727D+01  2.602738072788D+01  2.602781722389D+01
  2.602826966246D+01  2.602873580157D+01  2.602921444218D+01  2.602970598869D+01
  2.603021000691D+01  2.603072720501D+01  2.603125729700D+01  2.603180107559D+01
  2.603235830970D+01  2.603292983170D+01  2.603351544187D+01  2.603411599906D+01
  2.603473132723D+01  2.603536230717D+01  2.603600878375D+01  2.603667165806D+01
  2.603735079499D+01  2.603804711551D+01  2.603876050443D+01  2.603949190274D+01
  2.604024121549D+01  2.604100940413D+01  2.604179639444D+01  2.604260316895D+01
  2.604342967485D+01  2.604427691643D+01  2.604514486303D+01  2.604603454147D+01
  2.604694594405D+01  2.604788012095D+01  2.604883708826D+01  2.604981792041D+01
  2.605082265815D+01  2.605185240103D+01  2.605290721556D+01  2.605398823047D+01
  2.605509592462D+01  2.605623105450D+01  2.605739374072D+01  2.605858516403D+01
  2.605980547337D+01  2.606105587834D+01  2.606233655720D+01  2.606364874936D+01
  2.606499266337D+01  2.606636956942D+01  2.606777970735D+01  2.606922437908D+01
  2.607070385670D+01  2.607221947483D+01  2.607377153872D+01  2.607536141665D+01
  2.607698944798D+01  2.607865703553D+01  2.608036455364D+01  2.608211344058D+01
  2.608390410653D+01  2.608573802600D+01  2.608761564581D+01  2.608953847752D+01
  2.609150700534D+01  2.609352277852D+01  2.609558631934D+01  2.609769921539D+01
  2.609986202757D+01  2.610207638234D+01  2.610434287966D+01  2.610666318527D+01
  2.610903793855D+01  2.611146884478D+01  2.611395658293D+01  2.611650289791D+01
  2.611910850833D+01  2.612177519867D+01  2.612450372698D+01  2.612729591701D+01
  2.613015256585D+01  2.613307553602D+01  2.613606566298D+01  2.613912484719D+01
  2.614225396158D+01  2.614545494342D+01  2.614872870179D+01  2.615207720936D+01
  2.615550140970D+01  2.615900330899D+01  2.616258388326D+01  2.616624516989D+01
  2.616998817479D+01  2.617381496379D+01  2.617772656959D+01  2.618172508309D+01
  2.618581156018D+01  2.618998811282D+01  2.619425581575D+01  2.619861679736D+01
  2.620307214620D+01  2.620762400164D+01  2.621227346018D+01  2.621702266590D+01
  2.622187271649D+01  2.622682575350D+01  2.623188286811D+01  2.623704619105D+01
  2.624231679814D+01  2.624769679991D+01  2.625318724676D+01  2.625879021835D+01
  2.626450672833D+01  2.627033881340D+01  2.627628743767D+01  2.628235458130D+01
  2.628854114449D+01  2.629484903562D+01  2.630127907484D+01  2.630783308173D+01
  2.631451177839D+01  2.632131687659D+01  2.632824898031D+01  2.633530967236D+01
  2.634249941631D+01  2.634981964256D+01  2.635727064958D+01  2.636485368936D+01
  2.637256886798D+01  2.638041723034D+01  2.638839866002D+01  2.639651396324D+01
  2.640476276796D+01  2.641314560700D+01  2.642166181635D+01  2.643031161737D+01
  2.643909401425D+01  2.644800887532D+01  2.645705482947D+01  2.646623134658D+01
  2.647553663288D+01  2.648496971037D+01  2.649452831113D+01  2.650421095566D+01
  2.651401484605D+01  2.652393794319D+01  2.653397685885D+01  2.654412893162D+01
  2.655439011783D+01  2.656475706626D+01  2.657522500781D+01  2.658578982898D+01
  2.659644596026D+01  2.660718844828D+01  2.661801084297D+01  2.662890726839D+01
  2.663987030861D+01  2.665089307720D+01  2.666196710185D+01  2.667308439261D+01
  2.668423532519D+01  2.669541070802D+01  2.670659966427D+01  2.671779169779D+01
  2.672897457400D+01  2.674013638469D+01  2.675126342791D+01  2.676234227183D+01
  2.677335763371D+01  2.678429444297D+01  2.679513571947D+01  2.680586463594D+01
  2.681646239582D+01  2.682691029537D+01  2.683718760125D+01  2.684727361260D+01
  2.685714553880D+01  2.686678056185D+01  2.687615371466D+01  2.688523994420D+01
  2.689401199078D+01  2.690244245245D+01  2.691050166586D+01  2.691815977248D+01
  2.692538460158D+01  2.693214373898D+01  2.693840241294D+01  2.694412556607D+01
  2.694927574489D+01  2.695381517586D+01  2.695770365942D+01  2.696090065101D+01
  2.696336316061D+01  2.696504783978D+01  2.696590888770D+01  2.696590014528D+01
  2.696497300891D+01  2.696307853281D+01  2.696016535159D+01  2.695618179213D+01
  2.695107380620D+01  2.694478709310D+01  2.693726504372D+01  2.692845087516D+01
  2.691828558754D+01  2.690671011192D+01  2.689366328115D+01  2.687908399237D+01
  2.686290919303D+01  2.684507605929D+01  2.682551999830D+01  2.680417684348D+01
  2.678098087417D+01  2.675586702861D+01  2.672876894168D+01  2.669962117629D+01
  2.666835727971D+01  2.663491203365D+01  2.659921952929D+01  2.656121543604D+01
  2.652083509495D+01  2.647801580556D+01  2.643269493694D+01  2.638481223149D+01
  2.633430793213D+01  2.628112510134D+01  2.622520776243D+01  2.616650323124D+01
  2.610496026856D+01  2.604053142130D+01  2.597317118227D+01  2.590283833656D+01
  2.582949412413D+01  2.575310458625D+01  2.567363872524D+01  2.559107084496D+01
  2.550537870116D+01  2.541654582892D+01  2.532455967615D+01  2.522941391000D+01
  2.513110652515D+01  2.502964212040D+01  2.492502997247D+01  2.481728627337D+01
  2.470643215986D+01  2.459249590141D+01  2.447551087519D+01  2.435551769416D+01
  2.423256211687D+01  2.410669710594D+01  2.397798066195D+01  2.384647780114D+01
  2.371225830466D+01  2.357539860606D+01  2.343597944621D+01  2.329408766246D+01
  2.314981374151D+01  2.300325350338D+01  2.285450554650D+01  2.270367282183D+01
  2.255085996695D+01  2.239617476870D+01  2.223972538638D+01  2.208162170516D+01
  2.192197245317D+01  2.176088645337D+01  2.159846964549D+01  2.143482625155D+01
  2.127005572272D+01  2.110425384447D+01  2.093750964158D+01  2.076990646469D+01
  2.060151890594D+01  2.043241393215D+01  2.026264789135D+01  2.009226779079D+01
  1.992130851325D+01  1.974979438207D+01  1.957773675447D+01  1.940513606669D+01
  1.923198002172D+01  1.905824635093D+01  1.888390184185D+01  1.870890605480D+01
  1.853321139797D+01  1.835676794260D+01  1.817952458518D+01  1.800143485230D+01
  1.782245884807D+01  1.764256951926D+01  1.746175461666D+01  1.728002242541D+01
  1.709740258109D+01  1.691395004520D+01  1.672974363502D+01  1.654488734011D+01
  1.635950604454D+01  1.617374414937D+01  1.598775897310D+01  1.580171764033D+01
  1.561578947498D+01  1.543014265347D+01  1.524493708726D+01  1.506032216949D+01
  1.487643118788D+01  1.469338085627D+01  1.451126759455D+01  1.433016886641D+01
  1.415014109902D+01  1.397122242856D+01  1.379343176427D+01  1.361677241190D+01
  1.344123176509D+01  1.326678533356D+01  1.309339664988D+01  1.292102135884D+01
  1.274960706362D+01  1.257909726233D+01  1.240943097405D+01  1.224054640891D+01
  1.207238029767D+01  1.190487124865D+01  1.173795875740D+01  1.157158624445D+01
  1.140569975224D+01  1.124025068044D+01  1.107519419359D+01  1.091049168218D+01
  1.074610891212D+01  1.058201824447D+01  1.041819656036D+01  1.025462727275D+01
  1.009129805957D+01  9.928202698754D+00  9.765338639030D+00  9.602708685243D+00
  9.440318430777D+00  9.278177813840D+00  9.116298428365D+00  8.954694963629D+00
  8.793382401374D+00  8.632377341353D+00  8.471695081991D+00  8.311350823758D+00
  8.151356620186D+00  7.991722441127D+00  7.832452973409D+00  7.673548519753D+00
  7.515001625332D+00  7.356797840021D+00  7.198911998191D+00  7.041309016337D+00
  6.883939843154D+00
Vac0 POTENTIAL                      exc: Vosko,Wilk,Nusair      
  2.31897314  6.66250000  2.29182178
   0.00000
   2.53289   0.8007024038   0.8498775986
353
 0.25000000D-01 0.38184860D-03
 0 1
  7.879439154083D-01  7.879191410241D-01  7.878929214981D-01  7.878854258237D-01
  7.878811406187D-01  7.878794029585D-01  7.878778900341D-01  7.878779280800D-01
  7.878777669554D-01  7.878789576813D-01  7.878798575657D-01  7.878820772200D-01
  7.878840113711D-01  7.878872972030D-01  7.878903505377D-01  7.878948269484D-01
  7.878991596108D-01  7.879050215932D-01  7.879108644409D-01  7.879183811073D-01
  7.879260450952D-01  7.879355739229D-01  7.879454688996D-01  7.879574791665D-01
  7.879701421995D-01  7.879852486344D-01  7.880013836784D-01  7.880203930231D-01
  7.880409254722D-01  7.880649003032D-01  7.880910515955D-01  7.881213975737D-01
  7.881547872430D-01  7.881933725106D-01  7.882361580322D-01  7.882854770649D-01
  7.883405439159D-01  7.884038424138D-01  7.884683461996D-01  7.884957417164D-01
  7.884678339902D-01  7.884421865584D-01  7.884170792901D-01  7.883940328041D-01
  7.883713453719D-01  7.883505539312D-01  7.883299712749D-01  7.883111472991D-01
  7.882924063754D-01  7.882753087878D-01  7.882581882457D-01  7.882426134406D-01
  7.882269256669D-01  7.882127004799D-01  7.881982853973D-01  7.881852616206D-01
  7.881719818036D-01  7.881600318295D-01  7.881477686292D-01  7.881367819890D-01
  7.881254324206D-01  7.881153129922D-01  7.881047872258D-01  7.880954509638D-01
  7.880856702835D-01  7.880770433790D-01  7.880679385032D-01  7.880599558632D-01
  7.880514655686D-01  7.880440695539D-01  7.880361395303D-01  7.880292789154D-01
  7.880218608033D-01  7.880154898995D-01  7.880085404948D-01  7.880026184114D-01
  7.879960989843D-01  7.879905890096D-01  7.879844647327D-01  7.879793338009D-01
  7.879735732593D-01  7.879687915031D-01  7.879633662775D-01  7.879589066370D-01
  7.879537909439D-01  7.879496288343D-01  7.879447992174D-01  7.879409122416D-01
  7.879363472997D-01  7.879327149961D-01  7.879283951519D-01  7.879249987769D-01
  7.879209060730D-01  7.879177284087D-01  7.879138463258D-01  7.879108715126D-01
  7.879071848128D-01  7.879043981998D-01  7.879008927863D-01  7.878982807996D-01
  7.878949435916D-01  7.878924936161D-01  7.878893124381D-01  7.878870127122D-01
  7.878839761927D-01  7.878818157140D-01  7.878789131962D-01  7.878768816317D-01
  7.878741030905D-01  7.878721907029D-01  7.878695266693D-01  7.878677242401D-01
  7.878651657305D-01  7.878634644967D-01  7.878610029506D-01  7.878593945387D-01
  7.878570217562D-01  7.878554981253D-01  7.878532062100D-01  7.878517595951D-01
  7.878495409000D-01  7.878481637582D-01  7.878460108316D-01  7.878446957898D-01
  7.878426013244D-01  7.878413411286D-01  7.878392979106D-01  7.878380853741D-01
  7.878360862320D-01  7.878349141861D-01  7.878329519401D-01  7.878318131812D-01
  7.878298805916D-01  7.878287678295D-01  7.878268575425D-01  7.878257633466D-01
  7.878238678401D-01  7.878227845824D-01  7.878208961074D-01  7.878198159033D-01
  7.878179264246D-01  7.878168410714D-01  7.878149422020D-01  7.878138431119D-01
  7.878119260454D-01  7.878108041747D-01  7.878088596114D-01  7.878077053847D-01
  7.878057234528D-01  7.878045266808D-01  7.878024968511D-01  7.878012466414D-01
  7.877991576345D-01  7.877978422954D-01  7.877956819809D-01  7.877942889161D-01
  7.877920442030D-01  7.877905597966D-01  7.877882165131D-01  7.877866260044D-01
  7.877841687661D-01  7.877824561117D-01  7.877798681783D-01  7.877780159010D-01
  7.877752790176D-01  7.877732680411D-01  7.877703622642D-01  7.877681717304D-01
  7.877650752371D-01  7.877626823057D-01  7.877593711830D-01  7.877567508104D-01
  7.877531988233D-01  7.877503235192D-01  7.877465018554D-01  7.877433414149D-01
  7.877392184028D-01  7.877357396101D-01  7.877312804082D-01  7.877274467104D-01
  7.877226129644D-01  7.877183841113D-01  7.877131335757D-01  7.877084652222D-01
  7.877027513426D-01  7.876975946098D-01  7.876913660616D-01  7.876856670522D-01
  7.876788672316D-01  7.876725664945D-01  7.876651329558D-01  7.876581648952D-01
  7.876500287292D-01  7.876423209516D-01  7.876334061000D-01  7.876248786924D-01
  7.876151011888D-01  7.876056659224D-01  7.875949330550D-01  7.875844925038D-01
  7.875727018898D-01  7.875611484583D-01  7.875481870208D-01  7.875354018684D-01
  7.875211447062D-01  7.875069965593D-01  7.874913056981D-01  7.874756495369D-01
  7.874583725488D-01  7.874410481562D-01  7.874220166344D-01  7.874028469924D-01
  7.873818748651D-01  7.873606643824D-01  7.873375460491D-01  7.873140786019D-01
  7.872885868744D-01  7.872626236413D-01  7.872345074669D-01  7.872057845354D-01
  7.871747664809D-01  7.871429922019D-01  7.871087656720D-01  7.870736177358D-01
  7.870358438986D-01  7.869969661020D-01  7.869552704902D-01  7.869122691634D-01
  7.868662379173D-01  7.868186779728D-01  7.867678536864D-01  7.867152542523D-01
  7.866591313810D-01  7.866009609719D-01  7.865389807555D-01  7.864746519339D-01
  7.864061967829D-01  7.863350602563D-01  7.862594475445D-01  7.861807856381D-01
  7.860972608386D-01  7.860102802773D-01  7.859180093723D-01  7.858218332983D-01
  7.857198943841D-01  7.856135535283D-01  7.855009275308D-01  7.853833504480D-01
  7.852589108519D-01  7.851289131189D-01  7.849914146071D-01  7.848476868722D-01
  7.846957527554D-01  7.845368475167D-01  7.843689558247D-01  7.841932727984D-01
  7.840077408878D-01  7.838135108147D-01  7.836084783316D-01  7.833937450512D-01
  7.831671550700D-01  7.829297556740D-01  7.826793338122D-01  7.824168766651D-01
  7.821401079512D-01  7.818499483432D-01  7.815440515893D-01  7.812232647587D-01
  7.808851641580D-01  7.805305153868D-01  7.801568090253D-01  7.797647204785D-01
  7.793516454086D-01  7.789181593436D-01  7.784615528250D-01  7.779822907525D-01
  7.774775472136D-01  7.769476645331D-01  7.763896877462D-01  7.758038233169D-01
  7.751869732108D-01  7.745391932406D-01  7.738572266893D-01  7.731409622346D-01
  7.723869670646D-01  7.715949443248D-01  7.707612656596D-01  7.698854281171D-01
  7.689635860364D-01  7.679950073333D-01  7.669756046411D-01  7.659043908841D-01
  7.647770095622D-01  7.635921895007D-01  7.623452741460D-01  7.610346753576D-01
  7.596554015542D-01  7.582055103827D-01  7.566796355193D-01  7.550754380125D-01
  7.533871314974D-01  7.516119319610D-01  7.497435810706D-01  7.477787940452D-01
  7.457107807262D-01  7.435356911577D-01  7.412461339315D-01  7.388376189753D-01
  7.363020725838D-01  7.336342767784D-01  7.308253802809D-01  7.278693336369D-01
  7.247563951895D-01  7.214795609385D-01  7.180280643177D-01  7.143937994791D-01
  7.105648133546D-01  7.065317206924D-01  7.022811864697D-01  6.978023305479D-01
  6.930801979736D-01  6.881021505271D-01  6.828513217721D-01  6.773129920141D-01
  6.714680240901D-01  6.652992172788D-01  6.587847187062D-01  6.519043504913D-01
  6.446329902063D-01  6.369468639210D-01  6.288168873014D-01  6.202149151241D-01
  6.111070322060D-01  6.014597472647D-01  5.912332198048D-01  5.803873827495D-01
  5.688750874989D-01  5.566481353885D-01  5.436503182321D-01  5.298233332365D-01
  5.150996903431D-01  4.994084787184D-01  4.826681051623D-01  4.647918729826D-01
  4.456805081551D-01  4.252275031211D-01  4.033113844825D-01  3.798007630318D-01
  3.545462865445D-01  3.273855115851D-01  2.981339614702D-01  2.665902835408D-01
  2.325265832770D-01
Vac0 POTENTIAL                      exc: Vosko,Wilk,Nusair      
  1.76095821  6.66250000  1.77099661
   0.00000
   2.05765   0.8007024038   0.8498775986
353
 0.25000000D-01 0.31020338D-03
 0 1
  5.909184071418D-01  5.908803213417D-01  5.908408755746D-01  5.908289269677D-01
  5.908222904998D-01  5.908183348500D-01  5.908152127280D-01  5.908132568357D-01
  5.908114608904D-01  5.908104822899D-01  5.908094659098D-01  5.908091488523D-01
  5.908087223880D-01  5.908089528355D-01  5.908090512140D-01  5.908097980989D-01
  5.908104154673D-01  5.908116928781D-01  5.908128601379D-01  5.908147139793D-01
  5.908164911537D-01  5.908189953440D-01  5.908214704948D-01  5.908247279638D-01
  5.908280199631D-01  5.908321669325D-01  5.908364311469D-01  5.908416442834D-01
  5.908470812219D-01  5.908535879068D-01  5.908604553469D-01  5.908685477991D-01
  5.908771771404D-01  5.908872314130D-01  5.908980496929D-01  5.909105511465D-01
  5.909241102154D-01  5.909396701409D-01  5.909552114338D-01  5.909607158289D-01
  5.909522265470D-01  5.909445651384D-01  5.909369184558D-01  5.909300397485D-01
  5.909231213760D-01  5.909169214751D-01  5.909106367571D-01  5.909050292443D-01
  5.908992991201D-01  5.908942115195D-01  5.908889694278D-01  5.908843405025D-01
  5.908795300052D-01  5.908753076518D-01  5.908708805694D-01  5.908670201735D-01
  5.908629351322D-01  5.908593982669D-01  5.908556195278D-01  5.908523729079D-01
  5.908488694354D-01  5.908458840878D-01  5.908426287998D-01  5.908398793790D-01
  5.908368485278D-01  5.908343127633D-01  5.908314854388D-01  5.908291436758D-01
  5.908265013851D-01  5.908243362075D-01  5.908218625345D-01  5.908198584528D-01
  5.908175387681D-01  5.908156819517D-01  5.908135031700D-01  5.908117812285D-01
  5.908097316078D-01  5.908081334025D-01  5.908062023656D-01  5.908047178495D-01
  5.908028958425D-01  5.908015159210D-01  5.907997942825D-01  5.907985107004D-01
  5.907968815550D-01  5.907956867907D-01  5.907941429525D-01  5.907930301361D-01
  5.907915650275D-01  5.907905278580D-01  5.907891354382D-01  5.907881681185D-01
  5.907868428225D-01  5.907859400025D-01  5.907846766808D-01  5.907838334026D-01
  5.907826272766D-01  5.907818389295D-01  5.907806855454D-01  5.907799478218D-01
  5.907788430107D-01  5.907781518721D-01  5.907770917150D-01  5.907764433542D-01
  5.907754241494D-01  5.907748149618D-01  5.907738331940D-01  5.907732597474D-01
  5.907723120610D-01  5.907717710688D-01  5.907708542404D-01  5.907703425370D-01
  5.907694534523D-01  5.907689679685D-01  5.907681035968D-01  5.907676413362D-01
  5.907667987104D-01  5.907663567273D-01  5.907655329183D-01  5.907651082959D-01
  5.907643003931D-01  5.907638902211D-01  5.907630953089D-01  5.907626966614D-01
  5.907619117980D-01  5.907615217107D-01  5.907607439038D-01  5.907603593517D-01
  5.907595855370D-01  5.907592034094D-01  5.907584304244D-01  5.907580475005D-01
  5.907572720596D-01  5.907568849824D-01  5.907561036496D-01  5.907557088973D-01
  5.907549180572D-01  5.907545119133D-01  5.907537077406D-01  5.907532862622D-01
  5.907524646881D-01  5.907520236713D-01  5.907511803472D-01  5.907507152897D-01
  5.907498455491D-01  5.907493516091D-01  5.907484504246D-01  5.907479223773D-01
  5.907469843145D-01  5.907464165036D-01  5.907454356708D-01  5.907448219556D-01
  5.907437919486D-01  5.907431256461D-01  5.907420394873D-01  5.907413133089D-01
  5.907401633815D-01  5.907393693633D-01  5.907381473373D-01  5.907372767637D-01
  5.907359735162D-01  5.907350168349D-01  5.907336223614D-01  5.907325690912D-01
  5.907310724081D-01  5.907299110361D-01  5.907283000733D-01  5.907270179426D-01
  5.907252794250D-01  5.907238626096D-01  5.907219819264D-01  5.907204150945D-01
  5.907183761548D-01  5.907166424172D-01  5.907144274913D-01  5.907125082337D-01
  5.907100977772D-01  5.907079724762D-01  5.907053449354D-01  5.907029909542D-01
  5.907001225530D-01  5.906975149164D-01  5.906943794185D-01  5.906914905641D-01
  5.906880590123D-01  5.906848585159D-01  5.906810989430D-01  5.906775532147D-01
  5.906734303246D-01  5.906695022739D-01  5.906649770888D-01  5.906606257536D-01
  5.906556552249D-01  5.906508353623D-01  5.906453719397D-01  5.906400335734D-01
  5.906340247297D-01  5.906281126498D-01  5.906215003546D-01  5.906149535654D-01
  5.906076737047D-01  5.906004248135D-01  5.905924065474D-01  5.905843810896D-01
  5.905755461425D-01  5.905666618356D-01  5.905569237119D-01  5.905470896308D-01
  5.905363527480D-01  5.905254684133D-01  5.905136271436D-01  5.905015815143D-01
  5.904885191251D-01  5.904751894846D-01  5.904607769678D-01  5.904460276928D-01
  5.904301224698D-01  5.904138036692D-01  5.903962481603D-01  5.903781941702D-01
  5.903588142121D-01  5.903388419327D-01  5.903174450292D-01  5.902953520852D-01
  5.902717254735D-01  5.902472881802D-01  5.902211966923D-01  5.901941678074D-01
  5.901653515054D-01  5.901354577421D-01  5.901036293034D-01  5.900705685809D-01
  5.900354104064D-01  5.899988488085D-01  5.899600098247D-01  5.899195782366D-01
  5.898766703578D-01  5.898319607456D-01  5.897845549614D-01  5.897351162566D-01
  5.896827383031D-01  5.896280718498D-01  5.895701974204D-01  5.895097519374D-01
  5.894458013837D-01  5.893789673904D-01  5.893082998578D-01  5.892344035044D-01
  5.891563104419D-01  5.890746066807D-01  5.889883046553D-01  5.888979696808D-01
  5.888025924229D-01  5.887027153006D-01  5.885973048947D-01  5.884868782904D-01
  5.883703754175D-01  5.882482853270D-01  5.881195184549D-01  5.879845328249D-01
  5.878422062283D-01  5.876929623442D-01  5.875356428255D-01  5.873706333279D-01
  5.871967354917D-01  5.870142928686D-01  5.868220627876D-01  5.866203421678D-01
  5.864078392555D-01  5.861847993100D-01  5.859498761961D-01  5.857032579289D-01
  5.854435381046D-01  5.851708412873D-01  5.848836942598D-01  5.845821512328D-01
  5.842646648943D-01  5.839312114202D-01  5.835801612977D-01  5.832114041126D-01
  5.828232191191D-01  5.824153997762D-01  5.819861240322D-01  5.815350785783D-01
  5.810603288111D-01  5.805614427673D-01  5.800363607229D-01  5.794845187664D-01
  5.789037179864D-01  5.782932476345D-01  5.776507538468D-01  5.769753623385D-01
  5.762645465946D-01  5.755172500307D-01  5.747307535765D-01  5.739037972251D-01
  5.730334469204D-01  5.721182154025D-01  5.711549282946D-01  5.701418441344D-01
  5.690755195358D-01  5.679539282759D-01  5.667733253820D-01  5.655313651167D-01
  5.642239638114D-01  5.628484165586D-01  5.614002585756D-01  5.598763803720D-01
  5.582718873788D-01  5.565832133082D-01  5.548049777252D-01  5.529330972493D-01
  5.509616406695D-01  5.488859375562D-01  5.466994304261D-01  5.443967802235D-01
  5.419707149204D-01  5.394151311922D-01  5.367219386828D-01  5.338841570242D-01
  5.308927547965D-01  5.277397408185D-01  5.244149965749D-01  5.209093604154D-01
  5.172114518912D-01  5.133107471246D-01  5.091943930681D-01  5.048502718210D-01
  5.002638022678D-01  4.954209904853D-01  4.903052154901D-01  4.849002620551D-01
  4.791870863467D-01  4.731468263864D-01  4.667575421149D-01  4.599971973121D-01
  4.528403669882D-01  4.452611827034D-01  4.372299980299D-01  4.287162867420D-01
  4.196852542520D-01  4.101006748888D-01  3.999214334611D-01  3.891042836005D-01
  3.776002987182D-01  3.653575273536D-01  3.523173286965D-01  3.384168906741D-01
  3.235854121516D-01  3.077465690961D-01  2.908140797112D-01  2.726945133079D-01
  2.532822468245D-01
