In49 POTENTIAL                      exc: Vosko,Wilk,Nusair      
  2.37798540  6.82500000  2.34921590
  49.00000
   2.59633   0.7247656732   0.8163257748
353
 0.25000000D-01 0.39141124D-03
 9 1
    0  -1.96656160000D+03
    0  -2.87428550000D+02
    0  -5.37136240000D+01
    0  -7.39818510000D+00
    1  -2.68528840000D+02
    1  -4.59639090000D+01
    1  -4.86454470000D+00
    2  -3.15522220000D+01
    2  -7.38539920000D-01
  4.724081916803D+02  4.724359157631D+02  4.724642700060D+02  4.724932602452D+02
  4.725228954843D+02  4.725531898511D+02  4.725841532712D+02  4.726157999669D+02
  4.726481400808D+02  4.726811879533D+02  4.727149538695D+02  4.727494522514D+02
  4.727846934711D+02  4.728206919897D+02  4.728574582111D+02  4.728950065841D+02
  4.729333474835D+02  4.729724952860D+02  4.730124602698D+02  4.730532566697D+02
  4.730948945915D+02  4.731373880488D+02  4.731807468886D+02  4.732249848137D+02
  4.732701113156D+02  4.733161396844D+02  4.733630789473D+02  4.734109418676D+02
  4.734597368862D+02  4.735094761108D+02  4.735601672603D+02  4.736118216434D+02
  4.736644461045D+02  4.737180509934D+02  4.737726421113D+02  4.738282286712D+02
  4.738848152433D+02  4.739424097066D+02  4.740010151925D+02  4.740606380279D+02
  4.741212796843D+02  4.741829446866D+02  4.742456325771D+02  4.743093458313D+02
  4.743740817919D+02  4.744398405851D+02  4.745066170492D+02  4.745744086416D+02
  4.746432073622D+02  4.747130076507D+02  4.747837983038D+02  4.748555703625D+02
  4.749283090230D+02  4.750020015132D+02  4.750766289969D+02  4.751521744391D+02
  4.752286145026D+02  4.753059274025D+02  4.753840847942D+02  4.754630596168D+02
  4.755428179719D+02  4.756233269561D+02  4.757045465297D+02  4.757864373381D+02
  4.758689525707D+02  4.759520457702D+02  4.760356626815D+02  4.761197490494D+02
  4.762042424570D+02  4.762890801116D+02  4.763741906734D+02  4.764595020289D+02
  4.765449331097D+02  4.766304016552D+02  4.767158160210D+02  4.768010829304D+02
  4.768860992745D+02  4.769707598533D+02  4.770549491666D+02  4.771385491466D+02
  4.772214309418D+02  4.773034626408D+02  4.773845010509D+02  4.774643994154D+02
  4.775429991881D+02  4.776201377465D+02  4.776956401639D+02  4.777693269214D+02
  4.778410056802D+02  4.779104789950D+02  4.779775360901D+02  4.780419605772D+02
  4.781035222392D+02  4.781619847570D+02  4.782170975046D+02  4.782686032891D+02
  4.783162301633D+02  4.783596991838D+02  4.783987162457D+02  4.784329798659D+02
  4.784621730461D+02  4.784859710873D+02  4.785040334885D+02  4.785160117998D+02
  4.785215415640D+02  4.785202502169D+02  4.785117490802D+02  4.784956413165D+02
  4.784715139830D+02  4.784389460514D+02  4.783975005301D+02  4.783467325592D+02
  4.782861816114D+02  4.782153796708D+02  4.781338435237D+02  4.780410830303D+02
  4.779365935147D+02  4.778198641400D+02  4.776903704067D+02  4.775475826399D+02
  4.773909586049D+02  4.772199521146D+02  4.770340057697D+02  4.768325596931D+02
  4.766150443998D+02  4.763808896636D+02  4.761295175197D+02  4.758603512652D+02
  4.755728085953D+02  4.752663107362D+02  4.749402757109D+02  4.745941275988D+02
  4.742272899237D+02  4.738391950288D+02  4.734292775733D+02  4.729969840066D+02
  4.725417661531D+02  4.720630907626D+02  4.715604331562D+02  4.710332868211D+02
  4.704811570836D+02  4.699035707084D+02  4.693000695545D+02  4.686702201317D+02
  4.680136071861D+02  4.673298431563D+02  4.666185616267D+02  4.658794266178D+02
  4.651121258361D+02  4.643163797237D+02  4.634919344276D+02  4.626385705269D+02
  4.617560956380D+02  4.608443527341D+02  4.599032123005D+02  4.589325801610D+02
  4.579323890995D+02  4.569026061133D+02  4.558432234270D+02  4.547542651065D+02
  4.536357774060D+02  4.524878347068D+02  4.513105291696D+02  4.501039759829D+02
  4.488683023530D+02  4.476036521127D+02  4.463101741288D+02  4.449880264011D+02
  4.436373640589D+02  4.422583431762D+02  4.408511086402D+02  4.394157980283D+02
  4.379525297599D+02  4.364614075131D+02  4.349425092045D+02  4.333958925493D+02
  4.318215855220D+02  4.302195937448D+02  4.285898931187D+02  4.269324397009D+02
  4.252471650947D+02  4.235339892761D+02  4.217928190138D+02  4.200235636637D+02
  4.182261363172D+02  4.164004718822D+02  4.145465298629D+02  4.126643131989D+02
  4.107538707380D+02  4.088153145584D+02  4.068488196376D+02  4.048546371029D+02
  4.028330886866D+02  4.007845738570D+02  3.987095575890D+02  3.966085706619D+02
  3.944821909087D+02  3.923310377625D+02  3.901557489371D+02  3.879569719093D+02
  3.857353392459D+02  3.834914605154D+02  3.812258997645D+02  3.789391711200D+02
  3.766317212236D+02  3.743039307267D+02  3.719561031923D+02  3.695884732703D+02
  3.672012021631D+02  3.647943919584D+02  3.623680866062D+02  3.599222909417D+02
  3.574569754014D+02  3.549720977574D+02  3.524676094858D+02  3.499434780927D+02
  3.473996930445D+02  3.448362866792D+02  3.422533378177D+02  3.396509895258D+02
  3.370294488648D+02  3.343890001815D+02  3.317299998859D+02  3.290528844212D+02
  3.263581595140D+02  3.236464025744D+02  3.209182465159D+02  3.181743770649D+02
  3.154155120529D+02  3.126423949672D+02  3.098557715584D+02  3.070563820088D+02
  3.042449376758D+02  3.014221151977D+02  2.985885371113D+02  2.957447718497D+02
  2.928913221943D+02  2.900286347841D+02  2.871570992361D+02  2.842770686849D+02
  2.813888692303D+02  2.784928288339D+02  2.755892918230D+02  2.726786483763D+02
  2.697613443938D+02  2.668379010482D+02  2.639089101761D+02  2.609750364094D+02
  2.580369944527D+02  2.550955349342D+02  2.521514095646D+02  2.492053507307D+02
  2.462580370272D+02  2.433100796262D+02  2.403619998872D+02  2.374142314331D+02
  2.344671151835D+02  2.315209187313D+02  2.285758470146D+02  2.256320745461D+02
  2.226897654647D+02  2.197491113584D+02  2.168103531775D+02  2.138738174171D+02
  2.109399332590D+02  2.080092613700D+02  2.050825015364D+02  2.021605103575D+02
  1.992442966877D+02  1.963350264778D+02  1.934340052473D+02  1.905426701789D+02
  1.876625604428D+02  1.847952981798D+02  1.819425490034D+02  1.791059948594D+02
  1.762872884094D+02  1.734880221682D+02  1.707096819738D+02  1.679536185334D+02
  1.652210071952D+02  1.625128303534D+02  1.598298532741D+02  1.571726282253D+02
  1.545414976637D+02  1.519366303919D+02  1.493580589487D+02  1.468057477610D+02
  1.442796540740D+02  1.417798041260D+02  1.393063407827D+02  1.368595633474D+02
  1.344399201832D+02  1.320479855296D+02  1.296843951635D+02  1.273497849502D+02
  1.250447138710D+02  1.227696150642D+02  1.205247498547D+02  1.183101989312D+02
  1.161258567889D+02  1.139714573530D+02  1.118465937625D+02  1.097507596783D+02
  1.076833761607D+02  1.056438333092D+02  1.036315126242D+02  1.016458210667D+02
  9.968620409763D+01  9.775216976030D+01  9.584329181250D+01  9.395922440633D+01
  9.209969671146D+01  9.026452011464D+01  8.845357649219D+01  8.666682020563D+01
  8.490426229633D+01  8.316596946555D+01  8.145204623878D+01  7.976263279695D+01
  7.809788677179D+01  7.645798136867D+01  7.484308800817D+01  7.325337573174D+01
  7.168899546608D+01  7.015008128697D+01  6.863673669916D+01  6.714903798888D+01
  6.568702261162D+01  6.425069461101D+01  6.284001500262D+01  6.145490907992D+01
  6.009525856926D+01  5.876091056792D+01  5.745167119675D+01  5.616731588088D+01
  5.490758418852D+01  5.367219110353D+01  5.246082263511D+01  5.127314757194D+01
  5.010881323270D+01  4.896745694278D+01  4.784870106138D+01  4.675216327402D+01
  4.567745004893D+01  4.462416508083D+01  4.359190081223D+01  4.258024502941D+01
  4.158877082321D+01  4.061704211626D+01  3.966460253619D+01  3.873098117868D+01
  3.781568111912D+01
N_07 POTENTIAL                      exc: Vosko,Wilk,Nusair      
  1.80145647  6.82500000  1.81203139
   7.00000
   2.10533   0.7247656732   0.8163257748
353
 0.25000000D-01 0.31739093D-03
 2 1
    0  -2.69998930000D+01
    0  -4.29582100000D-01
  2.594276435799D+01  2.594316541232D+01  2.594357626395D+01  2.594402309656D+01
  2.594448618984D+01  2.594496323785D+01  2.594545308860D+01  2.594595610227D+01
  2.594647189750D+01  2.594700114062D+01  2.594754359977D+01  2.594810002660D+01
  2.594867024478D+01  2.594925504612D+01  2.594985428604D+01  2.595046878328D+01
  2.595109841731D+01  2.595174402919D+01  2.595240551966D+01  2.595308375044D+01
  2.595377864269D+01  2.595449107836D+01  2.595522099891D+01  2.595596930670D+01
  2.595673596379D+01  2.595752189340D+01  2.595832707872D+01  2.595915246444D+01
  2.595999805555D+01  2.596086481891D+01  2.596175278207D+01  2.596266293484D+01
  2.596359532815D+01  2.596455097559D+01  2.596552995230D+01  2.596653329655D+01
  2.596756110859D+01  2.596861445223D+01  2.596969345392D+01  2.597079920656D+01
  2.597193225200D+01  2.597309330986D+01  2.597428256158D+01  2.597550115355D+01
  2.597674929602D+01  2.597802816468D+01  2.597933799954D+01  2.598068000656D+01
  2.598205445653D+01  2.598346258664D+01  2.598490469938D+01  2.598638206415D+01
  2.598789501615D+01  2.598944485791D+01  2.599103195823D+01  2.599265765373D+01
  2.599432234775D+01  2.599602741186D+01  2.599777328480D+01  2.599956137398D+01
  2.600139215436D+01  2.600326706998D+01  2.600518663281D+01  2.600715232425D+01
  2.600916469399D+01  2.601122526145D+01  2.601333461466D+01  2.601549431166D+01
  2.601770497933D+01  2.601996821477D+01  2.602228468414D+01  2.602465602396D+01
  2.602708293992D+01  2.602956710815D+01  2.603210927398D+01  2.603471115321D+01
  2.603737353073D+01  2.604009816181D+01  2.604288587064D+01  2.604573845157D+01
  2.604865676759D+01  2.605164265146D+01  2.605469700417D+01  2.605782169597D+01
  2.606101766475D+01  2.606428681698D+01  2.606763012601D+01  2.607104953289D+01
  2.607454604458D+01  2.607812163466D+01  2.608177734143D+01  2.608551516845D+01
  2.608933618259D+01  2.609324241437D+01  2.609723495585D+01  2.610131586091D+01
  2.610548624285D+01  2.610974817459D+01  2.611410278607D+01  2.611855216420D+01
  2.612309745016D+01  2.612774073906D+01  2.613248317703D+01  2.613732686069D+01
  2.614227293393D+01  2.614732348715D+01  2.615247965379D+01  2.615774350926D+01
  2.616311616716D+01  2.616859967792D+01  2.617419512469D+01  2.617990452160D+01
  2.618572890933D+01  2.619167025300D+01  2.619772953729D+01  2.620390866398D+01
  2.621020854659D+01  2.621663100748D+01  2.622317687207D+01  2.622984786535D+01
  2.623664470569D+01  2.624356900077D+01  2.625062134081D+01  2.625780319398D+01
  2.626511499900D+01  2.627255805990D+01  2.628013263800D+01  2.628783984601D+01
  2.629567973927D+01  2.630365320916D+01  2.631176007358D+01  2.632000096954D+01
  2.632837544288D+01  2.633688384005D+01  2.634552539690D+01  2.635430012961D+01
  2.636320692255D+01  2.637224541829D+01  2.638141410448D+01  2.639071220283D+01
  2.640013775498D+01  2.640968951044D+01  2.641936501137D+01  2.642916247940D+01
  2.643907889929D+01  2.644911190458D+01  2.645925786009D+01  2.646951374637D+01
  2.647987524093D+01  2.649033860150D+01  2.650089874602D+01  2.651155113454D+01
  2.652228984803D+01  2.653310946895D+01  2.654400315871D+01  2.655496453704D+01
  2.656598575809D+01  2.657705938849D+01  2.658817648225D+01  2.659932845751D+01
  2.661050517017D+01  2.662169678945D+01  2.663289187038D+01  2.664407922816D+01
  2.665524600959D+01  2.666637956640D+01  2.667746552568D+01  2.668848966235D+01
  2.669943596876D+01  2.671028852648D+01  2.672102957525D+01  2.673164138429D+01
  2.674210432094D+01  2.675239872170D+01  2.676250296084D+01  2.677239532159D+01
  2.678205206501D+01  2.679144930173D+01  2.680056106157D+01  2.680936116624D+01
  2.681782130018D+01  2.682591288484D+01  2.683360515128D+01  2.684086701659D+01
  2.684766515903D+01  2.685396589717D+01  2.685973326832D+01  2.686493091129D+01
  2.686952014883D+01  2.687346187490D+01  2.687671464204D+01  2.687923655412D+01
  2.688098335968D+01  2.688191035113D+01  2.688197046519D+01  2.688111618965D+01
  2.687929767207D+01  2.687646463534D+01  2.687256449576D+01  2.686754428876D+01
  2.686134879761D+01  2.685392249051D+01  2.684520766130D+01  2.683514637926D+01
  2.682367864305D+01  2.681074434449D+01  2.679628143709D+01  2.678022791499D+01
  2.676251999726D+01  2.674309412318D+01  2.672188515334D+01  2.669882838226D+01
  2.667385775723D+01  2.664690790898D+01  2.661791238895D+01  2.658680571851D+01
  2.655352164501D+01  2.651799520971D+01  2.648016102245D+01  2.643995534816D+01
  2.639731439960D+01  2.635217644153D+01  2.630448010059D+01  2.625416648564D+01
  2.620117751302D+01  2.614545804111D+01  2.608695420838D+01  2.602561557930D+01
  2.596139349200D+01  2.589424321175D+01  2.582412228410D+01  2.575099269134D+01
  2.567481920598D+01  2.559557154468D+01  2.551322271603D+01  2.542775116541D+01
  2.533913911006D+01  2.524737466744D+01  2.515245016965D+01  2.505436426693D+01
  2.495312021268D+01  2.484872793287D+01  2.474120227225D+01  2.463056501982D+01
  2.451684310612D+01  2.440007057458D+01  2.428028671942D+01  2.415753799221D+01
  2.403187607057D+01  2.390335968924D+01  2.377205262830D+01  2.363802546003D+01
  2.350135344721D+01  2.336211819597D+01  2.322040545593D+01  2.307630667121D+01
  2.292991667556D+01  2.278133513557D+01  2.263066413595D+01  2.247800951163D+01
  2.232347832124D+01  2.216718006798D+01  2.200922406337D+01  2.184972054114D+01
  2.168877791852D+01  2.152650381376D+01  2.136300221940D+01  2.119837444278D+01
  2.103271621640D+01  2.086611859348D+01  2.069866503611D+01  2.053043231680D+01
  2.036148764773D+01  2.019188966677D+01  2.002168570384D+01  1.985091296777D+01
  1.967959608952D+01  1.950774867499D+01  1.933537131622D+01  1.916245372648D+01
  1.898897345649D+01  1.881489885993D+01  1.864018875884D+01  1.846479645636D+01
  1.828867050882D+01  1.811175984441D+01  1.793401555636D+01  1.775539685206D+01
  1.757587336452D+01  1.739543118364D+01  1.721407470529D+01  1.703183158642D+01
  1.684875289509D+01  1.666491581296D+01  1.648042112987D+01  1.629539310925D+01
  1.610997422739D+01  1.592432263127D+01  1.573860504420D+01  1.555299311536D+01
  1.536765599916D+01  1.518275712323D+01  1.499844781439D+01  1.481486557596D+01
  1.463212949993D+01  1.445034043064D+01  1.426957821434D+01  1.408990354038D+01
  1.391135663770D+01  1.373396029796D+01  1.355771948312D+01  1.338262500408D+01
  1.320865355526D+01  1.303577162597D+01  1.286393560831D+01  1.269309565640D+01
  1.252319564649D+01  1.235417681868D+01  1.218597747120D+01  1.201853630509D+01
  1.185179180367D+01  1.168568525523D+01  1.152015981089D+01  1.135516319208D+01
  1.119064644351D+01  1.102656634925D+01  1.086288390975D+01  1.069956649844D+01
  1.053658609672D+01  1.037392122609D+01  1.021155497615D+01  1.004947674676D+01
  9.887680102544D+00  9.726164356962D+00  9.564932283137D+00  9.403991567126D+00
  9.243352399494D+00  9.083028818690D+00  8.923036200476D+00  8.763392504215D+00
  8.604115668348D+00  8.445224762702D+00  8.286737287948D+00  8.128670226525D+00
  7.971037233521D+00  7.813849568784D+00  7.657113158559D+00  7.500829384207D+00
  7.344991989336D+00  7.189587742784D+00  7.034593036345D+00  6.879974558308D+00
  6.725685587770D+00
Vac0 POTENTIAL                      exc: Vosko,Wilk,Nusair      
  2.37798540  6.82500000  2.34921590
   0.00000
   2.59633   0.7247656732   0.8163257748
353
 0.25000000D-01 0.39141124D-03
 0 1
  7.465637799694D-01  7.465408796025D-01  7.465165589982D-01  7.465096672502D-01
  7.465056819413D-01  7.465041516416D-01  7.465027609786D-01  7.465029023582D-01
  7.465027915783D-01  7.465040297599D-01  7.465049323827D-01  7.465071557934D-01
  7.465090503617D-01  7.465122971217D-01  7.465152659421D-01  7.465196548886D-01
  7.465238499502D-01  7.465295653382D-01  7.465352039563D-01  7.465424982801D-01
  7.465498713749D-01  7.465590782175D-01  7.465685672581D-01  7.465801222994D-01
  7.465922247071D-01  7.466066959843D-01  7.466220607382D-01  7.466401902944D-01
  7.466596667161D-01  7.466824276458D-01  7.467071319102D-01  7.467358060461D-01
  7.467672119786D-01  7.468034959539D-01  7.468435590419D-01  7.468897093868D-01
  7.469410349506D-01  7.469999774851D-01  7.470598938545D-01  7.470846993559D-01
  7.470576019275D-01  7.470327437289D-01  7.470083632364D-01  7.469860284099D-01
  7.469639955726D-01  7.469438485176D-01  7.469238576665D-01  7.469056193716D-01
  7.468874152936D-01  7.468708518710D-01  7.468542198188D-01  7.468391337283D-01
  7.468238916789D-01  7.468101149251D-01  7.467961075778D-01  7.467834963721D-01
  7.467705903990D-01  7.467590209392D-01  7.467471012361D-01  7.467364663532D-01
  7.467254330066D-01  7.467156394447D-01  7.467054053073D-01  7.466963715340D-01
  7.466868602394D-01  7.466785146501D-01  7.466696589893D-01  7.466619384328D-01
  7.466536790131D-01  7.466465275764D-01  7.466388117074D-01  7.466321796968D-01
  7.466249604686D-01  7.466188035609D-01  7.466120390613D-01  7.466063175925D-01
  7.465999702539D-01  7.465946486094D-01  7.465886846455D-01  7.465837307539D-01
  7.465781196922D-01  7.465735045813D-01  7.465682188586D-01  7.465639162810D-01
  7.465589308871D-01  7.465549169992D-01  7.465502091843D-01  7.465464622627D-01
  7.465420112716D-01  7.465385114736D-01  7.465342983206D-01  7.465310274686D-01
  7.465270347408D-01  7.465239761395D-01  7.465201878189D-01  7.465173260928D-01
  7.465137274063D-01  7.465110483504D-01  7.465076256323D-01  7.465051160898D-01
  7.465018566619D-01  7.464995044065D-01  7.464963964693D-01  7.464941901038D-01
  7.464912226400D-01  7.464891515049D-01  7.464863141910D-01  7.464843682787D-01
  7.464816514060D-01  7.464798212877D-01  7.464772156882D-01  7.464754924408D-01
  7.464729894209D-01  7.464713645643D-01  7.464689558415D-01  7.464674212770D-01
  7.464650989215D-01  7.464636468746D-01  7.464614032544D-01  7.464600262211D-01
  7.464578539480D-01  7.464565446432D-01  7.464544365224D-01  7.464531878293D-01
  7.464511368091D-01  7.464499417295D-01  7.464479408534D-01  7.464467924597D-01
  7.464448348163D-01  7.464437262015D-01  7.464418048762D-01  7.464407291059D-01
  7.464388371314D-01  7.464377871918D-01  7.464359174961D-01  7.464348862437D-01
  7.464330315980D-01  7.464320117049D-01  7.464301646675D-01  7.464291485648D-01
  7.464273014240D-01  7.464262812416D-01  7.464244259538D-01  7.464233934577D-01
  7.464215215820D-01  7.464204681067D-01  7.464185707342D-01  7.464174871092D-01
  7.464155547882D-01  7.464144312598D-01  7.464124539139D-01  7.464112800607D-01
  7.464092469002D-01  7.464080115404D-01  7.464059109664D-01  7.464046020576D-01
  7.464024215566D-01  7.464010260862D-01  7.463987521162D-01  7.463972559811D-01
  7.463948738459D-01  7.463932617220D-01  7.463907554332D-01  7.463890106308D-01
  7.463863627576D-01  7.463844670632D-01  7.463816585663D-01  7.463795920688D-01
  7.463766021178D-01  7.463743430174D-01  7.463711487900D-01  7.463686731872D-01
  7.463652496485D-01  7.463625313117D-01  7.463588509701D-01  7.463558610805D-01
  7.463518937189D-01  7.463486005876D-01  7.463443129675D-01  7.463406817242D-01
  7.463360372584D-01  7.463320295085D-01  7.463269879001D-01  7.463225613453D-01
  7.463170781896D-01  7.463121862091D-01  7.463062125538D-01  7.463008037424D-01
  7.462942856017D-01  7.462883032592D-01  7.462811810779D-01  7.462745626455D-01
  7.462667707059D-01  7.462594471437D-01  7.462509129115D-01  7.462428080104D-01
  7.462334514117D-01  7.462244810333D-01  7.462142136556D-01  7.462042848928D-01
  7.461930091025D-01  7.461820193514D-01  7.461696273183D-01  7.461574632533D-01
  7.461438358731D-01  7.461303723136D-01  7.461153780168D-01  7.461004766754D-01
  7.460839701109D-01  7.460674782097D-01  7.460492987906D-01  7.460310475320D-01
  7.460110178278D-01  7.459908207043D-01  7.459687446639D-01  7.459463955903D-01
  7.459220565785D-01  7.458973278272D-01  7.458704864537D-01  7.458431263724D-01
  7.458135180928D-01  7.457832485824D-01  7.457505810458D-01  7.457170947715D-01
  7.456810448893D-01  7.456440021986D-01  7.456042129033D-01  7.455632384187D-01
  7.455193150815D-01  7.454739939334D-01  7.454255004035D-01  7.453753740661D-01
  7.453218282920D-01  7.452663899788D-01  7.452072591673D-01  7.451459487409D-01
  7.450806440041D-01  7.450128423476D-01  7.449407127845D-01  7.448657355776D-01
  7.447860617292D-01  7.447031525662D-01  7.446151391781D-01  7.445234619561D-01
  7.444262299741D-01  7.443248604758D-01  7.442174381929D-01  7.441053547753D-01
  7.439866680394D-01  7.438627413349D-01  7.437316027158D-01  7.435945842375D-01
  7.434496810420D-01  7.432981905773D-01  7.431380715878D-01  7.429705832477D-01
  7.427936440461D-01  7.426084708253D-01  7.424129375493D-01  7.422082142357D-01
  7.419921255956D-01  7.417657898476D-01  7.415269772143D-01  7.412767486059D-01
  7.410128139571D-01  7.407361707657D-01  7.404444622527D-01  7.401386157396D-01
  7.398162006109D-01  7.394780665122D-01  7.391217010941D-01  7.387478680090D-01
  7.383539644110D-01  7.379406587301D-01  7.375052478983D-01  7.370482948748D-01
  7.365669855673D-01  7.360617660772D-01  7.355296992802D-01  7.349711017574D-01
  7.343828999936D-01  7.337652669545D-01  7.331149778550D-01  7.324320463384D-01
  7.317130797582D-01  7.309579149063D-01  7.301629727455D-01  7.293278936243D-01
  7.284488913847D-01  7.275253879906D-01  7.265533669234D-01  7.255320071359D-01
  7.244570356300D-01  7.233273606332D-01  7.221384232315D-01  7.208888296401D-01
  7.195737017408D-01  7.181913082912D-01  7.167364141795D-01  7.152069103812D-01
  7.135971617032D-01  7.119046352488D-01  7.101232463675D-01  7.082499853318D-01
  7.062782611383D-01  7.042045260220D-01  7.020216166658D-01  6.997253760782D-01
  6.973079916549D-01  6.947646138182D-01  6.920866902259D-01  6.892685804101D-01
  6.863008852389D-01  6.831770565824D-01  6.798867208934D-01  6.764222826593D-01
  6.727722406590D-01  6.689277836174D-01  6.648760973009D-01  6.606069503492D-01
  6.561059898666D-01  6.513613148416D-01  6.463567572422D-01  6.410784397044D-01
  6.355080383045D-01  6.296293202608D-01  6.234213834774D-01  6.168651687865D-01
  6.099366699648D-01  6.026134134675D-01  5.948676308091D-01  5.866726966949D-01
  5.779962533099D-01  5.688065950990D-01  5.590657314722D-01  5.487357030539D-01
  5.377715654087D-01  5.261276171914D-01  5.137502825353D-01  5.005842260073D-01
  4.865651051336D-01  4.716255402967D-01  4.556877014566D-01  4.386690932788D-01
  4.204749317948D-01  4.010036958982D-01  3.801392449267D-01  3.577560754490D-01
  3.337111189977D-01  3.078487916975D-01  2.799919545123D-01  2.499471377812D-01
  2.174948011198D-01
Vac0 POTENTIAL                      exc: Vosko,Wilk,Nusair      
  1.80145647  6.82500000  1.81203139
   0.00000
   2.10533   0.7247656732   0.8163257748
353
 0.25000000D-01 0.31739093D-03
 0 1
  5.566124422013D-01  5.565766466510D-01  5.565395682501D-01  5.565283397084D-01
  5.565220982695D-01  5.565183800782D-01  5.565154397898D-01  5.565135990020D-01
  5.565119028548D-01  5.565109781360D-01  5.565100118326D-01  5.565097056925D-01
  5.565092901698D-01  5.565094944653D-01  5.565095674474D-01  5.565102515944D-01
  5.565108059496D-01  5.565119813010D-01  5.565130438913D-01  5.565147510199D-01
  5.565163752106D-01  5.565186800622D-01  5.565209445508D-01  5.565239390654D-01
  5.565269499582D-01  5.565307556601D-01  5.565346513925D-01  5.565394254945D-01
  5.565443842561D-01  5.565503284870D-01  5.565565786083D-01  5.565639514208D-01
  5.565717855119D-01  5.565809183852D-01  5.565907122546D-01  5.566020315975D-01
  5.566142692571D-01  5.566283104465D-01  5.566423012964D-01  5.566470625135D-01
  5.566390547713D-01  5.566318311270D-01  5.566246180139D-01  5.566181325080D-01
  5.566116062396D-01  5.566057608935D-01  5.565998322072D-01  5.565945455248D-01
  5.565891398579D-01  5.565843434912D-01  5.565793980739D-01  5.565750342705D-01
  5.565704958771D-01  5.565665155001D-01  5.565623386953D-01  5.565586996700D-01
  5.565548454348D-01  5.565515115206D-01  5.565479461501D-01  5.565448859591D-01
  5.565415801852D-01  5.565387663927D-01  5.565356946711D-01  5.565331033760D-01
  5.565302433159D-01  5.565278535099D-01  5.565251853892D-01  5.565229785400D-01
  5.565204849183D-01  5.565184445989D-01  5.565161099940D-01  5.565142215977D-01
  5.565120322113D-01  5.565102826947D-01  5.565082261868D-01  5.565066038638D-01
  5.565046691592D-01  5.565031635238D-01  5.565013406490D-01  5.564999422244D-01
  5.564982221665D-01  5.564969223774D-01  5.564952969692D-01  5.564940880272D-01
  5.564925498388D-01  5.564914246525D-01  5.564899669065D-01  5.564889189932D-01
  5.564875354863D-01  5.564865589027D-01  5.564852439365D-01  5.564843332161D-01
  5.564830815399D-01  5.564822316349D-01  5.564810383916D-01  5.564802446247D-01
  5.564791053057D-01  5.564783633267D-01  5.564772737308D-01  5.564765794760D-01
  5.564755356690D-01  5.564748853272D-01  5.564738836109D-01  5.564732735899D-01
  5.564723104715D-01  5.564717373687D-01  5.564708095302D-01  5.564702701062D-01
  5.564693743799D-01  5.564688655323D-01  5.564679988752D-01  5.564675176151D-01
  5.564666770866D-01  5.564662205156D-01  5.564654032540D-01  5.564649685422D-01
  5.564641717439D-01  5.564637561092D-01  5.564629770079D-01  5.564625776941D-01
  5.564618135390D-01  5.564614277959D-01  5.564606758321D-01  5.564603008940D-01
  5.564595583399D-01  5.564591914050D-01  5.564584554322D-01  5.564580936394D-01
  5.564573613497D-01  5.564570017574D-01  5.564562701596D-01  5.564559097214D-01
  5.564551757072D-01  5.564548112464D-01  5.564540715648D-01  5.564536997491D-01
  5.564529509787D-01  5.564525682906D-01  5.564518068107D-01  5.564514095181D-01
  5.564506314767D-01  5.564502155997D-01  5.564494168801D-01  5.564489781556D-01
  5.564481543392D-01  5.564476881828D-01  5.564468345083D-01  5.564463359721D-01
  5.564454472934D-01  5.564449110199D-01  5.564439817566D-01  5.564434019296D-01
  5.564424260155D-01  5.564417963046D-01  5.564407671303D-01  5.564400806312D-01
  5.564389909808D-01  5.564382401490D-01  5.564370821311D-01  5.564362587092D-01
  5.564350236807D-01  5.564341186190D-01  5.564327971012D-01  5.564318004690D-01
  5.564303820553D-01  5.564292829444D-01  5.564277561985D-01  5.564265426163D-01
  5.564248949595D-01  5.564235537110D-01  5.564217712991D-01  5.564202878563D-01
  5.564183554426D-01  5.564167138021D-01  5.564146145862D-01  5.564127971096D-01
  5.564105125716D-01  5.564084998111D-01  5.564060095272D-01  5.564037800324D-01
  5.564010614720D-01  5.563985915762D-01  5.563956198779D-01  5.563928834628D-01
  5.563896311862D-01  5.563865994213D-01  5.563830362737D-01  5.563796773286D-01
  5.563757698627D-01  5.563720485895D-01  5.563677598689D-01  5.563636374507D-01
  5.563589266813D-01  5.563543602446D-01  5.563491823664D-01  5.563441245521D-01
  5.563384297883D-01  5.563328282778D-01  5.563265616371D-01  5.563203586287D-01
  5.563134593544D-01  5.563065909844D-01  5.562989919461D-01  5.562913876493D-01
  5.562830146705D-01  5.562745964732D-01  5.562653675877D-01  5.562560493262D-01
  5.562458739570D-01  5.562355604138D-01  5.562243384645D-01  5.562129244138D-01
  5.562005452651D-01  5.561879144171D-01  5.561742558174D-01  5.561602796519D-01
  5.561452064901D-01  5.561297429666D-01  5.561131059167D-01  5.560959980489D-01
  5.560776320703D-01  5.560587063494D-01  5.560384290301D-01  5.560174936826D-01
  5.559951034060D-01  5.559719464665D-01  5.559472203860D-01  5.559216075668D-01
  5.558942993650D-01  5.558659717003D-01  5.558358091118D-01  5.558044803522D-01
  5.557711624241D-01  5.557365161560D-01  5.556997102179D-01  5.556613966767D-01
  5.556207349894D-01  5.555783675356D-01  5.555334435848D-01  5.554865948049D-01
  5.554369592006D-01  5.553851565947D-01  5.553303125349D-01  5.552730337449D-01
  5.552124319962D-01  5.551490995258D-01  5.550821328695D-01  5.550121082414D-01
  5.549381053257D-01  5.548606826144D-01  5.547789011510D-01  5.546932998232D-01
  5.546029190539D-01  5.545082760424D-01  5.544083883979D-01  5.543037493236D-01
  5.541933511855D-01  5.540776606342D-01  5.539556421015D-01  5.538277328520D-01
  5.536928664008D-01  5.535514474870D-01  5.534023754024D-01  5.532460188792D-01
  5.530812393199D-01  5.529083655885D-01  5.527262171309D-01  5.525350786588D-01
  5.523337231481D-01  5.521223864027D-01  5.518997899168D-01  5.516661153054D-01
  5.514200270140D-01  5.511616466003D-01  5.508895752737D-01  5.506038680097D-01
  5.503030558995D-01  5.499871200773D-01  5.496545138568D-01  5.493051364480D-01
  5.489373548551D-01  5.485509773569D-01  5.481442751359D-01  5.477169554930D-01
  5.472671831733D-01  5.467945532814D-01  5.462971122649D-01  5.457743304901D-01
  5.452241228395D-01  5.446458209015D-01  5.440371931297D-01  5.433974165947D-01
  5.427240966439D-01  5.420162381535D-01  5.412712646188D-01  5.404879888327D-01
  5.396636313247D-01  5.387967903801D-01  5.378844597288D-01  5.369249978037D-01
  5.359151445638D-01  5.348529898691D-01  5.337349892991D-01  5.325589314986D-01
  5.313209528242D-01  5.300185034831D-01  5.286473608064D-01  5.272045939650D-01
  5.256855756229D-01  5.240869449669D-01  5.224036174378D-01  5.206317457477D-01
  5.187657273178D-01  5.168011628785D-01  5.147318611532D-01  5.125527945365D-01
  5.102571004488D-01  5.078390334611D-01  5.052909625973D-01  5.026063191098D-01
  4.997765888197D-01  4.967942545346D-01  4.936497822733D-01  4.903345570436D-01
  4.868378614842D-01  4.831498033646D-01  4.792582847696D-01  4.751519192200D-01
  4.708169889934D-01  4.662403491623D-01  4.614063699503D-01  4.562998241926D-01
  4.509028107171D-01  4.451976206918D-01  4.391636368233D-01  4.327801726845D-01
  4.260233409404D-01  4.188688579347D-01  4.112888720592D-01  4.032547234730D-01
  3.947337209546D-01  3.856918434388D-01  3.760904500035D-01  3.658889057121D-01
  3.550412045362D-01  3.434984960335D-01  3.312055965705D-01  3.181033835480D-01
  3.041251576555D-01  2.891989743538D-01  2.732434467347D-01  2.561703512609D-01
  2.378798719372D-01
