In49 POTENTIAL                      exc: Vosko,Wilk,Nusair      
  2.31897314  6.66250000  2.29182178
  49.00000
   2.53289   0.8007215778   0.8498763938
353
 0.25000000D-01 0.38184860D-03
 9 1
    0  -1.96656160000D+03
    0  -2.87428550000D+02
    0  -5.37136240000D+01
    0  -7.39818510000D+00
    1  -2.68528840000D+02
    1  -4.59639090000D+01
    1  -4.86454470000D+00
    2  -3.15522220000D+01
    2  -7.38539920000D-01
  4.724941000315D+02  4.725211478984D+02  4.725488121927D+02  4.725770990664D+02
  4.726060173468D+02  4.726355810654D+02  4.726657999793D+02  4.726966882286D+02
  4.727282558002D+02  4.727605169700D+02  4.727934818841D+02  4.728271649199D+02
  4.728615763306D+02  4.728967305556D+02  4.729326379036D+02  4.729693128280D+02
  4.730067656364D+02  4.730450107399D+02  4.730840583815D+02  4.731239228653D+02
  4.731646142980D+02  4.732061468022D+02  4.732485302676D+02  4.732917785505D+02
  4.733359012326D+02  4.733809118080D+02  4.734268194478D+02  4.734736371760D+02
  4.735213736377D+02  4.735700412658D+02  4.736196480506D+02  4.736702056977D+02
  4.737217213990D+02  4.737742059810D+02  4.738276656768D+02  4.738821102655D+02
  4.739375448431D+02  4.739939779537D+02  4.740514133587D+02  4.741098581601D+02
  4.741693145747D+02  4.742297880238D+02  4.742912789224D+02  4.743537907759D+02
  4.744173219403D+02  4.744818737189D+02  4.745474421170D+02  4.746140259308D+02
  4.746816184962D+02  4.747502157680D+02  4.748198080637D+02  4.748903881325D+02
  4.749619428925D+02  4.750344614902D+02  4.751079270302D+02  4.751823246244D+02
  4.752576331140D+02  4.753338331085D+02  4.754108986989D+02  4.754888054858D+02
  4.755675222844D+02  4.756470191407D+02  4.757272590273D+02  4.758082058486D+02
  4.758898161268D+02  4.759720469950D+02  4.760548478737D+02  4.761381684520D+02
  4.762219503540D+02  4.763061351080D+02  4.763906558027D+02  4.764754450447D+02
  4.765604266045D+02  4.766455233627D+02  4.767306489457D+02  4.768157156609D+02
  4.769006261228D+02  4.769852811780D+02  4.770695715222D+02  4.771533856157D+02
  4.772366012921D+02  4.773190936656D+02  4.774007267331D+02  4.774813612742D+02
  4.775608464483D+02  4.776390276891D+02  4.777157382990D+02  4.777908073406D+02
  4.778640512297D+02  4.779352816272D+02  4.780042970340D+02  4.780708906857D+02
  4.781348421533D+02  4.781959252443D+02  4.782538996132D+02  4.783085186734D+02
  4.783595212218D+02  4.784066393671D+02  4.784495901735D+02  4.784880836102D+02
  4.785218142214D+02  4.785504691031D+02  4.785737196048D+02  4.785912293418D+02
  4.786026459361D+02  4.786076090710D+02  4.786057422792D+02  4.785966610485D+02
  4.785799646658D+02  4.785552443826D+02  4.785220753233D+02  4.784800247205D+02
  4.784286438980D+02  4.783674765841D+02  4.782960509793D+02  4.782138881585D+02
  4.781204942325D+02  4.780153688486D+02  4.778979974560D+02  4.777678599142D+02
  4.776244228710D+02  4.774671484875D+02  4.772954869364D+02  4.771088852516D+02
  4.769067799530D+02  4.766886060262D+02  4.764537896792D+02  4.762017574542D+02
  4.759319291188D+02  4.756437269106D+02  4.753365685604D+02  4.750098766671D+02
  4.746630718464D+02  4.742955822279D+02  4.739068367196D+02  4.734962746121D+02
  4.730633389430D+02  4.726074861887D+02  4.721281797045D+02  4.716248994773D+02
  4.710971356099D+02  4.705443980998D+02  4.699662103283D+02  4.693621188217D+02
  4.687316866970D+02  4.680745033521D+02  4.673901778113D+02  4.666783482828D+02
  4.659386753374D+02  4.651708512626D+02  4.643745930004D+02  4.635496512204D+02
  4.626958029344D+02  4.618128602053D+02  4.609006623547D+02  4.599590842202D+02
  4.589880278710D+02  4.579874303308D+02  4.569572547211D+02  4.558974973760D+02
  4.548081783463D+02  4.536893478491D+02  4.525410760963D+02  4.513634590510D+02
  4.501566075667D+02  4.489206524821D+02  4.476557331239D+02  4.463620018201D+02
  4.450396118956D+02  4.436887217775D+02  4.423094827105D+02  4.409020427378D+02
  4.394665344819D+02  4.380030794139D+02  4.365117761785D+02  4.349927056964D+02
  4.334459206381D+02  4.318714520118D+02  4.302693004695D+02  4.286394450702D+02
  4.269818370770D+02  4.252964114797D+02  4.235830837404D+02  4.218417643426D+02
  4.200723584972D+02  4.182747834094D+02  4.164489702592D+02  4.145948830809D+02
  4.127125214829D+02  4.108019391991D+02  4.088632452691D+02  4.068966197659D+02
  4.049023108859D+02  4.028806454503D+02  4.008320198701D+02  3.987569039632D+02
  3.966558250955D+02  3.945293654946D+02  3.923781406630D+02  3.902027921506D+02
  3.880039629361D+02  3.857822888771D+02  3.835383745492D+02  3.812727868715D+02
  3.789860346548D+02  3.766785671981D+02  3.743507597368D+02  3.720029185050D+02
  3.696352728593D+02  3.672479868947D+02  3.648411577111D+02  3.624148325257D+02
  3.599690116112D+02  3.575036691292D+02  3.550187587627D+02  3.525142361846D+02
  3.499900652657D+02  3.474462400913D+02  3.448827897417D+02  3.422997979786D+02
  3.396974048681D+02  3.370758225984D+02  3.344353326254D+02  3.317762965153D+02
  3.290991477686D+02  3.264043971353D+02  3.236926188734D+02  3.209644506396D+02
  3.182205746644D+02  3.154617131275D+02  3.126886055877D+02  3.099020016908D+02
  3.071026372376D+02  3.042912270501D+02  3.014684430028D+02  2.986349107887D+02
  2.957911938686D+02  2.929377980953D+02  2.900751651918D+02  2.872036880519D+02
  2.843237152462D+02  2.814355766294D+02  2.785395961669D+02  2.756361225453D+02
  2.727255425219D+02  2.698083068307D+02  2.668849335313D+02  2.639560193868D+02
  2.610222257690D+02  2.580842719329D+02  2.551429046818D+02  2.521988795916D+02
  2.492529245024D+02  2.463057212025D+02  2.433578757720D+02  2.404099124018D+02
  2.374622594782D+02  2.345152608320D+02  2.315691791105D+02  2.286242226356D+02
  2.256805615865D+02  2.227383641900D+02  2.197978184489D+02  2.168591701482D+02
  2.139227429011D+02  2.109889713488D+02  2.080584137927D+02  2.051317758646D+02
  2.022099120382D+02  1.992938370953D+02  1.963847147812D+02  1.934838563016D+02
  1.905926962360D+02  1.877127788954D+02  1.848457231386D+02  1.819931989255D+02
  1.791568840309D+02  1.763384345063D+02  1.735394377030D+02  1.707613818585D+02
  1.680056115743D+02  1.652733037588D+02  1.625654340298D+02  1.598827687865D+02
  1.572258534172D+02  1.545950318095D+02  1.519904666410D+02  1.494121931057D+02
  1.468601711375D+02  1.443343625188D+02  1.418347908733D+02  1.393616051622D+02
  1.369151030034D+02  1.344957389535D+02  1.321040848027D+02  1.297407810633D+02
  1.274064593116D+02  1.251016814063D+02  1.228268746320D+02  1.205823021202D+02
  1.183680381967D+02  1.161839791784D+02  1.140298530643D+02  1.119052555449D+02
  1.098096752507D+02  1.077425367497D+02  1.057032260455D+02  1.036911290015D+02
  1.017056492215D+02  9.974623712860D+01  9.781239785845D+01  9.590371042830D+01
  9.401982622953D+01  9.216047969276D+01  9.032547930805D+01  8.851471194615D+01
  8.672812868424D+01  8.496574505573D+01  8.322762386921D+01  8.151387343251D+01
  7.982462923021D+01  7.816005178075D+01  7.652030861153D+01  7.490557296190D+01
  7.331600704608D+01  7.175176237756D+01  7.021296489610D+01  6.869971730783D+01
  6.721208631160D+01  6.575010705386D+01  6.431377244334D+01  6.290303962385D+01
  6.151782121892D+01  6.015799362235D+01  5.882338994760D+01  5.751380989282D+01
  5.622901413233D+01  5.496873545909D+01  5.373267426045D+01  5.252051048111D+01
  5.133189958846D+01  5.016648459464D+01  4.902389158457D+01  4.790374075134D+01
  4.680564042302D+01  4.572919617206D+01  4.467400268541D+01  4.363965069320D+01
  4.262571688759D+01  4.163176941195D+01  4.065735631680D+01  3.970201113091D+01
  3.876524078724D+01
N_07 POTENTIAL                      exc: Vosko,Wilk,Nusair      
  1.76095821  6.66250000  1.77099661
   7.00000
   2.05765   0.8007215778   0.8498763938
353
 0.25000000D-01 0.31020338D-03
 2 1
    0  -2.69998930000D+01
    0  -4.29582100000D-01
  2.602658873061D+01  2.602698011696D+01  2.602738103733D+01  2.602781753320D+01
  2.602826997164D+01  2.602873611064D+01  2.602921475113D+01  2.602970629752D+01
  2.603021031563D+01  2.603072751361D+01  2.603125760548D+01  2.603180138394D+01
  2.603235861793D+01  2.603293013981D+01  2.603351574984D+01  2.603411630690D+01
  2.603473163493D+01  2.603536261474D+01  2.603600909117D+01  2.603667196534D+01
  2.603735110212D+01  2.603804742249D+01  2.603876081125D+01  2.603949220941D+01
  2.604024152199D+01  2.604100971046D+01  2.604179670060D+01  2.604260347494D+01
  2.604342998066D+01  2.604427722206D+01  2.604514516847D+01  2.604603484672D+01
  2.604694624910D+01  2.604788042581D+01  2.604883739291D+01  2.604981822485D+01
  2.605082296238D+01  2.605185270504D+01  2.605290751935D+01  2.605398853403D+01
  2.605509622794D+01  2.605623135759D+01  2.605739404356D+01  2.605858546662D+01
  2.605980577571D+01  2.606105618042D+01  2.606233685901D+01  2.606364905090D+01
  2.606499296462D+01  2.606636987039D+01  2.606778000803D+01  2.606922467947D+01
  2.607070415677D+01  2.607221977459D+01  2.607377183816D+01  2.607536171578D+01
  2.607698974677D+01  2.607865733398D+01  2.608036485174D+01  2.608211373833D+01
  2.608390440391D+01  2.608573832301D+01  2.608761594244D+01  2.608953877377D+01
  2.609150730118D+01  2.609352307397D+01  2.609558661437D+01  2.609769951000D+01
  2.609986232175D+01  2.610207667608D+01  2.610434317295D+01  2.610666347811D+01
  2.610903823093D+01  2.611146913668D+01  2.611395687434D+01  2.611650318883D+01
  2.611910879875D+01  2.612177548857D+01  2.612450401636D+01  2.612729620585D+01
  2.613015285415D+01  2.613307582376D+01  2.613606595016D+01  2.613912513380D+01
  2.614225424760D+01  2.614545522884D+01  2.614872898661D+01  2.615207749356D+01
  2.615550169327D+01  2.615900359193D+01  2.616258416554D+01  2.616624545152D+01
  2.616998845575D+01  2.617381524406D+01  2.617772684917D+01  2.618172536197D+01
  2.618581183834D+01  2.618998839027D+01  2.619425609246D+01  2.619861707333D+01
  2.620307242141D+01  2.620762427610D+01  2.621227373386D+01  2.621702293880D+01
  2.622187298860D+01  2.622682602482D+01  2.623188313861D+01  2.623704646074D+01
  2.624231706701D+01  2.624769706795D+01  2.625318751397D+01  2.625879048471D+01
  2.626450699384D+01  2.627033907806D+01  2.627628770147D+01  2.628235484425D+01
  2.628854140657D+01  2.629484929684D+01  2.630127933519D+01  2.630783334122D+01
  2.631451203702D+01  2.632131713436D+01  2.632824923722D+01  2.633530992841D+01
  2.634249967152D+01  2.634981989693D+01  2.635727090312D+01  2.636485394208D+01
  2.637256911989D+01  2.638041748146D+01  2.638839891037D+01  2.639651421283D+01
  2.640476301682D+01  2.641314585515D+01  2.642166206380D+01  2.643031186417D+01
  2.643909426043D+01  2.644800912090D+01  2.645705507450D+01  2.646623159110D+01
  2.647553687693D+01  2.648496995400D+01  2.649452855440D+01  2.650421119861D+01
  2.651401508875D+01  2.652393818571D+01  2.653397710126D+01  2.654412917399D+01
  2.655439036024D+01  2.656475730880D+01  2.657522525058D+01  2.658579007207D+01
  2.659644620377D+01  2.660718869233D+01  2.661801108767D+01  2.662890751388D+01
  2.663987055501D+01  2.665089332467D+01  2.666196735053D+01  2.667308464266D+01
  2.668423557679D+01  2.669541096133D+01  2.670659991950D+01  2.671779195513D+01
  2.672897483367D+01  2.674013664691D+01  2.675126369291D+01  2.676234253987D+01
  2.677335790505D+01  2.678429471788D+01  2.679513599823D+01  2.680586491887D+01
  2.681646268324D+01  2.682691058762D+01  2.683718789867D+01  2.684727391556D+01
  2.685714584770D+01  2.686678087709D+01  2.687615403667D+01  2.688524027342D+01
  2.689401232767D+01  2.690244279752D+01  2.691050201961D+01  2.691816013543D+01
  2.692538497429D+01  2.693214412203D+01  2.693840280693D+01  2.694412597164D+01
  2.694927616269D+01  2.695381560657D+01  2.695770410375D+01  2.696090110969D+01
  2.696336363442D+01  2.696504832950D+01  2.696590939415D+01  2.696590066932D+01
  2.696497355142D+01  2.696307909471D+01  2.696016593384D+01  2.695618239569D+01
  2.695107443208D+01  2.694478774236D+01  2.693726571742D+01  2.692845157442D+01
  2.691828631349D+01  2.690671086575D+01  2.689366406405D+01  2.687908480559D+01
  2.686291003784D+01  2.684507693699D+01  2.682552091022D+01  2.680417779100D+01
  2.678098185867D+01  2.675586805151D+01  2.672877000442D+01  2.669962228035D+01
  2.666835842659D+01  2.663491322487D+01  2.659922076639D+01  2.656121672057D+01
  2.652083642848D+01  2.647801718968D+01  2.643269637324D+01  2.638481372156D+01
  2.633430947758D+01  2.628112670378D+01  2.622520942345D+01  2.616650495242D+01
  2.610496205148D+01  2.604053326751D+01  2.597317309330D+01  2.590284031390D+01
  2.582949616926D+01  2.575310670057D+01  2.567364091014D+01  2.559107310174D+01
  2.550538103108D+01  2.541654823315D+01  2.532456215580D+01  2.522941646609D+01
  2.513110915860D+01  2.502964483202D+01  2.492503276297D+01  2.481728914333D+01
  2.470643510973D+01  2.459249893152D+01  2.447551398568D+01  2.435552088505D+01
  2.423256538800D+01  2.410670045696D+01  2.397798409235D+01  2.384648131020D+01
  2.371226189146D+01  2.357540226947D+01  2.343598318488D+01  2.329409147482D+01
  2.314981762576D+01  2.300325745750D+01  2.285450956820D+01  2.270367690861D+01
  2.255086411606D+01  2.239617897717D+01  2.223972965097D+01  2.208162602243D+01
  2.192197681945D+01  2.176089086480D+01  2.159847409799D+01  2.143483074087D+01
  2.127006024448D+01  2.110425839416D+01  2.093751421459D+01  2.076991105636D+01
  2.060152351160D+01  2.043241854719D+01  2.026265251122D+01  2.009227241113D+01
  1.992131312993D+01  1.974979899125D+01  1.957774135272D+01  1.940514065104D+01
  1.923198458977D+01  1.905825090091D+01  1.888390637273D+01  1.870891056634D+01
  1.853321589078D+01  1.835677241821D+01  1.817952904597D+01  1.800143930154D+01
  1.782246328982D+01  1.764257395827D+01  1.746175905820D+01  1.728002687510D+01
  1.709740704466D+01  1.691395452826D+01  1.672974814282D+01  1.654489187730D+01
  1.635951061499D+01  1.617374875600D+01  1.598776361779D+01  1.580172232389D+01
  1.561579419712D+01  1.543014741292D+01  1.524494188182D+01  1.506032699618D+01
  1.487643604309D+01  1.469338573590D+01  1.451127249415D+01  1.433017378134D+01
  1.415014602454D+01  1.397122735994D+01  1.379343669687D+01  1.361677734125D+01
  1.344123668689D+01  1.326679024372D+01  1.309340154453D+01  1.292102623433D+01
  1.274961191647D+01  1.257910208924D+01  1.240943577183D+01  1.224055117445D+01
  1.207238502788D+01  1.190487594044D+01  1.173796340757D+01  1.157159084971D+01
  1.140570430909D+01  1.124025518517D+01  1.107519864220D+01  1.091049607037D+01
  1.074611323522D+01  1.058202249744D+01  1.041820073776D+01  1.025463136874D+01
  1.009130206787D+01  9.928206612716D+00  9.765342451601D+00  9.602712389032D+00
  9.440322018085D+00  9.278181276734D+00  9.116301758738D+00  8.954698153302D+00
  8.793385442187D+00  8.632380225293D+00  8.471697801312D+00  8.311353371135D+00
  8.151358988854D+00  7.991724625057D+00  7.832454967461D+00  7.673550319853D+00
  7.515003228619D+00  7.356799245007D+00  7.198913204865D+00  7.041310026278D+00
  6.883940659547D+00
Vac0 POTENTIAL                      exc: Vosko,Wilk,Nusair      
  2.31897314  6.66250000  2.29182178
   0.00000
   2.53289   0.8007215778   0.8498763938
353
 0.25000000D-01 0.38184860D-03
 0 1
  7.879440742602D-01  7.879192984463D-01  7.878930774601D-01  7.878855812100D-01
  7.878812956880D-01  7.878795578810D-01  7.878780447969D-01  7.878780827458D-01
  7.878779215870D-01  7.878791123229D-01  7.878800122344D-01  7.878822319094D-01
  7.878841661183D-01  7.878874520584D-01  7.878905055133D-01  7.878949820579D-01
  7.878993149088D-01  7.879051770928D-01  7.879110202114D-01  7.879185371771D-01
  7.879262015187D-01  7.879357307475D-01  7.879456261988D-01  7.879576370012D-01
  7.879703006636D-01  7.879854078098D-01  7.880015436785D-01  7.880205539669D-01
  7.880410875128D-01  7.880650635913D-01  7.880912163290D-01  7.881215639633D-01
  7.881549555499D-01  7.881935430217D-01  7.882363310992D-01  7.882856530728D-01
  7.883407233361D-01  7.884040257782D-01  7.884685336746D-01  7.884959313040D-01
  7.884680225284D-01  7.884423740944D-01  7.884172658796D-01  7.883942184916D-01
  7.883715302061D-01  7.883507379506D-01  7.883301545225D-01  7.883113298055D-01
  7.882925881824D-01  7.882754899219D-01  7.882583687423D-01  7.882427933206D-01
  7.882271049642D-01  7.882128792138D-01  7.881984635974D-01  7.881854393025D-01
  7.881721589963D-01  7.881602085455D-01  7.881479448938D-01  7.881369578157D-01
  7.881256078313D-01  7.881154879965D-01  7.881049618452D-01  7.880956252081D-01
  7.880858441716D-01  7.880772169189D-01  7.880681117134D-01  7.880601287492D-01
  7.880516381484D-01  7.880442418328D-01  7.880363115238D-01  7.880294506284D-01
  7.880220322517D-01  7.880156610865D-01  7.880087114340D-01  7.880027891061D-01
  7.879962694483D-01  7.879907592448D-01  7.879846347518D-01  7.879795036065D-01
  7.879737428633D-01  7.879689609064D-01  7.879635354923D-01  7.879590756634D-01
  7.879539597941D-01  7.879497975078D-01  7.879449677248D-01  7.879410805828D-01
  7.879365154853D-01  7.879328830255D-01  7.879285630356D-01  7.879251665134D-01
  7.879210736723D-01  7.879178958697D-01  7.879140136575D-01  7.879110387140D-01
  7.879073518927D-01  7.879045651566D-01  7.879010596285D-01  7.878984475253D-01
  7.878951102097D-01  7.878926601239D-01  7.878894788441D-01  7.878871790143D-01
  7.878841423994D-01  7.878819818214D-01  7.878790792136D-01  7.878770475557D-01
  7.878742689293D-01  7.878723564527D-01  7.878696923378D-01  7.878678898251D-01
  7.878653312389D-01  7.878636299253D-01  7.878611683066D-01  7.878595598188D-01
  7.878571869675D-01  7.878556632641D-01  7.878533712838D-01  7.878519246001D-01
  7.878497058430D-01  7.878483286355D-01  7.878461756500D-01  7.878448605453D-01
  7.878427660240D-01  7.878415057679D-01  7.878394624964D-01  7.878382499023D-01
  7.878362507093D-01  7.878350786076D-01  7.878331163130D-01  7.878319775004D-01
  7.878300448641D-01  7.878289320505D-01  7.878270217187D-01  7.878259274730D-01
  7.878240319227D-01  7.878229486168D-01  7.878210600998D-01  7.878199798489D-01
  7.878180903294D-01  7.878170049304D-01  7.878151060212D-01  7.878140068863D-01
  7.878120897809D-01  7.878109678662D-01  7.878090232647D-01  7.878078689945D-01
  7.878058870250D-01  7.878046902098D-01  7.878026603428D-01  7.878014100902D-01
  7.877993210459D-01  7.877980056639D-01  7.877958453120D-01  7.877944522040D-01
  7.877922074530D-01  7.877907230030D-01  7.877883796810D-01  7.877867891280D-01
  7.877843318505D-01  7.877826191506D-01  7.877800311768D-01  7.877781788528D-01
  7.877754419276D-01  7.877734309029D-01  7.877705250825D-01  7.877683344986D-01
  7.877652379597D-01  7.877628449759D-01  7.877595338051D-01  7.877569133775D-01
  7.877533613396D-01  7.877504859775D-01  7.877466642596D-01  7.877435037577D-01
  7.877393806878D-01  7.877359018297D-01  7.877314425658D-01  7.877276087981D-01
  7.877227749853D-01  7.877185460574D-01  7.877132954496D-01  7.877086270155D-01
  7.877029130576D-01  7.876977562378D-01  7.876915276047D-01  7.876858285012D-01
  7.876790285881D-01  7.876727277489D-01  7.876652941091D-01  7.876583259375D-01
  7.876501896612D-01  7.876424817626D-01  7.876335667901D-01  7.876250392505D-01
  7.876152616144D-01  7.876058262036D-01  7.875950931908D-01  7.875846524817D-01
  7.875728617079D-01  7.875613081033D-01  7.875483464900D-01  7.875355611478D-01
  7.875213037922D-01  7.875071554368D-01  7.874914643626D-01  7.874758079723D-01
  7.874585307497D-01  7.874412061051D-01  7.874221743248D-01  7.874030044057D-01
  7.873820319931D-01  7.873608212054D-01  7.873377025575D-01  7.873142347744D-01
  7.872887426999D-01  7.872627790967D-01  7.872346625394D-01  7.872059392000D-01
  7.871749207229D-01  7.871431459943D-01  7.871089189979D-01  7.870737705660D-01
  7.870359962138D-01  7.869971178706D-01  7.869554216903D-01  7.869124197605D-01
  7.868663878868D-01  7.868188272773D-01  7.867680022979D-01  7.867154021302D-01
  7.866592784940D-01  7.866011072755D-01  7.865391262147D-01  7.864747965003D-01
  7.864063404171D-01  7.863352029055D-01  7.862595891646D-01  7.861809261717D-01
  7.860974002365D-01  7.860104184766D-01  7.859181463183D-01  7.858219689221D-01
  7.857200286250D-01  7.856136863111D-01  7.855010587878D-01  7.853834800970D-01
  7.852590388181D-01  7.851290393120D-01  7.849915389442D-01  7.848478092548D-01
  7.846958730915D-01  7.845369656987D-01  7.843690717509D-01  7.841933863509D-01
  7.840078519544D-01  7.838136192664D-01  7.836085840447D-01  7.833938478848D-01
  7.831672548877D-01  7.829298523216D-01  7.826794271398D-01  7.824169665041D-01
  7.821401941370D-01  7.818500306919D-01  7.815441299199D-01  7.812233388707D-01
  7.808852338531D-01  7.805305804465D-01  7.801568692326D-01  7.797647755953D-01
  7.793516951979D-01  7.789182035467D-01  7.784615911834D-01  7.779823229852D-01
  7.774775730392D-01  7.769476836472D-01  7.763896998432D-01  7.758038280673D-01
  7.751869702834D-01  7.745391822799D-01  7.738572073374D-01  7.731409341087D-01
  7.723869297790D-01  7.715948974687D-01  7.707612088188D-01  7.698853608519D-01
  7.689635079037D-01  7.679949178644D-01  7.669755033640D-01  7.659042773014D-01
  7.647768831735D-01  7.635920497808D-01  7.623451205674D-01  7.610345073688D-01
  7.596552186026D-01  7.582053118932D-01  7.566794209175D-01  7.550752067034D-01
  7.533868828891D-01  7.516116654436D-01  7.497432960404D-01  7.477784898840D-01
  7.457104568258D-01  7.435353468999D-01  7.412457687131D-01  7.388372321883D-01
  7.363016636410D-01  7.336338450945D-01  7.308249252981D-01  7.278688548070D-01
  7.247558920001D-01  7.214790328951D-01  7.180275109713D-01  7.143932204083D-01
  7.105642081937D-01  7.065310891145D-01  7.022805282147D-01  6.978016454066D-01
  6.930794858156D-01  6.881014112852D-01  6.828505554707D-01  6.773121987535D-01
  6.714672040752D-01  6.652983708029D-01  6.587838461797D-01  6.519034524249D-01
  6.446320672392D-01  6.369459168037D-01  6.288159169225D-01  6.202139224918D-01
  6.111060184740D-01  6.014587137117D-01  5.912321678585D-01  5.803863139640D-01
  5.688740035758D-01  5.566470381518D-01  5.436492096460D-01  5.298222153765D-01
  5.150985654103D-01  4.994073490062D-01  4.826669730657D-01  4.647907409608D-01
  4.456793787354D-01  4.252263788561D-01  4.033102679495D-01  3.797996567849D-01
  3.545451931096D-01  3.273844334199D-01  2.981329009308D-01  2.665892428637D-01
  2.325255645456D-01
Vac0 POTENTIAL                      exc: Vosko,Wilk,Nusair      
  1.76095821  6.66250000  1.77099661
   0.00000
   2.05765   0.8007215778   0.8498763938
353
 0.25000000D-01 0.31020338D-03
 0 1
  5.909164845827D-01  5.908783947632D-01  5.908389448734D-01  5.908269950996D-01
  5.908203580175D-01  5.908164019906D-01  5.908132795888D-01  5.908113234742D-01
  5.908095273374D-01  5.908085486655D-01  5.908075321950D-01  5.908072150607D-01
  5.908067885486D-01  5.908070189833D-01  5.908071173622D-01  5.908078642785D-01
  5.908084816829D-01  5.908097591697D-01  5.908109265054D-01  5.908127804761D-01
  5.908145577737D-01  5.908170621399D-01  5.908195374799D-01  5.908227951822D-01
  5.908260874427D-01  5.908302347242D-01  5.908344992817D-01  5.908397128092D-01
  5.908451501991D-01  5.908516573887D-01  5.908585254074D-01  5.908666185041D-01
  5.908752485712D-01  5.908853036720D-01  5.908961228813D-01  5.909086253810D-01
  5.909221856338D-01  5.909377468959D-01  5.909532895645D-01  5.909587945459D-01
  5.909503047597D-01  5.909426428770D-01  5.909349957404D-01  5.909281166053D-01
  5.909211978214D-01  5.909149975343D-01  5.909087124461D-01  5.909031045830D-01
  5.908973741237D-01  5.908922862029D-01  5.908870438058D-01  5.908824145881D-01
  5.908776038099D-01  5.908733811898D-01  5.908689538505D-01  5.908650932096D-01
  5.908610079332D-01  5.908574708414D-01  5.908536918837D-01  5.908504450573D-01
  5.908469413834D-01  5.908439558434D-01  5.908407003694D-01  5.908379507726D-01
  5.908349197483D-01  5.908323838189D-01  5.908295563339D-01  5.908272144177D-01
  5.908245719787D-01  5.908224066599D-01  5.908199328482D-01  5.908179286333D-01
  5.908156088203D-01  5.908137518809D-01  5.908115729785D-01  5.908098509226D-01
  5.908078011885D-01  5.908062028763D-01  5.908042717338D-01  5.908027871171D-01
  5.908009650111D-01  5.907995849955D-01  5.907978632648D-01  5.907965795944D-01
  5.907949503621D-01  5.907937555152D-01  5.907922115959D-01  5.907910987016D-01
  5.907896335164D-01  5.907885962733D-01  5.907872037817D-01  5.907862363933D-01
  5.907849110293D-01  5.907840081448D-01  5.907827447588D-01  5.907819014202D-01
  5.907806952338D-01  5.907799068291D-01  5.907787533877D-01  5.907780156105D-01
  5.907769107451D-01  5.907762195553D-01  5.907751593474D-01  5.907745109382D-01
  5.907734916852D-01  5.907728824519D-01  5.907719006381D-01  5.907713271483D-01
  5.907703794181D-01  5.907698383853D-01  5.907689215156D-01  5.907684097730D-01
  5.907675206489D-01  5.907670351281D-01  5.907661707193D-01  5.907657084235D-01
  5.907648657618D-01  5.907644237451D-01  5.907635999021D-01  5.907631752478D-01
  5.907623673122D-01  5.907619571098D-01  5.907611621663D-01  5.907607634895D-01
  5.907599785958D-01  5.907595884805D-01  5.907588106448D-01  5.907584260656D-01
  5.907576522227D-01  5.907572700689D-01  5.907564970568D-01  5.907561141078D-01
  5.907553386404D-01  5.907549515388D-01  5.907541701802D-01  5.907537754038D-01
  5.907529845387D-01  5.907525783714D-01  5.907517741741D-01  5.907513526727D-01
  5.907505310741D-01  5.907500900346D-01  5.907492466863D-01  5.907487816061D-01
  5.907479118415D-01  5.907474178788D-01  5.907465166703D-01  5.907459886002D-01
  5.907450505132D-01  5.907444826794D-01  5.907435018220D-01  5.907428880834D-01
  5.907418580513D-01  5.907411917250D-01  5.907401055406D-01  5.907393793377D-01
  5.907382293839D-01  5.907374353404D-01  5.907362132870D-01  5.907353426870D-01
  5.907340394110D-01  5.907330827021D-01  5.907316881987D-01  5.907306348993D-01
  5.907291381849D-01  5.907279767822D-01  5.907263657862D-01  5.907250836227D-01
  5.907233450698D-01  5.907219282195D-01  5.907200474985D-01  5.907184806293D-01
  5.907164416493D-01  5.907147078713D-01  5.907124929021D-01  5.907105736010D-01
  5.907081630976D-01  5.907060377496D-01  5.907034101583D-01  5.907010561260D-01
  5.906981876698D-01  5.906955799776D-01  5.906924444201D-01  5.906895555051D-01
  5.906861238884D-01  5.906829233257D-01  5.906791636819D-01  5.906756178812D-01
  5.906714949136D-01  5.906675667835D-01  5.906630415136D-01  5.906586900913D-01
  5.906537194697D-01  5.906488995114D-01  5.906434359869D-01  5.906380975154D-01
  5.906320885597D-01  5.906261763641D-01  5.906195639459D-01  5.906130170293D-01
  5.906057370334D-01  5.905984880019D-01  5.905904695869D-01  5.905824439744D-01
  5.905736088634D-01  5.905647243861D-01  5.905549860818D-01  5.905451518127D-01
  5.905344147309D-01  5.905235301888D-01  5.905116886997D-01  5.904996428415D-01
  5.904865802104D-01  5.904732503174D-01  5.904588375337D-01  5.904440879799D-01
  5.904281824625D-01  5.904118633541D-01  5.903943075203D-01  5.903762531905D-01
  5.903568728738D-01  5.903369002192D-01  5.903155029200D-01  5.902934095616D-01
  5.902697825131D-01  5.902453447624D-01  5.902192527922D-01  5.901922234021D-01
  5.901634065677D-01  5.901335122466D-01  5.901016832201D-01  5.900686218815D-01
  5.900334630581D-01  5.899969007800D-01  5.899580610798D-01  5.899176287405D-01
  5.898747200709D-01  5.898300096292D-01  5.897826029720D-01  5.897331633515D-01
  5.896807844342D-01  5.896261169699D-01  5.895682414767D-01  5.895077948778D-01
  5.894438431500D-01  5.893770079249D-01  5.893063390968D-01  5.892324413839D-01
  5.891543468917D-01  5.890726416304D-01  5.889863380277D-01  5.888960013981D-01
  5.888006224004D-01  5.887007434524D-01  5.885953311275D-01  5.884849025096D-01
  5.883683975207D-01  5.882463052100D-01  5.881175360052D-01  5.879825479277D-01
  5.878402187601D-01  5.876909721786D-01  5.875336498271D-01  5.873686373578D-01
  5.871947364013D-01  5.870122905053D-01  5.868200569884D-01  5.866183327654D-01
  5.864058260713D-01  5.861827821604D-01  5.859478548859D-01  5.857012322568D-01
  5.854415078571D-01  5.851688062443D-01  5.848816541880D-01  5.845801058916D-01
  5.842626140292D-01  5.839291547687D-01  5.835780985825D-01  5.832093350476D-01
  5.828211434026D-01  5.824133170970D-01  5.819840340628D-01  5.815329809806D-01
  5.810582232301D-01  5.805593288368D-01  5.800342380589D-01  5.794823869729D-01
  5.789015766491D-01  5.782910963268D-01  5.776485921228D-01  5.769731897395D-01
  5.762623626425D-01  5.755150542343D-01  5.747285454248D-01  5.739015761940D-01
  5.730312124661D-01  5.721159669684D-01  5.711526653048D-01  5.701395660006D-01
  5.690732256515D-01  5.679516180233D-01  5.667709981263D-01  5.655290202135D-01
  5.642216006014D-01  5.628460343756D-01  5.613978567409D-01  5.598739582031D-01
  5.582694441850D-01  5.565807483990D-01  5.548024904068D-01  5.529305868333D-01
  5.509591064707D-01  5.488833789016D-01  5.466968466532D-01  5.443941706906D-01
  5.419680790055D-01  5.394124683044D-01  5.367192482616D-01  5.338814385526D-01
  5.308900078009D-01  5.277369648827D-01  5.244121913417D-01  5.209065256012D-01
  5.172085872887D-01  5.133078526187D-01  5.091914686398D-01  5.048473175644D-01
  5.002608183949D-01  4.954179773442D-01  4.903021735709D-01  4.848971920085D-01
  4.791839889913D-01  4.731437027280D-01  4.667543933540D-01  4.599940248637D-01
  4.528371724899D-01  4.452579680349D-01  4.372267653211D-01  4.287130383922D-01
  4.196819929370D-01  4.100974035795D-01  3.999181554291D-01  3.891010024353D-01
  3.775970183308D-01  3.653542519916D-01  3.523140629451D-01  3.384136394682D-01
  3.235821807736D-01  3.077433631927D-01  2.908109052649D-01  2.726913766702D-01
  2.532791546756D-01
