In49 POTENTIAL                      exc: Vosko,Wilk,Nusair      
  2.37798540  6.82500000  2.34921590
  49.00000
   2.59633   0.7247658572   0.8163257546
353
 0.25000000D-01 0.39141124D-03
 9 1
    0  -1.96656160000D+03
    0  -2.87428550000D+02
    0  -5.37136240000D+01
    0  -7.39818510000D+00
    1  -2.68528840000D+02
    1  -4.59639090000D+01
    1  -4.86454470000D+00
    2  -3.15522220000D+01
    2  -7.38539920000D-01
  4.724081916717D+02  4.724359157545D+02  4.724642699975D+02  4.724932602366D+02
  4.725228954757D+02  4.725531898426D+02  4.725841532626D+02  4.726157999583D+02
  4.726481400722D+02  4.726811879448D+02  4.727149538609D+02  4.727494522428D+02
  4.727846934625D+02  4.728206919812D+02  4.728574582026D+02  4.728950065755D+02
  4.729333474750D+02  4.729724952774D+02  4.730124602612D+02  4.730532566612D+02
  4.730948945829D+02  4.731373880402D+02  4.731807468800D+02  4.732249848051D+02
  4.732701113070D+02  4.733161396758D+02  4.733630789388D+02  4.734109418590D+02
  4.734597368776D+02  4.735094761023D+02  4.735601672518D+02  4.736118216348D+02
  4.736644460959D+02  4.737180509848D+02  4.737726421027D+02  4.738282286627D+02
  4.738848152348D+02  4.739424096980D+02  4.740010151839D+02  4.740606380193D+02
  4.741212796757D+02  4.741829446780D+02  4.742456325685D+02  4.743093458227D+02
  4.743740817833D+02  4.744398405765D+02  4.745066170406D+02  4.745744086330D+02
  4.746432073537D+02  4.747130076421D+02  4.747837982952D+02  4.748555703539D+02
  4.749283090144D+02  4.750020015046D+02  4.750766289883D+02  4.751521744305D+02
  4.752286144940D+02  4.753059273939D+02  4.753840847856D+02  4.754630596082D+02
  4.755428179633D+02  4.756233269475D+02  4.757045465211D+02  4.757864373295D+02
  4.758689525621D+02  4.759520457616D+02  4.760356626729D+02  4.761197490408D+02
  4.762042424484D+02  4.762890801030D+02  4.763741906648D+02  4.764595020203D+02
  4.765449331011D+02  4.766304016466D+02  4.767158160124D+02  4.768010829218D+02
  4.768860992659D+02  4.769707598447D+02  4.770549491580D+02  4.771385491380D+02
  4.772214309332D+02  4.773034626322D+02  4.773845010423D+02  4.774643994068D+02
  4.775429991795D+02  4.776201377379D+02  4.776956401553D+02  4.777693269128D+02
  4.778410056716D+02  4.779104789865D+02  4.779775360815D+02  4.780419605686D+02
  4.781035222307D+02  4.781619847485D+02  4.782170974960D+02  4.782686032806D+02
  4.783162301548D+02  4.783596991753D+02  4.783987162372D+02  4.784329798574D+02
  4.784621730376D+02  4.784859710788D+02  4.785040334800D+02  4.785160117913D+02
  4.785215415555D+02  4.785202502085D+02  4.785117490717D+02  4.784956413081D+02
  4.784715139746D+02  4.784389460430D+02  4.783975005218D+02  4.783467325508D+02
  4.782861816030D+02  4.782153796624D+02  4.781338435154D+02  4.780410830220D+02
  4.779365935064D+02  4.778198641317D+02  4.776903703985D+02  4.775475826317D+02
  4.773909585967D+02  4.772199521064D+02  4.770340057615D+02  4.768325596849D+02
  4.766150443917D+02  4.763808896555D+02  4.761295175117D+02  4.758603512571D+02
  4.755728085873D+02  4.752663107282D+02  4.749402757029D+02  4.745941275908D+02
  4.742272899158D+02  4.738391950209D+02  4.734292775655D+02  4.729969839988D+02
  4.725417661454D+02  4.720630907548D+02  4.715604331485D+02  4.710332868134D+02
  4.704811570760D+02  4.699035707008D+02  4.693000695470D+02  4.686702201242D+02
  4.680136071787D+02  4.673298431489D+02  4.666185616194D+02  4.658794266105D+02
  4.651121258289D+02  4.643163797165D+02  4.634919344205D+02  4.626385705198D+02
  4.617560956309D+02  4.608443527271D+02  4.599032122936D+02  4.589325801541D+02
  4.579323890926D+02  4.569026061065D+02  4.558432234203D+02  4.547542650998D+02
  4.536357773994D+02  4.524878347002D+02  4.513105291630D+02  4.501039759765D+02
  4.488683023465D+02  4.476036521063D+02  4.463101741224D+02  4.449880263948D+02
  4.436373640527D+02  4.422583431700D+02  4.408511086340D+02  4.394157980222D+02
  4.379525297539D+02  4.364614075071D+02  4.349425091986D+02  4.333958925434D+02
  4.318215855162D+02  4.302195937389D+02  4.285898931129D+02  4.269324396952D+02
  4.252471650891D+02  4.235339892704D+02  4.217928190082D+02  4.200235636582D+02
  4.182261363117D+02  4.164004718767D+02  4.145465298575D+02  4.126643131935D+02
  4.107538707327D+02  4.088153145531D+02  4.068488196323D+02  4.048546370977D+02
  4.028330886815D+02  4.007845738519D+02  3.987095575840D+02  3.966085706569D+02
  3.944821909037D+02  3.923310377576D+02  3.901557489323D+02  3.879569719045D+02
  3.857353392412D+02  3.834914605107D+02  3.812258997599D+02  3.789391711154D+02
  3.766317212190D+02  3.743039307223D+02  3.719561031879D+02  3.695884732659D+02
  3.672012021588D+02  3.647943919541D+02  3.623680866021D+02  3.599222909376D+02
  3.574569753973D+02  3.549720977533D+02  3.524676094818D+02  3.499434780888D+02
  3.473996930407D+02  3.448362866754D+02  3.422533378139D+02  3.396509895221D+02
  3.370294488612D+02  3.343890001780D+02  3.317299998824D+02  3.290528844177D+02
  3.263581595105D+02  3.236464025710D+02  3.209182465125D+02  3.181743770615D+02
  3.154155120496D+02  3.126423949639D+02  3.098557715551D+02  3.070563820055D+02
  3.042449376725D+02  3.014221151944D+02  2.985885371081D+02  2.957447718464D+02
  2.928913221910D+02  2.900286347808D+02  2.871570992327D+02  2.842770686815D+02
  2.813888692268D+02  2.784928288304D+02  2.755892918194D+02  2.726786483727D+02
  2.697613443901D+02  2.668379010445D+02  2.639089101723D+02  2.609750364056D+02
  2.580369944488D+02  2.550955349302D+02  2.521514095606D+02  2.492053507266D+02
  2.462580370231D+02  2.433100796220D+02  2.403619998829D+02  2.374142314288D+02
  2.344671151792D+02  2.315209187269D+02  2.285758470101D+02  2.256320745415D+02
  2.226897654601D+02  2.197491113537D+02  2.168103531727D+02  2.138738174123D+02
  2.109399332542D+02  2.080092613651D+02  2.050825015314D+02  2.021605103525D+02
  1.992442966827D+02  1.963350264727D+02  1.934340052422D+02  1.905426701738D+02
  1.876625604377D+02  1.847952981747D+02  1.819425489982D+02  1.791059948542D+02
  1.762872884043D+02  1.734880221630D+02  1.707096819686D+02  1.679536185283D+02
  1.652210071901D+02  1.625128303484D+02  1.598298532691D+02  1.571726282204D+02
  1.545414976589D+02  1.519366303872D+02  1.493580589441D+02  1.468057477566D+02
  1.442796540697D+02  1.417798041218D+02  1.393063407788D+02  1.368595633436D+02
  1.344399201795D+02  1.320479855260D+02  1.296843951601D+02  1.273497849469D+02
  1.250447138679D+02  1.227696150611D+02  1.205247498517D+02  1.183101989283D+02
  1.161258567860D+02  1.139714573501D+02  1.118465937596D+02  1.097507596754D+02
  1.076833761577D+02  1.056438333062D+02  1.036315126210D+02  1.016458210633D+02
  9.968620409405D+01  9.775216975646D+01  9.584329180836D+01  9.395922440182D+01
  9.209969670653D+01  9.026452010923D+01  8.845357648624D+01  8.666682019909D+01
  8.490426228914D+01  8.316596945766D+01  8.145204623015D+01  7.976263278754D+01
  7.809788676157D+01  7.645798135763D+01  7.484308799629D+01  7.325337571904D+01
  7.168899545257D+01  7.015008127269D+01  6.863673668415D+01  6.714903797319D+01
  6.568702259533D+01  6.425069459420D+01  6.284001498536D+01  6.145490906233D+01
  6.009525855142D+01  5.876091054994D+01  5.745167117871D+01  5.616731586288D+01
  5.490758417064D+01  5.367219108581D+01  5.246082261761D+01  5.127314755468D+01
  5.010881321568D+01  4.896745692599D+01  4.784870104477D+01  4.675216325755D+01
  4.567745003252D+01  4.462416506440D+01  4.359190079569D+01  4.258024501267D+01
  4.158877080616D+01  4.061704209881D+01  3.966460251823D+01  3.873098116012D+01
  3.781568109986D+01
N_07 POTENTIAL                      exc: Vosko,Wilk,Nusair      
  1.80145647  6.82500000  1.81203139
   7.00000
   2.10533   0.7247658572   0.8163257546
353
 0.25000000D-01 0.31739093D-03
 2 1
    0  -2.69998930000D+01
    0  -4.29582100000D-01
  2.594276435035D+01  2.594316540468D+01  2.594357625632D+01  2.594402308892D+01
  2.594448618220D+01  2.594496323021D+01  2.594545308096D+01  2.594595609462D+01
  2.594647188985D+01  2.594700113297D+01  2.594754359211D+01  2.594810001895D+01
  2.594867023712D+01  2.594925503846D+01  2.594985427838D+01  2.595046877561D+01
  2.595109840965D+01  2.595174402152D+01  2.595240551199D+01  2.595308374277D+01
  2.595377863501D+01  2.595449107068D+01  2.595522099123D+01  2.595596929902D+01
  2.595673595610D+01  2.595752188571D+01  2.595832707103D+01  2.595915245674D+01
  2.595999804785D+01  2.596086481121D+01  2.596175277437D+01  2.596266292714D+01
  2.596359532044D+01  2.596455096788D+01  2.596552994459D+01  2.596653328883D+01
  2.596756110086D+01  2.596861444450D+01  2.596969344618D+01  2.597079919883D+01
  2.597193224426D+01  2.597309330211D+01  2.597428255383D+01  2.597550114580D+01
  2.597674928827D+01  2.597802815692D+01  2.597933799178D+01  2.598067999879D+01
  2.598205444876D+01  2.598346257886D+01  2.598490469160D+01  2.598638205637D+01
  2.598789500836D+01  2.598944485011D+01  2.599103195042D+01  2.599265764592D+01
  2.599432233993D+01  2.599602740403D+01  2.599777327697D+01  2.599956136614D+01
  2.600139214652D+01  2.600326706213D+01  2.600518662496D+01  2.600715231639D+01
  2.600916468612D+01  2.601122525358D+01  2.601333460678D+01  2.601549430378D+01
  2.601770497144D+01  2.601996820687D+01  2.602228467623D+01  2.602465601605D+01
  2.602708293199D+01  2.602956710022D+01  2.603210926604D+01  2.603471114526D+01
  2.603737352278D+01  2.604009815384D+01  2.604288586267D+01  2.604573844359D+01
  2.604865675960D+01  2.605164264346D+01  2.605469699616D+01  2.605782168795D+01
  2.606101765671D+01  2.606428680894D+01  2.606763011796D+01  2.607104952483D+01
  2.607454603651D+01  2.607812162658D+01  2.608177733333D+01  2.608551516035D+01
  2.608933617447D+01  2.609324240624D+01  2.609723494771D+01  2.610131585276D+01
  2.610548623469D+01  2.610974816642D+01  2.611410277788D+01  2.611855215600D+01
  2.612309744194D+01  2.612774073083D+01  2.613248316879D+01  2.613732685243D+01
  2.614227292566D+01  2.614732347887D+01  2.615247964550D+01  2.615774350096D+01
  2.616311615884D+01  2.616859966959D+01  2.617419511634D+01  2.617990451324D+01
  2.618572890095D+01  2.619167024461D+01  2.619772952889D+01  2.620390865556D+01
  2.621020853816D+01  2.621663099904D+01  2.622317686361D+01  2.622984785688D+01
  2.623664469720D+01  2.624356899226D+01  2.625062133229D+01  2.625780318545D+01
  2.626511499045D+01  2.627255805134D+01  2.628013262942D+01  2.628783983742D+01
  2.629567973067D+01  2.630365320055D+01  2.631176006495D+01  2.632000096090D+01
  2.632837543423D+01  2.633688383139D+01  2.634552538823D+01  2.635430012093D+01
  2.636320691386D+01  2.637224540959D+01  2.638141409578D+01  2.639071219411D+01
  2.640013774626D+01  2.640968950171D+01  2.641936500263D+01  2.642916247066D+01
  2.643907889055D+01  2.644911189583D+01  2.645925785135D+01  2.646951373762D+01
  2.647987523219D+01  2.649033859276D+01  2.650089873728D+01  2.651155112582D+01
  2.652228983931D+01  2.653310946024D+01  2.654400315002D+01  2.655496452836D+01
  2.656598574942D+01  2.657705937985D+01  2.658817647363D+01  2.659932844892D+01
  2.661050516160D+01  2.662169678092D+01  2.663289186188D+01  2.664407921970D+01
  2.665524600117D+01  2.666637955803D+01  2.667746551735D+01  2.668848965408D+01
  2.669943596055D+01  2.671028851833D+01  2.672102956717D+01  2.673164137628D+01
  2.674210431301D+01  2.675239871385D+01  2.676250295309D+01  2.677239531393D+01
  2.678205205746D+01  2.679144929429D+01  2.680056105425D+01  2.680936115905D+01
  2.681782129313D+01  2.682591287792D+01  2.683360514452D+01  2.684086700999D+01
  2.684766515259D+01  2.685396589092D+01  2.685973326226D+01  2.686493090543D+01
  2.686952014319D+01  2.687346186948D+01  2.687671463685D+01  2.687923654919D+01
  2.688098335501D+01  2.688191034674D+01  2.688197046108D+01  2.688111618585D+01
  2.687929766858D+01  2.687646463219D+01  2.687256449296D+01  2.686754428633D+01
  2.686134879557D+01  2.685392248887D+01  2.684520766009D+01  2.683514637849D+01
  2.682367864274D+01  2.681074434465D+01  2.679628143776D+01  2.678022791618D+01
  2.676251999900D+01  2.674309412548D+01  2.672188515623D+01  2.669882838576D+01
  2.667385776136D+01  2.664690791377D+01  2.661791239442D+01  2.658680572469D+01
  2.655352165193D+01  2.651799521738D+01  2.648016103091D+01  2.643995535743D+01
  2.639731440971D+01  2.635217645250D+01  2.630448011245D+01  2.625416649841D+01
  2.620117752674D+01  2.614545805580D+01  2.608695422407D+01  2.602561559602D+01
  2.596139350976D+01  2.589424323059D+01  2.582412230404D+01  2.575099271241D+01
  2.567481922819D+01  2.559557156807D+01  2.551322274062D+01  2.542775119121D+01
  2.533913913710D+01  2.524737469573D+01  2.515245019921D+01  2.505436429778D+01
  2.495312024484D+01  2.484872796635D+01  2.474120230705D+01  2.463056505596D+01
  2.451684314360D+01  2.440007061342D+01  2.428028675961D+01  2.415753803375D+01
  2.403187611345D+01  2.390335973346D+01  2.377205267385D+01  2.363802550689D+01
  2.350135349538D+01  2.336211824542D+01  2.322040550664D+01  2.307630672315D+01
  2.292991672870D+01  2.278133518988D+01  2.263066419140D+01  2.247800956816D+01
  2.232347837883D+01  2.216718012656D+01  2.200922412290D+01  2.184972060156D+01
  2.168877797977D+01  2.152650387578D+01  2.136300228214D+01  2.119837450616D+01
  2.103271628035D+01  2.086611865795D+01  2.069866510102D+01  2.053043238207D+01
  2.036148771331D+01  2.019188973259D+01  2.002168576983D+01  1.985091303387D+01
  1.967959615569D+01  1.950774874117D+01  1.933537138238D+01  1.916245379258D+01
  1.898897352251D+01  1.881489892586D+01  1.864018882469D+01  1.846479652215D+01
  1.828867057457D+01  1.811175991016D+01  1.793401562217D+01  1.775539691801D+01
  1.757587343069D+01  1.739543125010D+01  1.721407477215D+01  1.703183165377D+01
  1.684875296302D+01  1.666491588155D+01  1.648042119919D+01  1.629539317939D+01
  1.610997429838D+01  1.592432270315D+01  1.573860511699D+01  1.555299318905D+01
  1.536765607374D+01  1.518275719867D+01  1.499844789065D+01  1.481486565298D+01
  1.463212957764D+01  1.445034050899D+01  1.426957829324D+01  1.408990361978D+01
  1.391135671751D+01  1.373396037812D+01  1.355771956355D+01  1.338262508472D+01
  1.320865363605D+01  1.303577170684D+01  1.286393568921D+01  1.269309573727D+01
  1.252319572727D+01  1.235417689933D+01  1.218597755165D+01  1.201853638529D+01
  1.185179188356D+01  1.168568533475D+01  1.152015988999D+01  1.135516327069D+01
  1.119064652154D+01  1.102656642664D+01  1.086288398641D+01  1.069956657427D+01
  1.053658617163D+01  1.037392129996D+01  1.021155504887D+01  1.004947681820D+01
  9.887680172578D+00  9.726164425445D+00  9.564932349922D+00  9.403991632061D+00
  9.243352462422D+00  9.083028879449D+00  8.923036258905D+00  8.763392560153D+00
  8.604115721636D+00  8.445224813186D+00  8.286737335483D+00  8.128670270977D+00
  7.971037274769D+00  7.813849606725D+00  7.657113193108D+00  7.500829415304D+00
  7.344992016947D+00  7.189587766903D+00  7.034593056999D+00  6.879974575554D+00
  6.725685601698D+00
Vac0 POTENTIAL                      exc: Vosko,Wilk,Nusair      
  2.37798540  6.82500000  2.34921590
   0.00000
   2.59633   0.7247658572   0.8163257546
353
 0.25000000D-01 0.39141124D-03
 0 1
  7.465637913101D-01  7.465408894240D-01  7.465165672622D-01  7.465096754157D-01
  7.465056901283D-01  7.465041598196D-01  7.465027691542D-01  7.465029105423D-01
  7.465027997652D-01  7.465040379462D-01  7.465049405684D-01  7.465071639909D-01
  7.465090585570D-01  7.465123053126D-01  7.465152741301D-01  7.465196630827D-01
  7.465238581509D-01  7.465295735410D-01  7.465352121617D-01  7.465425064871D-01
  7.465498795924D-01  7.465590864330D-01  7.465685754827D-01  7.465801305346D-01
  7.465922329590D-01  7.466067042380D-01  7.466220690053D-01  7.466401985750D-01
  7.466596750115D-01  7.466824359596D-01  7.467071402419D-01  7.467358144009D-01
  7.467672203532D-01  7.468035043588D-01  7.468435674829D-01  7.468897178697D-01
  7.469410434697D-01  7.469999860566D-01  7.470599024804D-01  7.470847080043D-01
  7.470576105601D-01  7.470327523444D-01  7.470083718356D-01  7.469860369930D-01
  7.469640041435D-01  7.469438570765D-01  7.469238662105D-01  7.469056279027D-01
  7.468874238147D-01  7.468708603812D-01  7.468542283168D-01  7.468391422164D-01
  7.468239001589D-01  7.468101233964D-01  7.467961160409D-01  7.467835048244D-01
  7.467705988438D-01  7.467590293768D-01  7.467471096671D-01  7.467364747775D-01
  7.467254414232D-01  7.467156478533D-01  7.467054137104D-01  7.466963799302D-01
  7.466868686304D-01  7.466785230341D-01  7.466696673692D-01  7.466619468066D-01
  7.466536873827D-01  7.466465359404D-01  7.466388200667D-01  7.466321880513D-01
  7.466249688181D-01  7.466188119076D-01  7.466120474038D-01  7.466063259309D-01
  7.465999785874D-01  7.465946569394D-01  7.465886929712D-01  7.465837390770D-01
  7.465781280129D-01  7.465735128989D-01  7.465682271725D-01  7.465639245924D-01
  7.465589391951D-01  7.465549253043D-01  7.465502174861D-01  7.465464705621D-01
  7.465420195684D-01  7.465385197673D-01  7.465343066120D-01  7.465310357584D-01
  7.465270430277D-01  7.465239844247D-01  7.465201961016D-01  7.465173343737D-01
  7.465137356849D-01  7.465110566271D-01  7.465076339072D-01  7.465051243627D-01
  7.465018649334D-01  7.464995126755D-01  7.464964047372D-01  7.464941983698D-01
  7.464912309045D-01  7.464891597675D-01  7.464863224523D-01  7.464843765389D-01
  7.464816596645D-01  7.464798295446D-01  7.464772239438D-01  7.464755006952D-01
  7.464729976742D-01  7.464713728161D-01  7.464689640922D-01  7.464674295261D-01
  7.464651071700D-01  7.464636551217D-01  7.464614115004D-01  7.464600344661D-01
  7.464578621919D-01  7.464565528862D-01  7.464544447642D-01  7.464531960701D-01
  7.464511450493D-01  7.464499499686D-01  7.464479490917D-01  7.464468006970D-01
  7.464448430527D-01  7.464437344371D-01  7.464418131111D-01  7.464407373398D-01
  7.464388453646D-01  7.464377954241D-01  7.464359257278D-01  7.464348944747D-01
  7.464330398282D-01  7.464320199344D-01  7.464301728966D-01  7.464291567929D-01
  7.464273096514D-01  7.464262894681D-01  7.464244341799D-01  7.464234016831D-01
  7.464215298069D-01  7.464204763307D-01  7.464185789578D-01  7.464174953319D-01
  7.464155630104D-01  7.464144394814D-01  7.464124621349D-01  7.464112882810D-01
  7.464092551199D-01  7.464080197594D-01  7.464059191849D-01  7.464046102754D-01
  7.464024297738D-01  7.464010343027D-01  7.463987603322D-01  7.463972641963D-01
  7.463948820606D-01  7.463932699359D-01  7.463907636465D-01  7.463890188432D-01
  7.463863709695D-01  7.463844752742D-01  7.463816667767D-01  7.463796002784D-01
  7.463766103267D-01  7.463743512254D-01  7.463711569974D-01  7.463686813936D-01
  7.463652578541D-01  7.463625395164D-01  7.463588591740D-01  7.463558692833D-01
  7.463519019209D-01  7.463486087883D-01  7.463443211673D-01  7.463406899228D-01
  7.463360454560D-01  7.463320377049D-01  7.463269960953D-01  7.463225695391D-01
  7.463170863822D-01  7.463121944002D-01  7.463062207436D-01  7.463008119305D-01
  7.462942937884D-01  7.462883114441D-01  7.462811892611D-01  7.462745708268D-01
  7.462667788854D-01  7.462594553211D-01  7.462509210870D-01  7.462428161835D-01
  7.462334595826D-01  7.462244892017D-01  7.462142218216D-01  7.462042930560D-01
  7.461930172630D-01  7.461820275089D-01  7.461696354729D-01  7.461574714045D-01
  7.461438440211D-01  7.461303804579D-01  7.461153861574D-01  7.461004848119D-01
  7.460839782434D-01  7.460674863378D-01  7.460493069143D-01  7.460310556507D-01
  7.460110259416D-01  7.459908288127D-01  7.459687527668D-01  7.459464036873D-01
  7.459220646694D-01  7.458973359115D-01  7.458704945313D-01  7.458431344428D-01
  7.458135261557D-01  7.457832566372D-01  7.457505890925D-01  7.457171028093D-01
  7.456810529180D-01  7.456440102175D-01  7.456042209121D-01  7.455632464167D-01
  7.455193230683D-01  7.454740019083D-01  7.454255083660D-01  7.453753820154D-01
  7.453218362277D-01  7.452663978999D-01  7.452072670733D-01  7.451459566308D-01
  7.450806518773D-01  7.450128502029D-01  7.449407206213D-01  7.448657433948D-01
  7.447860695260D-01  7.447031603412D-01  7.446151469305D-01  7.445234696845D-01
  7.444262376775D-01  7.443248681527D-01  7.442174458422D-01  7.441053623954D-01
  7.439866756290D-01  7.438627488922D-01  7.437316102394D-01  7.435945917255D-01
  7.434496884928D-01  7.432981979888D-01  7.431380789582D-01  7.429705905747D-01
  7.427936513278D-01  7.426084780592D-01  7.424129447332D-01  7.422082213669D-01
  7.419921326716D-01  7.417657968655D-01  7.415269841715D-01  7.412767554990D-01
  7.410128207832D-01  7.407361775213D-01  7.404444689347D-01  7.401386223439D-01
  7.398162071340D-01  7.394780729500D-01  7.391217074426D-01  7.387478742636D-01
  7.383539705674D-01  7.379406647834D-01  7.375052538438D-01  7.370483007070D-01
  7.365669912811D-01  7.360617716667D-01  7.355297047398D-01  7.349711070808D-01
  7.343829051746D-01  7.337652719863D-01  7.331149827310D-01  7.324320510511D-01
  7.317130843005D-01  7.309579192702D-01  7.301629769232D-01  7.293278976073D-01
  7.284488951647D-01  7.275253915585D-01  7.265533702702D-01  7.255320102517D-01
  7.244570385055D-01  7.233273632580D-01  7.221384255954D-01  7.208888317322D-01
  7.195737035505D-01  7.181913098069D-01  7.167364153899D-01  7.152069112746D-01
  7.135971622676D-01  7.119046354720D-01  7.101232462373D-01  7.082499848354D-01
  7.062782602635D-01  7.042045247557D-01  7.020216149955D-01  6.997253739909D-01
  6.973079891381D-01  6.947646108590D-01  6.920866868121D-01  6.892685765291D-01
  6.863008808791D-01  6.831770517319D-01  6.798867155412D-01  6.764222767945D-01
  6.727722342718D-01  6.689277766983D-01  6.648760898415D-01  6.606069423416D-01
  6.561059813044D-01  6.513613057192D-01  6.463567475556D-01  6.410784294503D-01
  6.355080274819D-01  6.296293088696D-01  6.234213715199D-01  6.168651562662D-01
  6.099366568876D-01  6.026133998410D-01  5.948676166436D-01  5.866726820025D-01
  5.779962381055D-01  5.688065793996D-01  5.590657152978D-01  5.487356864267D-01
  5.377715483540D-01  5.261275997369D-01  5.137502647118D-01  5.005842078480D-01
  4.865650866750D-01  4.716255215774D-01  4.556876825185D-01  4.386690741660D-01
  4.204749125545D-01  4.010036765794D-01  3.801392255816D-01  3.577560561315D-01
  3.337110997647D-01  3.078487726078D-01  2.799919356276D-01  2.499471191655D-01
  2.174947828407D-01
Vac0 POTENTIAL                      exc: Vosko,Wilk,Nusair      
  1.80145647  6.82500000  1.81203139
   0.00000
   2.10533   0.7247658572   0.8163257546
353
 0.25000000D-01 0.31739093D-03
 0 1
  5.566124108405D-01  5.565766151760D-01  5.565395366581D-01  5.565283081037D-01
  5.565220666504D-01  5.565183484573D-01  5.565154081639D-01  5.565135673721D-01
  5.565118712376D-01  5.565109465166D-01  5.565099802000D-01  5.565096740570D-01
  5.565092585420D-01  5.565094628302D-01  5.565095358181D-01  5.565102199631D-01
  5.565107743102D-01  5.565119496708D-01  5.565130122569D-01  5.565147193899D-01
  5.565163435872D-01  5.565186484384D-01  5.565209129297D-01  5.565239074428D-01
  5.565269183421D-01  5.565307240428D-01  5.565346197925D-01  5.565393938880D-01
  5.565443526594D-01  5.565502968971D-01  5.565565470291D-01  5.565639198500D-01
  5.565717539545D-01  5.565808868461D-01  5.565906807294D-01  5.566020000869D-01
  5.566142377716D-01  5.566282789879D-01  5.566422698678D-01  5.566470310952D-01
  5.566390233467D-01  5.566317996936D-01  5.566245865709D-01  5.566181010568D-01
  5.566115747804D-01  5.566057294269D-01  5.565998007343D-01  5.565945140458D-01
  5.565891083731D-01  5.565843119999D-01  5.565793665773D-01  5.565750027684D-01
  5.565704643704D-01  5.565664839863D-01  5.565623071767D-01  5.565586681472D-01
  5.565548139075D-01  5.565514799896D-01  5.565479146149D-01  5.565448544192D-01
  5.565415486419D-01  5.565387348448D-01  5.565356631225D-01  5.565330718223D-01
  5.565302117590D-01  5.565278219516D-01  5.565251538262D-01  5.565229469750D-01
  5.565204533492D-01  5.565184130286D-01  5.565160784214D-01  5.565141900219D-01
  5.565120006334D-01  5.565102511150D-01  5.565081946046D-01  5.565065722785D-01
  5.565046375726D-01  5.565031319355D-01  5.565013090584D-01  5.564999106319D-01
  5.564981905726D-01  5.564968907813D-01  5.564952653715D-01  5.564940564276D-01
  5.564925182379D-01  5.564913930501D-01  5.564899353022D-01  5.564888873877D-01
  5.564875038788D-01  5.564865272945D-01  5.564852123269D-01  5.564843016054D-01
  5.564830499274D-01  5.564822000210D-01  5.564810067768D-01  5.564802130088D-01
  5.564790736893D-01  5.564783317090D-01  5.564772421116D-01  5.564765478561D-01
  5.564755040479D-01  5.564748537051D-01  5.564738519881D-01  5.564732419662D-01
  5.564722788468D-01  5.564717057430D-01  5.564707779038D-01  5.564702384791D-01
  5.564693427516D-01  5.564688339035D-01  5.564679672458D-01  5.564674859850D-01
  5.564666454556D-01  5.564661888839D-01  5.564653716217D-01  5.564649369094D-01
  5.564641401106D-01  5.564637244752D-01  5.564629453730D-01  5.564625460588D-01
  5.564617819030D-01  5.564613961596D-01  5.564606441951D-01  5.564602692564D-01
  5.564595267020D-01  5.564591597663D-01  5.564584237931D-01  5.564580619997D-01
  5.564573297095D-01  5.564569701167D-01  5.564562385185D-01  5.564558780798D-01
  5.564551440651D-01  5.564547796041D-01  5.564540399220D-01  5.564536681058D-01
  5.564529193349D-01  5.564525366464D-01  5.564517751661D-01  5.564513778729D-01
  5.564505998312D-01  5.564501839538D-01  5.564493852339D-01  5.564489465090D-01
  5.564481226921D-01  5.564476565353D-01  5.564468028606D-01  5.564463043239D-01
  5.564454156448D-01  5.564448793708D-01  5.564439501071D-01  5.564433702797D-01
  5.564423943652D-01  5.564417646539D-01  5.564407354791D-01  5.564400489796D-01
  5.564389593287D-01  5.564382084965D-01  5.564370504781D-01  5.564362270558D-01
  5.564349920269D-01  5.564340869646D-01  5.564327654463D-01  5.564317688136D-01
  5.564303503994D-01  5.564292512880D-01  5.564277245414D-01  5.564265109587D-01
  5.564248633014D-01  5.564235220521D-01  5.564217396396D-01  5.564202561963D-01
  5.564183237818D-01  5.564166821406D-01  5.564145829240D-01  5.564127654467D-01
  5.564104809078D-01  5.564084681465D-01  5.564059778618D-01  5.564037483661D-01
  5.564010298047D-01  5.563985599080D-01  5.563955882086D-01  5.563928517925D-01
  5.563895995148D-01  5.563865677487D-01  5.563830045999D-01  5.563796456535D-01
  5.563757381863D-01  5.563720169116D-01  5.563677281895D-01  5.563636057698D-01
  5.563588949988D-01  5.563543285604D-01  5.563491506804D-01  5.563440928643D-01
  5.563383980985D-01  5.563327965859D-01  5.563265299431D-01  5.563203269323D-01
  5.563134276557D-01  5.563065592831D-01  5.562989602422D-01  5.562913559427D-01
  5.562829829609D-01  5.562745647606D-01  5.562653358719D-01  5.562560176070D-01
  5.562458422342D-01  5.562355286873D-01  5.562243067340D-01  5.562128926792D-01
  5.562005135262D-01  5.561878826736D-01  5.561742240691D-01  5.561602478985D-01
  5.561451747315D-01  5.561297112024D-01  5.561130741466D-01  5.560959662726D-01
  5.560776002876D-01  5.560586745599D-01  5.560383972333D-01  5.560174618783D-01
  5.559950715938D-01  5.559719146460D-01  5.559471885567D-01  5.559215757283D-01
  5.558942675168D-01  5.558659398418D-01  5.558357772426D-01  5.558044484718D-01
  5.557711305319D-01  5.557364842513D-01  5.556996783000D-01  5.556613647451D-01
  5.556207030434D-01  5.555783355743D-01  5.555334116076D-01  5.554865628108D-01
  5.554369271889D-01  5.553851245644D-01  5.553302804851D-01  5.552730016745D-01
  5.552123999043D-01  5.551490674112D-01  5.550821007310D-01  5.550120760779D-01
  5.549380731360D-01  5.548606503969D-01  5.547788689045D-01  5.546932675462D-01
  5.546028867448D-01  5.545082436996D-01  5.544083560198D-01  5.543037169082D-01
  5.541933187312D-01  5.540776281388D-01  5.539556095630D-01  5.538277002683D-01
  5.536928337696D-01  5.535514148058D-01  5.534023426689D-01  5.532459860907D-01
  5.530812064737D-01  5.529083326816D-01  5.527261841605D-01  5.525350456217D-01
  5.523336900409D-01  5.521223532221D-01  5.518997566591D-01  5.516660819668D-01
  5.514199935907D-01  5.511616130880D-01  5.508895416682D-01  5.506038343064D-01
  5.503030220937D-01  5.499870861642D-01  5.496544798311D-01  5.493051023045D-01
  5.489373205881D-01  5.485509429607D-01  5.481442406043D-01  5.477169208196D-01
  5.472671483517D-01  5.467945183047D-01  5.462970771259D-01  5.457742951815D-01
  5.452240873535D-01  5.446457852301D-01  5.440371572647D-01  5.433973805275D-01
  5.427240603656D-01  5.420162016549D-01  5.412712278904D-01  5.404879518647D-01
  5.396635941070D-01  5.387967529022D-01  5.378844219800D-01  5.369249597731D-01
  5.359151062400D-01  5.348529512405D-01  5.337349503539D-01  5.325588922248D-01
  5.313209132094D-01  5.300184635149D-01  5.286473204721D-01  5.272045532517D-01
  5.256855345178D-01  5.240869034569D-01  5.224035755101D-01  5.206317033891D-01
  5.187656845157D-01  5.168011196200D-01  5.147318174259D-01  5.125527503283D-01
  5.102570557480D-01  5.078389882563D-01  5.052909168780D-01  5.026062728660D-01
  4.997765420424D-01  4.967942072157D-01  4.936497344059D-01  4.903345086219D-01
  4.868378125040D-01  4.831497538234D-01  4.792582346665D-01  4.751518685563D-01
  4.708169377725D-01  4.662402973901D-01  4.614063176355D-01  4.562997713465D-01
  4.509027573545D-01  4.451975668307D-01  4.391635824855D-01  4.327801178958D-01
  4.260232857309D-01  4.188688023389D-01  4.112888161167D-01  4.032546672283D-01
  3.947336644578D-01  3.856917867459D-01  3.760903931764D-01  3.658888488192D-01
  3.550411476527D-01  3.434984392415D-01  3.312055399598D-01  3.181033272160D-01
  3.041251017078D-01  2.891989189043D-01  2.732433919064D-01  2.561702971860D-01
  2.378798187576D-01
