In49 POTENTIAL                      exc: Vosko,Wilk,Nusair      
  2.20033126  6.33750000  2.17664358
  49.00000
   2.40560   0.9811883340   0.9240467888
353
 0.25000000D-01 0.36265835D-03
 9 1
    0  -1.96656160000D+03
    0  -2.87428550000D+02
    0  -5.37136240000D+01
    0  -7.39818510000D+00
    1  -2.68528840000D+02
    1  -4.59639090000D+01
    1  -4.86454470000D+00
    2  -3.15522220000D+01
    2  -7.38539920000D-01
  4.726906034170D+02  4.727162940766D+02  4.727425733789D+02  4.727694480090D+02
  4.727969264699D+02  4.728250225106D+02  4.728537455896D+02  4.728831095914D+02
  4.729131242282D+02  4.729438035528D+02  4.729751574674D+02  4.730072001632D+02
  4.730399416870D+02  4.730733963346D+02  4.731075742523D+02  4.731424897993D+02
  4.731781531724D+02  4.732145787454D+02  4.732517767105D+02  4.732897613995D+02
  4.733285429375D+02  4.733681355490D+02  4.734085492211D+02  4.734497979970D+02
  4.734918916454D+02  4.735348439434D+02  4.735786643510D+02  4.736233662837D+02
  4.736689587907D+02  4.737154548183D+02  4.737628628902D+02  4.738111953629D+02
  4.738604601064D+02  4.739106687517D+02  4.739618283722D+02  4.740139497227D+02
  4.740670389199D+02  4.741211056744D+02  4.741761549693D+02  4.742321952843D+02
  4.742892302809D+02  4.743472669924D+02  4.744063075239D+02  4.744663572522D+02
  4.745274164948D+02  4.745894887111D+02  4.746525721674D+02  4.747166681288D+02
  4.747817725202D+02  4.748478841093D+02  4.749149961614D+02  4.749831046144D+02
  4.750521997269D+02  4.751222742438D+02  4.751933150381D+02  4.752653112664D+02
  4.753382460032D+02  4.754121043871D+02  4.754868652468D+02  4.755625092364D+02
  4.756390104540D+02  4.757163445657D+02  4.757944804148D+02  4.758733881359D+02
  4.759530307541D+02  4.760333722874D+02  4.761143693370D+02  4.761959791777D+02
  4.762781513383D+02  4.763608356805D+02  4.764439739683D+02  4.765275079362D+02
  4.766113708481D+02  4.766954955533D+02  4.767798060355D+02  4.768642254575D+02
  4.769486677002D+02  4.770330453961D+02  4.771172614585D+02  4.772012171052D+02
  4.772848033782D+02  4.773679091583D+02  4.774504126764D+02  4.775321895196D+02
  4.776131041361D+02  4.776930178342D+02  4.777717802818D+02  4.778492374999D+02
  4.779252233596D+02  4.779995675723D+02  4.780720871854D+02  4.781425945728D+02
  4.782108889322D+02  4.782767642787D+02  4.783400009475D+02  4.784003735937D+02
  4.784576427050D+02  4.785115626119D+02  4.785618730145D+02  4.786083070086D+02
  4.786505826317D+02  4.786884109104D+02  4.787214874315D+02  4.787495004173D+02
  4.787721223279D+02  4.787890179720D+02  4.787998361472D+02  4.788042177935D+02
  4.788017876808D+02  4.787921626124D+02  4.787749431682D+02  4.787497219676D+02
  4.787160754772D+02  4.786735723423D+02  4.786217652686D+02  4.785601994326D+02
  4.784884044462D+02  4.784059028559D+02  4.783122022012D+02  4.782068036108D+02
  4.780891939651D+02  4.779588545995D+02  4.778152535786D+02  4.776578545160D+02
  4.774861089683D+02  4.772994653787D+02  4.770973615975D+02  4.768792339546D+02
  4.766445099118D+02  4.763926172676D+02  4.761229769425D+02  4.758350123173D+02
  4.755281421498D+02  4.752017900422D+02  4.748553774851D+02  4.744883334455D+02
  4.741000875268D+02  4.736900796651D+02  4.732577533881D+02  4.728025655997D+02
  4.723239799154D+02  4.718214765080D+02  4.712945454881D+02  4.707426967770D+02
  4.701654534930D+02  4.695623618074D+02  4.689329842890D+02  4.682769096914D+02
  4.675937461987D+02  4.668831310813D+02  4.661447237778D+02  4.653782153499D+02
  4.645833213250D+02  4.637597908733D+02  4.629073993304D+02  4.620259570132D+02
  4.611153013378D+02  4.601753051877D+02  4.592058685429D+02  4.582069263174D+02
  4.571784394188D+02  4.561204019808D+02  4.550328317874D+02  4.539157768426D+02
  4.527693051213D+02  4.515935104483D+02  4.503885015616D+02  4.491544073302D+02
  4.478913651808D+02  4.465995257336D+02  4.452790407195D+02  4.439300672041D+02
  4.425527552196D+02  4.411472518570D+02  4.397136889551D+02  4.382521874701D+02
  4.367628456952D+02  4.352457444483D+02  4.337009364232D+02  4.321284528443D+02
  4.305282946302D+02  4.289004412023D+02  4.272448441208D+02  4.255614386348D+02
  4.238501402522D+02  4.221108593078D+02  4.203435004920D+02  4.185479801445D+02
  4.167242280753D+02  4.148722065015D+02  4.129919126496D+02  4.110833974166D+02
  4.091467664946D+02  4.071821962741D+02  4.051899309458D+02  4.031702932389D+02
  4.011236754470D+02  3.990505435162D+02  3.969514212595D+02  3.948268879294D+02
  3.926775566694D+02  3.905040674906D+02  3.883070626163D+02  3.860871780517D+02
  3.838450192974D+02  3.815811550058D+02  3.792960963251D+02  3.769902954596D+02
  3.746641308627D+02  3.723179122307D+02  3.699518723561D+02  3.675661786767D+02
  3.651609312885D+02  3.627361800210D+02  3.602919271615D+02  3.578281482980D+02
  3.553447977904D+02  3.528418313027D+02  3.503192119063D+02  3.477769322152D+02
  3.452150191152D+02  3.426335536204D+02  3.400326724894D+02  3.374125842557D+02
  3.347735664026D+02  3.321159764456D+02  3.294402438078D+02  3.267468753877D+02
  3.240364418708D+02  3.213095778644D+02  3.185669631061D+02  3.158093180484D+02
  3.130373812739D+02  3.102519023494D+02  3.074536177993D+02  3.046432440253D+02
  3.018214551377D+02  2.989888796608D+02  2.961460841665D+02  2.932935777324D+02
  2.904318050184D+02  2.875611613525D+02  2.846819968397D+02  2.817946418268D+02
  2.788994194791D+02  2.759966764707D+02  2.730867963650D+02  2.701702259063D+02
  2.672474786904D+02  2.643191471501D+02  2.613858888924D+02  2.584484205485D+02
  2.555074876965D+02  2.525638463669D+02  2.496182264224D+02  2.466713131391D+02
  2.437237170929D+02  2.407759676133D+02  2.378284982550D+02  2.348816576366D+02
  2.319357122541D+02  2.289908730608D+02  2.260473112770D+02  2.231051945168D+02
  2.201647083645D+02  2.172260945304D+02  2.142896709396D+02  2.113558652494D+02
  2.084252276631D+02  2.054984550266D+02  2.025763925988D+02  1.996600459933D+02
  1.967505701148D+02  1.938492681257D+02  1.909575676119D+02  1.880770073612D+02
  1.852092023591D+02  1.823558206717D+02  1.795185402295D+02  1.766990194870D+02
  1.738988503644D+02  1.711195278560D+02  1.683624052215D+02  1.656286697153D+02
  1.629193084335D+02  1.602350998741D+02  1.575766012821D+02  1.549441673676D+02
  1.523379695485D+02  1.497580488884D+02  1.472043675682D+02  1.446768858757D+02
  1.421756224802D+02  1.397007190616D+02  1.372524650901D+02  1.348313079858D+02
  1.324378149061D+02  1.300726253769D+02  1.277363738381D+02  1.254296285540D+02
  1.231528257417D+02  1.209062389422D+02  1.186899531370D+02  1.165038747013D+02
  1.143477403190D+02  1.122211526892D+02  1.101236055111D+02  1.080545265974D+02
  1.060133034154D+02  1.039993218279D+02  1.020119841291D+02  1.000507384846D+02
  9.811508697402D+01  9.620460508302D+01  9.431894028507D+01  9.245782295607D+01
  9.062105740399D+01  8.880852635797D+01  8.702017672284D+01  8.525601991988D+01
  8.351611456284D+01  8.180056470756D+01  8.010950132850D+01  7.844308015096D+01
  7.680146338296D+01  7.518481835950D+01  7.359330053746D+01  7.202705374614D+01
  7.048619504194D+01  6.897081698316D+01  6.748097460797D+01  6.601668986742D+01
  6.457794075909D+01  6.316466787501D+01  6.177676559751D+01  6.041409063666D+01
  5.907645514227D+01  5.776363706010D+01  5.647537494526D+01  5.521137983726D+01
  5.397133133270D+01  5.275489032894D+01  5.156169544634D+01  5.039137545987D+01
  4.924354467792D+01  4.811781359816D+01  4.701378192488D+01  4.593104650165D+01
  4.486919158843D+01  4.382779449030D+01  4.280641339562D+01  4.180459257134D+01
  4.082184909897D+01
N_07 POTENTIAL                      exc: Vosko,Wilk,Nusair      
  1.68057905  6.33750000  1.68945972
   7.00000
   1.96292   0.9811883340   0.9240467888
353
 0.25000000D-01 0.29592158D-03
 2 1
    0  -2.69998930000D+01
    0  -4.29582100000D-01
  2.622127592670D+01  2.622164808601D+01  2.622202924404D+01  2.622244520984D+01
  2.622287648126D+01  2.622332096080D+01  2.622377733380D+01  2.622424611305D+01
  2.622472673814D+01  2.622522002115D+01  2.622572554751D+01  2.622624421229D+01
  2.622677565469D+01  2.622732080850D+01  2.622787934338D+01  2.622845221885D+01
  2.622903912750D+01  2.622964105000D+01  2.623025769912D+01  2.623089007511D+01
  2.623153791001D+01  2.623220222321D+01  2.623288276591D+01  2.623358057678D+01
  2.623429542646D+01  2.623502837330D+01  2.623577920793D+01  2.623654900895D+01
  2.623733758759D+01  2.623814604340D+01  2.623897420892D+01  2.623982320543D+01
  2.624069288756D+01  2.624158439909D+01  2.624249761760D+01  2.624343371022D+01
  2.624439257834D+01  2.624537541331D+01  2.624638214138D+01  2.624741398343D+01
  2.624847127239D+01  2.624955485814D+01  2.625066471917D+01  2.625180212526D+01
  2.625296708228D+01  2.625416088795D+01  2.625538357650D+01  2.625663647452D+01
  2.625791964560D+01  2.625923444617D+01  2.626058097017D+01  2.626196060481D+01
  2.626337347536D+01  2.626482100081D+01  2.626630333867D+01  2.626782194070D+01
  2.626937699760D+01  2.627096999480D+01  2.627260115714D+01  2.627427200461D+01
  2.627598279708D+01  2.627773509000D+01  2.627952917909D+01  2.628136665607D+01
  2.628324785335D+01  2.628517439968D+01  2.628714666487D+01  2.628916631540D+01
  2.629123375914D+01  2.629335070093D+01  2.629551758725D+01  2.629773616182D+01
  2.630000691020D+01  2.630233161535D+01  2.630471080225D+01  2.630714629340D+01
  2.630963865333D+01  2.631218974417D+01  2.631480017006D+01  2.631747183265D+01
  2.632020537549D+01  2.632300273946D+01  2.632586460711D+01  2.632879295800D+01
  2.633178851301D+01  2.633485328957D+01  2.633798804592D+01  2.634119483624D+01
  2.634447445482D+01  2.634782899111D+01  2.635125927379D+01  2.635476742570D+01
  2.635835430780D+01  2.636202207401D+01  2.636577161501D+01  2.636960511296D+01
  2.637352348516D+01  2.637752893864D+01  2.638162241362D+01  2.638580613799D+01
  2.639008107058D+01  2.639444945539D+01  2.639891226477D+01  2.640347175341D+01
  2.640812890125D+01  2.641288596734D+01  2.641774393244D+01  2.642270505265D+01
  2.642777030178D+01  2.643294192465D+01  2.643822087924D+01  2.644360938964D+01
  2.644910838787D+01  2.645472006655D+01  2.646044532035D+01  2.646628629828D+01
  2.647224384478D+01  2.647832005160D+01  2.648451569849D+01  2.649083280463D+01
  2.649727206887D+01  2.650383542068D+01  2.651052345991D+01  2.651733800723D+01
  2.652427954334D+01  2.653134975884D+01  2.653854899289D+01  2.654587878244D+01
  2.655333930028D+01  2.656093190364D+01  2.656865657151D+01  2.657651445258D+01
  2.658450530179D+01  2.659263002755D+01  2.660088812753D+01  2.660928023498D+01
  2.661780555374D+01  2.662646440373D+01  2.663525565501D+01  2.664417927235D+01
  2.665323374838D+01  2.666241864715D+01  2.667173203630D+01  2.668117302956D+01
  2.669073921789D+01  2.670042921088D+01  2.671024006676D+01  2.672016983272D+01
  2.673021497369D+01  2.674037291153D+01  2.675063945258D+01  2.676101132564D+01
  2.677148360828D+01  2.678205226353D+01  2.679271156495D+01  2.680345663203D+01
  2.681428085397D+01  2.682517842378D+01  2.683614176078D+01  2.684716404337D+01
  2.685823663027D+01  2.686935159203D+01  2.688049913096D+01  2.689167011144D+01
  2.690285347867D+01  2.691403878773D+01  2.692521362127D+01  2.693636611748D+01
  2.694748238671D+01  2.695854903853D+01  2.696955059749D+01  2.698047202935D+01
  2.699129615611D+01  2.700200618175D+01  2.701258310676D+01  2.702300825351D+01
  2.703326068061D+01  2.704331970832D+01  2.705316233301D+01  2.706276575287D+01
  2.707210478305D+01  2.708115438206D+01  2.708988706796D+01  2.709827544605D+01
  2.710628962662D+01  2.711389975451D+01  2.712107342907D+01  2.712777823626D+01
  2.713397917142D+01  2.713964117478D+01  2.714472655782D+01  2.714919754294D+01
  2.715301369437D+01  2.715613446286D+01  2.715851662220D+01  2.716011681983D+01
  2.716088902004D+01  2.716078706170D+01  2.715976210912D+01  2.715776521816D+01
  2.715474479591D+01  2.715064917637D+01  2.714542409031D+01  2.713901525172D+01
  2.713136583911D+01  2.712241909406D+01  2.711211581530D+01  2.710039697060D+01
  2.708720120491D+01  2.707246746690D+01  2.705613253230D+01  2.703813364633D+01
  2.701840606342D+01  2.699688570641D+01  2.697350672373D+01  2.694820416629D+01
  2.692091156272D+01  2.689156361472D+01  2.686009379074D+01  2.682643704005D+01
  2.679052740511D+01  2.675230075415D+01  2.671169241190D+01  2.666863991015D+01
  2.662308063595D+01  2.657495459901D+01  2.652420209591D+01  2.647076649252D+01
  2.641459190205D+01  2.635562597999D+01  2.629381761304D+01  2.622911972314D+01
  2.616148696356D+01  2.609087852782D+01  2.601725584813D+01  2.594058540405D+01
  2.586083641772D+01  2.577798365602D+01  2.569200511602D+01  2.560288481362D+01
  2.551061045157D+01  2.541517618659D+01  2.531658027163D+01  2.521482779257D+01
  2.510992827542D+01  2.500189838322D+01  2.489075947822D+01  2.477654026885D+01
  2.465927431672D+01  2.453900262316D+01  2.441577107046D+01  2.428963293809D+01
  2.416064626757D+01  2.402887629736D+01  2.389439274252D+01  2.375727213901D+01
  2.361759502862D+01  2.347544820451D+01  2.333092179398D+01  2.318411139859D+01
  2.303511506911D+01  2.288403533599D+01  2.273097607347D+01  2.257604441914D+01
  2.241934752781D+01  2.226099438289D+01  2.210109244551D+01  2.193974936607D+01
  2.177706954056D+01  2.161315573863D+01  2.144810558851D+01  2.128201314914D+01
  2.111496535889D+01  2.094704359602D+01  2.077832014618D+01  2.060885981961D+01
  2.043871652136D+01  2.026793502721D+01  2.009654777967D+01  1.992457696881D+01
  1.975203172499D+01  1.957891070021D+01  1.940519987563D+01  1.923087587766D+01
  1.905590463923D+01  1.888024567700D+01  1.870385179428D+01  1.852667443559D+01
  1.834866443550D+01  1.816977829924D+01  1.798997964967D+01  1.780924586001D+01
  1.762756939256D+01  1.744496377120D+01  1.726146366122D+01  1.707712900197D+01
  1.689204275948D+01  1.670631241413D+01  1.652006497788D+01  1.633344591235D+01
  1.614661198650D+01  1.595972864065D+01  1.577296201168D+01  1.558647621210D+01
  1.540042595658D+01  1.521495500179D+01  1.503019032643D+01  1.484624234118D+01
  1.466320089261D+01  1.448113721821D+01  1.430010152080D+01  1.412012626163D+01
  1.394122481461D+01  1.376339558138D+01  1.358662122673D+01  1.341087316245D+01
  1.323611097160D+01  1.306228693502D+01  1.288934538303D+01  1.271722706260D+01
  1.254586826631D+01  1.237520493314D+01  1.220517148304D+01  1.203570460782D+01
  1.186674178945D+01  1.169822477559D+01  1.153009778850D+01  1.136231070085D+01
  1.119481695714D+01  1.102757647570D+01  1.086055331096D+01  1.069371831125D+01
  1.052704655166D+01  1.036051977653D+01  1.019412363039D+01  1.002784991051D+01
  9.861693618512D+00  9.695655042171D+00  9.529736643153D+00  9.363944978989D+00
  9.198287433135D+00  9.032773978096D+00  8.867413743503D+00  8.702216610805D+00
  8.537189605028D+00  8.372338302621D+00  8.207663027270D+00  8.043160049099D+00
  7.878817566485D+00  7.714616751923D+00  7.550527303489D+00  7.386508601510D+00
  7.222504875483D+00
Vac0 POTENTIAL                      exc: Vosko,Wilk,Nusair      
  2.20033126  6.33750000  2.17664358
   0.00000
   2.40560   0.9811883340   0.9240467888
353
 0.25000000D-01 0.36265835D-03
 0 1
  8.824990187956D-01  8.824698566889D-01  8.824391946305D-01  8.824302810460D-01
  8.824252870814D-01  8.824230488175D-01  8.824212328967D-01  8.824210036703D-01
  8.824206972414D-01  8.824217404106D-01  8.824225946306D-01  8.824247560604D-01
  8.824267297681D-01  8.824300428589D-01  8.824332248259D-01  8.824378242101D-01
  8.824423908121D-01  8.824484936219D-01  8.824547040204D-01  8.824626144342D-01
  8.824708222775D-01  8.824809492039D-01  8.824916258124D-01  8.825045116777D-01
  8.825182809075D-01  8.825346432111D-01  8.825523305790D-01  8.825731197190D-01
  8.825958202872D-01  8.826222991751D-01  8.826514709192D-01  8.826853244952D-01
  8.827229167420D-01  8.827664026721D-01  8.828150330454D-01  8.828711895425D-01
  8.829343857062D-01  8.830071934856D-01  8.830817400967D-01  8.831149057111D-01
  8.830853406125D-01  8.830580690851D-01  8.830314757413D-01  8.830069642689D-01
  8.829829388088D-01  8.829608203678D-01  8.829390284852D-01  8.829189979168D-01
  8.828991604908D-01  8.828809619869D-01  8.828628441354D-01  8.828462616361D-01
  8.828296642712D-01  8.828145140237D-01  8.827992672749D-01  8.827853920008D-01
  8.827713500340D-01  8.827586143183D-01  8.827456512197D-01  8.827339378316D-01
  8.827219443128D-01  8.827111512366D-01  8.827000319658D-01  8.826900700110D-01
  8.826797414467D-01  8.826705322818D-01  8.826609208965D-01  8.826523954343D-01
  8.826434362514D-01  8.826355333183D-01  8.826271686918D-01  8.826198339187D-01
  8.826120125207D-01  8.826051974128D-01  8.825978733842D-01  8.825915345366D-01
  8.825846667674D-01  8.825787652100D-01  8.825723167277D-01  8.825668173594D-01
  8.825607548142D-01  8.825556259251D-01  8.825499191439D-01  8.825451320024D-01
  8.825397536096D-01  8.825352821116D-01  8.825302071975D-01  8.825260275566D-01
  8.825212333920D-01  8.825173238762D-01  8.825127896665D-01  8.825091303643D-01
  8.825048370304D-01  8.825014096482D-01  8.824973396372D-01  8.824941273197D-01
  8.824902644346D-01  8.824872516073D-01  8.824835808610D-01  8.824807530894D-01
  8.824772605695D-01  8.824746044340D-01  8.824712771859D-01  8.824687801695D-01
  8.824656060885D-01  8.824632564762D-01  8.824602242120D-01  8.824580109957D-01
  8.824551098642D-01  8.824530226628D-01  8.824502425651D-01  8.824482715446D-01
  8.824456028930D-01  8.824437386950D-01  8.824411723447D-01  8.824394060201D-01
  8.824369332021D-01  8.824352561474D-01  8.824328684088D-01  8.824312723067D-01
  8.824289614505D-01  8.824274382106D-01  8.824251962392D-01  8.824237379431D-01
  8.824215570030D-01  8.824201558478D-01  8.824180281737D-01  8.824166764181D-01
  8.824145942790D-01  8.824132841877D-01  8.824112398303D-01  8.824099636186D-01
  8.824079492117D-01  8.824066989883D-01  8.824047065652D-01  8.824034742724D-01
  8.824014956697D-01  8.824002730227D-01  8.823982998185D-01  8.823970782406D-01
  8.823951016868D-01  8.823938722412D-01  8.823918831940D-01  8.823906365113D-01
  8.823886253556D-01  8.823873515556D-01  8.823853081251D-01  8.823839967333D-01
  8.823819102228D-01  8.823805500802D-01  8.823784089525D-01  8.823769881177D-01
  8.823747800008D-01  8.823732856439D-01  8.823709972209D-01  8.823694155072D-01
  8.823670323946D-01  8.823653483587D-01  8.823628549743D-01  8.823610523811D-01
  8.823584317988D-01  8.823564929921D-01  8.823537267837D-01  8.823516325194D-01
  8.823487005794D-01  8.823464298425D-01  8.823433101963D-01  8.823408400000D-01
  8.823375085932D-01  8.823348137574D-01  8.823312442232D-01  8.823282971304D-01
  8.823244605335D-01  8.823212308603D-01  8.823170954151D-01  8.823135498358D-01
  8.823090805949D-01  8.823051824547D-01  8.823003409662D-01  8.822960499211D-01
  8.822907938492D-01  8.822860654678D-01  8.822803481756D-01  8.822751335000D-01
  8.822689035877D-01  8.822631486489D-01  8.822563494444D-01  8.822499947268D-01
  8.822425637232D-01  8.822355435732D-01  8.822274118074D-01  8.822196537808D-01
  8.822107451469D-01  8.822021692871D-01  8.821923997788D-01  8.821829178201D-01
  8.821721946923D-01  8.821617091792D-01  8.821499300231D-01  8.821383333376D-01
  8.821253850575D-01  8.821125583444D-01  8.820983160282D-01  8.820841280065D-01
  8.820684536769D-01  8.820527593279D-01  8.820355005622D-01  8.820181396784D-01
  8.819991280839D-01  8.819799236661D-01  8.819589731943D-01  8.819377296797D-01
  8.819146347639D-01  8.818911360676D-01  8.818656695643D-01  8.818396769154D-01
  8.818115878283D-01  8.817828373772D-01  8.817518483428D-01  8.817200485172D-01
  8.816858530243D-01  8.816506816064D-01  8.816129409233D-01  8.815740418188D-01
  8.815323815965D-01  8.814893612635D-01  8.814433677806D-01  8.813957912812D-01
  8.813450072928D-01  8.812923939288D-01  8.812363140774D-01  8.811781325646D-01
  8.811161983067D-01  8.810518614405D-01  8.809834554368D-01  8.809123141939D-01
  8.808367541075D-01  8.807580911240D-01  8.806746227624D-01  8.805876451224D-01
  8.804954348541D-01  8.803992661154D-01  8.802973924838D-01  8.801910638585D-01
  8.800785083073D-01  8.799609489081D-01  8.798365855234D-01  8.797066115752D-01
  8.795691957390D-01  8.794254986447D-01  8.792736544825D-01  8.791147876207D-01
  8.789469941142D-01  8.787713582307D-01  8.785859338512D-01  8.783917608944D-01
  8.781868465972D-01  8.779721818267D-01  8.777457222277D-01  8.775084044096D-01
  8.772581269467D-01  8.769957664260D-01  8.767191582840D-01  8.764291127005D-01
  8.761233952533D-01  8.758027426412D-01  8.754648431360D-01  8.751103521152D-01
  8.747368722894D-01  8.743449690230D-01  8.739321503106D-01  8.734988818617D-01
  8.730425667979D-01  8.725635604735D-01  8.720591498615D-01  8.715295680788D-01
  8.709719734234D-01  8.703864635699D-01  8.697700542159D-01  8.691226929059D-01
  8.684412372405D-01  8.677254682819D-01  8.669720682694D-01  8.661806335542D-01
  8.653476517571D-01  8.644725141690D-01  8.635514922776D-01  8.625837495591D-01
  8.615653172872D-01  8.604951056294D-01  8.593688786341D-01  8.581852645285D-01
  8.569397297614D-01  8.556305883766D-01  8.542529749645D-01  8.528048529590D-01
  8.512809863197D-01  8.496789465657D-01  8.479930829699D-01  8.462205281011D-01
  8.443551662608D-01  8.423936372487D-01  8.403293027084D-01  8.381582477595D-01
  8.358732448364D-01  8.334697527395D-01  8.309398774436D-01  8.282783680035D-01
  8.254765736747D-01  8.225284359579D-01  8.194244412007D-01  8.161576078733D-01
  8.127174336004D-01  8.090958765137D-01  8.052812953822D-01  8.012644235751D-01
  7.970323005993D-01  7.925742368086D-01  7.878757342024D-01  7.829244395090D-01
  7.777040515227D-01  7.722002595417D-01  7.663946337860D-01  7.602705453491D-01
  7.538070353016D-01  7.469847112676D-01  7.397795896271D-01  7.321689624907D-01
  7.241252058923D-01  7.156216092292D-01  7.066261404006D-01  6.971072276078D-01
  6.870274699333D-01  6.763493586428D-01  6.650289185967D-01  6.530213527415D-01
  6.402745958815D-01  6.267348617820D-01  6.123400861207D-01  5.970253505112D-01
  5.807161859265D-01  5.633338421197D-01  5.447884167111D-01  5.249839324987D-01
  5.038112515868D-01  4.811529168935D-01  4.568758121966D-01  4.308357150543D-01
  4.028696567643D-01  3.728003700544D-01  3.404276155434D-01  3.055331862125D-01
  2.678714500838D-01
Vac0 POTENTIAL                      exc: Vosko,Wilk,Nusair      
  1.68057905  6.33750000  1.68945972
   0.00000
   1.96292   0.9811883340   0.9240467888
353
 0.25000000D-01 0.29592158D-03
 0 1
  6.706253518327D-01  6.705821734375D-01  6.705374657442D-01  6.705239145264D-01
  6.705163997415D-01  6.705119135703D-01  6.705083866774D-01  6.705061714830D-01
  6.705041522657D-01  6.705030498753D-01  6.705019199475D-01  6.705015739035D-01
  6.705011201935D-01  6.705014035816D-01  6.705015550982D-01  6.705024359773D-01
  6.705031900468D-01  6.705046890744D-01  6.705060862110D-01  6.705082619417D-01
  6.705103778595D-01  6.705133230655D-01  6.705162681666D-01  6.705201119135D-01
  6.705240354519D-01  6.705289491438D-01  6.705340470942D-01  6.705402542009D-01
  6.705467809943D-01  6.705545709674D-01  6.705628557959D-01  6.705726030893D-01
  6.705830720548D-01  6.705952618423D-01  6.706084677898D-01  6.706237305249D-01
  6.706403926838D-01  6.706595274527D-01  6.706787292776D-01  6.706860379059D-01
  6.706764914460D-01  6.706678674306D-01  6.706592689691D-01  6.706515255561D-01
  6.706437465017D-01  6.706367667979D-01  6.706297006537D-01  6.706233874324D-01
  6.706169452431D-01  6.706112169625D-01  6.706053238459D-01  6.706001116041D-01
  6.705947040574D-01  6.705899492343D-01  6.705849730577D-01  6.705806254585D-01
  6.705760340972D-01  6.705720504875D-01  6.705678037327D-01  6.705641466667D-01
  6.705602096027D-01  6.705568464827D-01  6.705531886383D-01  6.705500909471D-01
  6.705466856053D-01  6.705438282886D-01  6.705406519236D-01  6.705380128673D-01
  6.705350446739D-01  6.705326042841D-01  6.705298257937D-01  6.705275666427D-01
  6.705249613943D-01  6.705228679233D-01  6.705204211969D-01  6.705184794661D-01
  6.705161780487D-01  6.705143755252D-01  6.705122075194D-01  6.705105328980D-01
  6.705084875551D-01  6.705069306060D-01  6.705049981804D-01  6.705035496151D-01
  6.705017212461D-01  6.705003726040D-01  6.704986402074D-01  6.704973837567D-01
  6.704957399318D-01  6.704945685853D-01  6.704930065363D-01  6.704919137721D-01
  6.704904272366D-01  6.704894070351D-01  6.704879902210D-01  6.704870370028D-01
  6.704856845335D-01  6.704847931116D-01  6.704834999757D-01  6.704826655045D-01
  6.704814270120D-01  6.704806449468D-01  6.704794566883D-01  6.704787227461D-01
  6.704775805561D-01  6.704768906810D-01  6.704757906050D-01  6.704751409351D-01
  6.704740791966D-01  6.704734660350D-01  6.704724390079D-01  6.704718587908D-01
  6.704708629707D-01  6.704703122460D-01  6.704693442228D-01  6.704688196183D-01
  6.704678760525D-01  6.704673742536D-01  6.704664518504D-01  6.704659695748D-01
  6.704650650580D-01  6.704645990310D-01  6.704637091200D-01  6.704632560487D-01
  6.704623774325D-01  6.704619339812D-01  6.704610632930D-01  6.704606260570D-01
  6.704597598476D-01  6.704593253264D-01  6.704584600368D-01  6.704580246059D-01
  6.704571565383D-01  6.704567164189D-01  6.704558417061D-01  6.704553929343D-01
  6.704545075075D-01  6.704540459008D-01  6.704531454542D-01  6.704526665746D-01
  6.704517465284D-01  6.704512456439D-01  6.704503011041D-01  6.704497731472D-01
  6.704487988606D-01  6.704482383817D-01  6.704472286897D-01  6.704466298074D-01
  6.704455785932D-01  6.704449349409D-01  6.704438355726D-01  6.704431402381D-01
  6.704419855067D-01  6.704412309675D-01  6.704400130192D-01  6.704391910708D-01
  6.704379013315D-01  6.704370030095D-01  6.704356321026D-01  6.704346475961D-01
  6.704331852524D-01  6.704321038089D-01  6.704305387666D-01  6.704293485877D-01
  6.704276684831D-01  6.704263566092D-01  6.704245478552D-01  6.704231000386D-01
  6.704211476917D-01  6.704195482566D-01  6.704174358699D-01  6.704156675573D-01
  6.704133770177D-01  6.704114208158D-01  6.704089321652D-01  6.704067671203D-01
  6.704040583577D-01  6.704016613670D-01  6.703987082301D-01  6.703960538115D-01
  6.703928295355D-01  6.703898895748D-01  6.703863646261D-01  6.703831080964D-01
  6.703792498779D-01  6.703756425311D-01  6.703714150577D-01  6.703674190820D-01
  6.703627826209D-01  6.703583562635D-01  6.703532669378D-01  6.703483640879D-01
  6.703427734377D-01  6.703373431654D-01  6.703311976637D-01  6.703251837106D-01
  6.703184242272D-01  6.703117644437D-01  6.703043256536D-01  6.702969513765D-01
  6.702887611065D-01  6.702805964714D-01  6.702715749763D-01  6.702625361579D-01
  6.702525953223D-01  6.702425896942D-01  6.702316321491D-01  6.702205573557D-01
  6.702084755023D-01  6.701962184325D-01  6.701828933638D-01  6.701693290165D-01
  6.701546293241D-01  6.701396195545D-01  6.701234000108D-01  6.701067921440D-01
  6.700888922443D-01  6.700705175433D-01  6.700507598946D-01  6.700304318658D-01
  6.700086204058D-01  6.699861329260D-01  6.699620509536D-01  6.699371761993D-01
  6.699105841965D-01  6.698830703541D-01  6.698537035789D-01  6.698232723127D-01
  6.697908381363D-01  6.697571817887D-01  6.697213567512D-01  6.696841352465D-01
  6.696445618006D-01  6.696033992204D-01  6.695596821303D-01  6.695141629260D-01
  6.694658652837D-01  6.694155300869D-01  6.693621689056D-01  6.693065098934D-01
  6.692475512329D-01  6.691860070000D-01  6.691208605724D-01  6.690528104574D-01
  6.689808236588D-01  6.689055814651D-01  6.688260327701D-01  6.687428398166D-01
  6.686549314665D-01  6.685629488949D-01  6.684657988038D-01  6.683640990614D-01
  6.682567318533D-01  6.681442892611D-01  6.680256263443D-01  6.679013066508D-01
  6.677701552224D-01  6.676327040298D-01  6.674877448927D-01  6.673357748316D-01
  6.671755488922D-01  6.670075254047D-01  6.668304187025D-01  6.666446442779D-01
  6.664488713834D-01  6.662434680716D-01  6.660270536661D-01  6.657999436725D-01
  6.655607021032D-01  6.653095862452D-01  6.650450988215D-01  6.647674325990D-01
  6.644750223675D-01  6.641679893683D-01  6.638446930697D-01  6.635051753945D-01
  6.631477122673D-01  6.627722576171D-01  6.623769946685D-01  6.619617796907D-01
  6.615246930017D-01  6.610654824324D-01  6.605821140066D-01  6.600742150843D-01
  6.595396246763D-01  6.589778362245D-01  6.583865475035D-01  6.577651029894D-01
  6.571110432943D-01  6.564235470662D-01  6.556999798931D-01  6.549393356696D-01
  6.541387848953D-01  6.532971154314D-01  6.524112801074D-01  6.514798367776D-01
  6.504994951331D-01  6.494685559525D-01  6.483834569981D-01  6.472422113343D-01
  6.460409521641D-01  6.447773700635D-01  6.434472565875D-01  6.420479402373D-01
  6.405748286290D-01  6.390248429742D-01  6.373929585601D-01  6.356756374760D-01
  6.338673671003D-01  6.319640907439D-01  6.299597437719D-01  6.278496817604D-01
  6.256272137936D-01  6.232870276342D-01  6.208217196277D-01  6.182252162665D-01
  6.154892999935D-01  6.126070263848D-01  6.095692449692D-01  6.063680110558D-01
  6.029931004614D-01  5.994354147553D-01  5.956834884963D-01  5.917268863444D-01
  5.875527010373D-01  5.831489403977D-01  5.785010138024D-01  5.735951065750D-01
  5.684146520815D-01  5.629436902986D-01  5.571633218717D-01  5.510550467424D-01
  5.445971954659D-01  5.377682426034D-01  5.305432092477D-01  5.228969443507D-01
  5.148004906484D-01  5.062243250945D-01  4.971346780886D-01  4.874967215820D-01
  4.772708285378D-01  4.664156939013D-01  4.548845173593D-01  4.426280380575D-01
  4.295906188073D-01  4.157131692662D-01  4.009291065777D-01  3.851671306142D-01
  3.683470220456D-01  3.503823937337D-01  3.311757322506D-01  3.106216616684D-01
  2.886012567869D-01
