In49 POTENTIAL                      exc: Vosko,Wilk,Nusair      
  2.31897314  6.66250000  2.29182178
  49.00000
   2.53289   0.8007018887   0.8498776277
353
 0.25000000D-01 0.38184860D-03
 9 1
    0  -1.96656160000D+03
    0  -2.87428550000D+02
    0  -5.37136240000D+01
    0  -7.39818510000D+00
    1  -2.68528840000D+02
    1  -4.59639090000D+01
    1  -4.86454470000D+00
    2  -3.15522220000D+01
    2  -7.38539920000D-01
  4.724941001663D+02  4.725211480333D+02  4.725488123276D+02  4.725770992013D+02
  4.726060174818D+02  4.726355812004D+02  4.726658001143D+02  4.726966883636D+02
  4.727282559353D+02  4.727605171052D+02  4.727934820193D+02  4.728271650551D+02
  4.728615764658D+02  4.728967306909D+02  4.729326380389D+02  4.729693129634D+02
  4.730067657718D+02  4.730450108753D+02  4.730840585170D+02  4.731239230008D+02
  4.731646144335D+02  4.732061469377D+02  4.732485304032D+02  4.732917786862D+02
  4.733359013683D+02  4.733809119437D+02  4.734268195835D+02  4.734736373118D+02
  4.735213737736D+02  4.735700414017D+02  4.736196481865D+02  4.736702058337D+02
  4.737217215349D+02  4.737742061170D+02  4.738276658129D+02  4.738821104016D+02
  4.739375449792D+02  4.739939780899D+02  4.740514134949D+02  4.741098582963D+02
  4.741693147110D+02  4.742297881601D+02  4.742912790587D+02  4.743537909123D+02
  4.744173220768D+02  4.744818738554D+02  4.745474422536D+02  4.746140260674D+02
  4.746816186328D+02  4.747502159046D+02  4.748198082003D+02  4.748903882692D+02
  4.749619430292D+02  4.750344616270D+02  4.751079271670D+02  4.751823247612D+02
  4.752576332509D+02  4.753338332453D+02  4.754108988357D+02  4.754888056227D+02
  4.755675224213D+02  4.756470192776D+02  4.757272591643D+02  4.758082059856D+02
  4.758898162637D+02  4.759720471319D+02  4.760548480106D+02  4.761381685889D+02
  4.762219504909D+02  4.763061352449D+02  4.763906559395D+02  4.764754451815D+02
  4.765604267413D+02  4.766455234995D+02  4.767306490825D+02  4.768157157976D+02
  4.769006262594D+02  4.769852813145D+02  4.770695716587D+02  4.771533857521D+02
  4.772366014284D+02  4.773190938018D+02  4.774007268693D+02  4.774813614102D+02
  4.775608465842D+02  4.776390278248D+02  4.777157384346D+02  4.777908074760D+02
  4.778640513650D+02  4.779352817622D+02  4.780042971689D+02  4.780708908203D+02
  4.781348422877D+02  4.781959253785D+02  4.782538997471D+02  4.783085188070D+02
  4.783595213551D+02  4.784066395001D+02  4.784495903061D+02  4.784880837425D+02
  4.785218143532D+02  4.785504692345D+02  4.785737197357D+02  4.785912294723D+02
  4.786026460661D+02  4.786076092005D+02  4.786057424081D+02  4.785966611769D+02
  4.785799647936D+02  4.785552445097D+02  4.785220754497D+02  4.784800248463D+02
  4.784286440230D+02  4.783674767084D+02  4.782960511028D+02  4.782138882812D+02
  4.781204943542D+02  4.780153689694D+02  4.778979975758D+02  4.777678600330D+02
  4.776244229888D+02  4.774671486042D+02  4.772954870519D+02  4.771088853659D+02
  4.769067800660D+02  4.766886061380D+02  4.764537897896D+02  4.762017575632D+02
  4.759319292263D+02  4.756437270166D+02  4.753365686649D+02  4.750098767699D+02
  4.746630719476D+02  4.742955823275D+02  4.739068368173D+02  4.734962747080D+02
  4.730633390370D+02  4.726074862808D+02  4.721281797946D+02  4.716248995654D+02
  4.710971356959D+02  4.705443981836D+02  4.699662104099D+02  4.693621189011D+02
  4.687316867741D+02  4.680745034268D+02  4.673901778836D+02  4.666783483527D+02
  4.659386754047D+02  4.651708513274D+02  4.643745930627D+02  4.635496512801D+02
  4.626958029915D+02  4.618128602598D+02  4.609006624064D+02  4.599590842693D+02
  4.589880279173D+02  4.579874303745D+02  4.569572547620D+02  4.558974974142D+02
  4.548081783818D+02  4.536893478819D+02  4.525410761264D+02  4.513634590784D+02
  4.501566075915D+02  4.489206525042D+02  4.476557331435D+02  4.463620018372D+02
  4.450396119102D+02  4.436887217897D+02  4.423094827202D+02  4.409020427452D+02
  4.394665344870D+02  4.380030794168D+02  4.365117761792D+02  4.349927056951D+02
  4.334459206348D+02  4.318714520065D+02  4.302693004623D+02  4.286394450612D+02
  4.269818370662D+02  4.252964114672D+02  4.235830837262D+02  4.218417643267D+02
  4.200723584796D+02  4.182747833903D+02  4.164489702384D+02  4.145948830585D+02
  4.127125214589D+02  4.108019391735D+02  4.088632452419D+02  4.068966197370D+02
  4.049023108553D+02  4.028806454180D+02  4.008320198360D+02  3.987569039273D+02
  3.966558250578D+02  3.945293654551D+02  3.923781406216D+02  3.902027921074D+02
  3.880039628910D+02  3.857822888301D+02  3.835383745004D+02  3.812727868209D+02
  3.789860346023D+02  3.766785671439D+02  3.743507596809D+02  3.720029184473D+02
  3.696352727999D+02  3.672479868336D+02  3.648411576484D+02  3.624148324614D+02
  3.599690115453D+02  3.575036690617D+02  3.550187586937D+02  3.525142361141D+02
  3.499900651937D+02  3.474462400178D+02  3.448827896667D+02  3.422997979023D+02
  3.396974047905D+02  3.370758225194D+02  3.344353325453D+02  3.317762964340D+02
  3.290991476863D+02  3.264043970521D+02  3.236926187896D+02  3.209644505552D+02
  3.182205745797D+02  3.154617130427D+02  3.126886055031D+02  3.099020016066D+02
  3.071026371541D+02  3.042912269676D+02  3.014684429216D+02  2.986349107092D+02
  2.957911937911D+02  2.929377980201D+02  2.900751651192D+02  2.872036879822D+02
  2.843237151796D+02  2.814355765662D+02  2.785395961072D+02  2.756361224894D+02
  2.727255424698D+02  2.698083067827D+02  2.668849334874D+02  2.639560193471D+02
  2.610222257337D+02  2.580842719020D+02  2.551429046555D+02  2.521988795700D+02
  2.492529244857D+02  2.463057211908D+02  2.433578757655D+02  2.404099124008D+02
  2.374622594827D+02  2.345152608422D+02  2.315691791266D+02  2.286242226578D+02
  2.256805616147D+02  2.227383642245D+02  2.197978184895D+02  2.168591701950D+02
  2.139227429541D+02  2.109889714078D+02  2.080584138577D+02  2.051317759355D+02
  2.022099121149D+02  1.992938371775D+02  1.963847148688D+02  1.934838563946D+02
  1.905926963341D+02  1.877127789985D+02  1.848457232466D+02  1.819931990381D+02
  1.791568841481D+02  1.763384346279D+02  1.735394378288D+02  1.707613819883D+02
  1.680056117079D+02  1.652733038961D+02  1.625654341704D+02  1.598827689303D+02
  1.572258535640D+02  1.545950319589D+02  1.519904667929D+02  1.494121932598D+02
  1.468601712938D+02  1.443343626773D+02  1.418347910341D+02  1.393616053255D+02
  1.369151031696D+02  1.344957391230D+02  1.321040849762D+02  1.297407812415D+02
  1.274064594953D+02  1.251016815962D+02  1.228268748292D+02  1.205823023255D+02
  1.183680384111D+02  1.161839794028D+02  1.140298533000D+02  1.119052557930D+02
  1.098096755125D+02  1.077425370265D+02  1.057032263388D+02  1.036911293128D+02
  1.017056495524D+02  9.974623748091D+01  9.781239823389D+01  9.590371082866D+01
  9.401982665659D+01  9.216048014827D+01  9.032547979366D+01  8.851471246343D+01
  8.672812923454D+01  8.496574564023D+01  8.322762448882D+01  8.151387408782D+01
  7.982462992148D+01  7.816005250787D+01  7.652030937398D+01  7.490557375873D+01
  7.331600787592D+01  7.175176323861D+01  7.021296578615D+01  6.869971822431D+01
  6.721208725158D+01  6.575010801419D+01  6.431377342067D+01  6.290304061479D+01
  6.151782222008D+01  6.015799463053D+01  5.882339095988D+01  5.751381090668D+01
  5.622901514578D+01  5.496873647075D+01  5.373267526958D+01  5.252051148765D+01
  5.133190059298D+01  5.016648559824D+01  4.902389258875D+01  4.790374175781D+01
  4.680564143353D+01  4.572919718822D+01  4.467400370849D+01  4.363965172401D+01
  4.262571792640D+01  4.163177045844D+01  4.065735737006D+01  3.970201218948D+01
  3.876524184916D+01
N_07 POTENTIAL                      exc: Vosko,Wilk,Nusair      
  1.76095821  6.66250000  1.77099661
   7.00000
   2.05765   0.8007018887   0.8498776277
353
 0.25000000D-01 0.31020338D-03
 2 1
    0  -2.69998930000D+01
    0  -4.29582100000D-01
  2.602658843111D+01  2.602697981769D+01  2.602738073830D+01  2.602781723432D+01
  2.602826967289D+01  2.602873581201D+01  2.602921445262D+01  2.602970599913D+01
  2.603021001736D+01  2.603072721545D+01  2.603125730745D+01  2.603180108604D+01
  2.603235832016D+01  2.603292984216D+01  2.603351545233D+01  2.603411600952D+01
  2.603473133770D+01  2.603536231764D+01  2.603600879423D+01  2.603667166854D+01
  2.603735080547D+01  2.603804712600D+01  2.603876051492D+01  2.603949191324D+01
  2.604024122599D+01  2.604100941463D+01  2.604179640495D+01  2.604260317946D+01
  2.604342968537D+01  2.604427692696D+01  2.604514487356D+01  2.604603455200D+01
  2.604694595458D+01  2.604788013149D+01  2.604883709881D+01  2.604981793096D+01
  2.605082266871D+01  2.605185241159D+01  2.605290722613D+01  2.605398824105D+01
  2.605509593520D+01  2.605623106509D+01  2.605739375131D+01  2.605858517463D+01
  2.605980548398D+01  2.606105588896D+01  2.606233656782D+01  2.606364875998D+01
  2.606499267400D+01  2.606636958006D+01  2.606777971799D+01  2.606922438974D+01
  2.607070386736D+01  2.607221948550D+01  2.607377154940D+01  2.607536142734D+01
  2.607698945867D+01  2.607865704623D+01  2.608036456436D+01  2.608211345130D+01
  2.608390411726D+01  2.608573803674D+01  2.608761565656D+01  2.608953848828D+01
  2.609150701611D+01  2.609352278930D+01  2.609558633013D+01  2.609769922619D+01
  2.609986203838D+01  2.610207639316D+01  2.610434289049D+01  2.610666319612D+01
  2.610903794941D+01  2.611146885565D+01  2.611395659381D+01  2.611650290880D+01
  2.611910851924D+01  2.612177520959D+01  2.612450373791D+01  2.612729592795D+01
  2.613015257681D+01  2.613307554699D+01  2.613606567397D+01  2.613912485820D+01
  2.614225397260D+01  2.614545495445D+01  2.614872871284D+01  2.615207722042D+01
  2.615550142078D+01  2.615900332009D+01  2.616258389437D+01  2.616624518102D+01
  2.616998818594D+01  2.617381497495D+01  2.617772658077D+01  2.618172509429D+01
  2.618581157139D+01  2.618998812405D+01  2.619425582700D+01  2.619861680864D+01
  2.620307215749D+01  2.620762401295D+01  2.621227347151D+01  2.621702267725D+01
  2.622187272786D+01  2.622682576489D+01  2.623188287952D+01  2.623704620248D+01
  2.624231680959D+01  2.624769681138D+01  2.625318725826D+01  2.625879022986D+01
  2.626450673987D+01  2.627033882495D+01  2.627628744925D+01  2.628235459290D+01
  2.628854115611D+01  2.629484904726D+01  2.630127908650D+01  2.630783309342D+01
  2.631451179010D+01  2.632131688833D+01  2.632824899207D+01  2.633530968413D+01
  2.634249942811D+01  2.634981965438D+01  2.635727066142D+01  2.636485370122D+01
  2.637256887986D+01  2.638041724224D+01  2.638839867194D+01  2.639651397518D+01
  2.640476277992D+01  2.641314561898D+01  2.642166182834D+01  2.643031162938D+01
  2.643909402628D+01  2.644800888736D+01  2.645705484153D+01  2.646623135864D+01
  2.647553664496D+01  2.648496972245D+01  2.649452832323D+01  2.650421096776D+01
  2.651401485816D+01  2.652393795531D+01  2.653397687097D+01  2.654412894374D+01
  2.655439012995D+01  2.656475707837D+01  2.657522501992D+01  2.658578984109D+01
  2.659644597235D+01  2.660718846036D+01  2.661801085503D+01  2.662890728044D+01
  2.663987032063D+01  2.665089308919D+01  2.666196711381D+01  2.667308440454D+01
  2.668423533708D+01  2.669541071986D+01  2.670659967606D+01  2.671779170953D+01
  2.672897458568D+01  2.674013639631D+01  2.675126343946D+01  2.676234228330D+01
  2.677335764510D+01  2.678429445427D+01  2.679513573067D+01  2.680586464703D+01
  2.681646240681D+01  2.682691030623D+01  2.683718761198D+01  2.684727362319D+01
  2.685714554924D+01  2.686678057213D+01  2.687615372477D+01  2.688523995412D+01
  2.689401200051D+01  2.690244246198D+01  2.691050167517D+01  2.691815978155D+01
  2.692538461040D+01  2.693214374754D+01  2.693840242122D+01  2.694412557406D+01
  2.694927575257D+01  2.695381518322D+01  2.695770366643D+01  2.696090065766D+01
  2.696336316688D+01  2.696504784565D+01  2.696590889314D+01  2.696590015027D+01
  2.696497301344D+01  2.696307853685D+01  2.696016535512D+01  2.695618179512D+01
  2.695107380862D+01  2.694478709493D+01  2.693726504493D+01  2.692845087573D+01
  2.691828558743D+01  2.690671011111D+01  2.689366327960D+01  2.687908399005D+01
  2.686290918992D+01  2.684507605534D+01  2.682551999349D+01  2.680417683777D+01
  2.678098086753D+01  2.675586702099D+01  2.672876893305D+01  2.669962116661D+01
  2.666835726895D+01  2.663491202177D+01  2.659921951625D+01  2.656121542180D+01
  2.652083507947D+01  2.647801578880D+01  2.643269491886D+01  2.638481221205D+01
  2.633430791128D+01  2.628112507906D+01  2.622520773867D+01  2.616650320595D+01
  2.610496024171D+01  2.604053139284D+01  2.597317115217D+01  2.590283830478D+01
  2.582949409064D+01  2.575310455100D+01  2.567363868821D+01  2.559107080611D+01
  2.550537866046D+01  2.541654578633D+01  2.532455963165D+01  2.522941386356D+01
  2.513110647675D+01  2.502964207002D+01  2.492502992009D+01  2.481728621898D+01
  2.470643210344D+01  2.459249584295D+01  2.447551081469D+01  2.435551763162D+01
  2.423256205228D+01  2.410669703932D+01  2.397798059331D+01  2.384647773051D+01
  2.371225823204D+01  2.357539853149D+01  2.343597936972D+01  2.329408758409D+01
  2.314981366130D+01  2.300325342138D+01  2.285450546277D+01  2.270367273643D+01
  2.255085987994D+01  2.239617468017D+01  2.223972529639D+01  2.208162161381D+01
  2.192197236054D+01  2.176088635956D+01  2.159846955060D+01  2.143482615567D+01
  2.127005562597D+01  2.110425374696D+01  2.093750954341D+01  2.076990636599D+01
  2.060151880682D+01  2.043241383272D+01  2.026264779171D+01  2.009226769105D+01
  1.992130841351D+01  1.974979428241D+01  1.957773665499D+01  1.940513596745D+01
  1.923197992277D+01  1.905824625231D+01  1.888390174357D+01  1.870890595687D+01
  1.853321130036D+01  1.835676784527D+01  1.817952448806D+01  1.800143475530D+01
  1.782245875109D+01  1.764256942217D+01  1.746175451931D+01  1.728002232767D+01
  1.709740248281D+01  1.691394994624D+01  1.672974353524D+01  1.654488723938D+01
  1.635950594278D+01  1.617374404650D+01  1.598775886907D+01  1.580171753512D+01
  1.561578936859D+01  1.543014254594D+01  1.524493697864D+01  1.506032205986D+01
  1.487643107731D+01  1.469338074488D+01  1.451126748243D+01  1.433016875368D+01
  1.415014098580D+01  1.397122231496D+01  1.379343165040D+01  1.361677229787D+01
  1.344123165100D+01  1.326678521950D+01  1.309339653593D+01  1.292102124510D+01
  1.274960695017D+01  1.257909714925D+01  1.240943086141D+01  1.224054629678D+01
  1.207238018612D+01  1.190487113776D+01  1.173795864723D+01  1.157158613510D+01
  1.140569964378D+01  1.124025057297D+01  1.107519408720D+01  1.091049157698D+01
  1.074610880823D+01  1.058201814202D+01  1.041819645949D+01  1.025462717361D+01
  1.009129796232D+01  9.928202603571D+00  9.765338546099D+00  9.602708594760D+00
  9.440318342946D+00  9.278177728873D+00  9.116298346479D+00  8.954694885045D+00
  8.793382326313D+00  8.632377270033D+00  8.471695014627D+00  8.311350760551D+00
  8.151356561326D+00  7.991722386785D+00  7.832452923734D+00  7.673548474868D+00
  7.515001585328D+00  7.356797804954D+00  7.198911968077D+00  7.041308991152D+00
  6.883939822832D+00
Vac0 POTENTIAL                      exc: Vosko,Wilk,Nusair      
  2.31897314  6.66250000  2.29182178
   0.00000
   2.53289   0.8007018887   0.8498776277
353
 0.25000000D-01 0.38184860D-03
 0 1
  7.879439068686D-01  7.879191325384D-01  7.878929130675D-01  7.878854174099D-01
  7.878811321887D-01  7.878793945632D-01  7.878778816367D-01  7.878779196927D-01
  7.878777585488D-01  7.878789492864D-01  7.878798491709D-01  7.878820688170D-01
  7.878840029797D-01  7.878872887935D-01  7.878903421326D-01  7.878948185347D-01
  7.878991511921D-01  7.879050131675D-01  7.879108560163D-01  7.879183726722D-01
  7.879260366483D-01  7.879355654685D-01  7.879454604327D-01  7.879574706831D-01
  7.879701337023D-01  7.879852401136D-01  7.880013751347D-01  7.880203844591D-01
  7.880409168772D-01  7.880648916742D-01  7.880910429290D-01  7.881213888588D-01
  7.881547784758D-01  7.881933636865D-01  7.882361491366D-01  7.882854680848D-01
  7.883405348453D-01  7.884038332390D-01  7.884683369114D-01  7.884957323669D-01
  7.884678246732D-01  7.884421772693D-01  7.884170700264D-01  7.883940235648D-01
  7.883713361543D-01  7.883505447366D-01  7.883299621028D-01  7.883111381443D-01
  7.882923972416D-01  7.882752996721D-01  7.882581791492D-01  7.882426043592D-01
  7.882269166024D-01  7.882126914309D-01  7.881982763617D-01  7.881852525984D-01
  7.881719727946D-01  7.881600228349D-01  7.881477596464D-01  7.881367730200D-01
  7.881254234618D-01  7.881153040437D-01  7.881047782892D-01  7.880954420377D-01
  7.880856613657D-01  7.880770344715D-01  7.880679296051D-01  7.880599469726D-01
  7.880514566878D-01  7.880440606816D-01  7.880361306645D-01  7.880292700582D-01
  7.880218519535D-01  7.880154810563D-01  7.880085316585D-01  7.880026095822D-01
  7.879960901613D-01  7.879905801929D-01  7.879844559209D-01  7.879793249959D-01
  7.879735644593D-01  7.879687827089D-01  7.879633574883D-01  7.879588978525D-01
  7.879537821647D-01  7.879496200601D-01  7.879447904477D-01  7.879409034763D-01
  7.879363385382D-01  7.879327062390D-01  7.879283863994D-01  7.879249900283D-01
  7.879208973276D-01  7.879177196677D-01  7.879138375881D-01  7.879108627785D-01
  7.879071760818D-01  7.879043894724D-01  7.879008840620D-01  7.878982720786D-01
  7.878949348735D-01  7.878924849013D-01  7.878893037261D-01  7.878870040027D-01
  7.878839674865D-01  7.878818070098D-01  7.878789044944D-01  7.878768729326D-01
  7.878740943940D-01  7.878721820084D-01  7.878695179768D-01  7.878677155500D-01
  7.878651570427D-01  7.878634558111D-01  7.878609942668D-01  7.878593858571D-01
  7.878570130764D-01  7.878554894474D-01  7.878531975341D-01  7.878517509210D-01
  7.878495322275D-01  7.878481550876D-01  7.878460021625D-01  7.878446871225D-01
  7.878425926588D-01  7.878413324645D-01  7.878392892479D-01  7.878380767130D-01
  7.878360775723D-01  7.878349055278D-01  7.878329432831D-01  7.878318045258D-01
  7.878298719374D-01  7.878287591769D-01  7.878268488910D-01  7.878257546966D-01
  7.878238591911D-01  7.878227759345D-01  7.878208874608D-01  7.878198072581D-01
  7.878179177804D-01  7.878168324284D-01  7.878149335601D-01  7.878138344712D-01
  7.878119174058D-01  7.878107955363D-01  7.878088509740D-01  7.878076967486D-01
  7.878057148177D-01  7.878045180468D-01  7.878024882181D-01  7.878012380096D-01
  7.877991490037D-01  7.877978336659D-01  7.877956733523D-01  7.877942802887D-01
  7.877920355765D-01  7.877905511714D-01  7.877882078889D-01  7.877866173814D-01
  7.877841601442D-01  7.877824474910D-01  7.877798595586D-01  7.877780072827D-01
  7.877752704004D-01  7.877732594252D-01  7.877703536495D-01  7.877681631171D-01
  7.877650666250D-01  7.877626736950D-01  7.877593625736D-01  7.877567422024D-01
  7.877531902167D-01  7.877503149142D-01  7.877464932519D-01  7.877433328131D-01
  7.877392098025D-01  7.877357310116D-01  7.877312718113D-01  7.877274381155D-01
  7.877226043712D-01  7.877183755202D-01  7.877131249866D-01  7.877084566352D-01
  7.877027427577D-01  7.876975860273D-01  7.876913574814D-01  7.876856584746D-01
  7.876788586565D-01  7.876725579222D-01  7.876651243862D-01  7.876581563287D-01
  7.876500201657D-01  7.876423123914D-01  7.876333975430D-01  7.876248701391D-01
  7.876150926391D-01  7.876056573765D-01  7.875949245131D-01  7.875844839663D-01
  7.875726933566D-01  7.875611399298D-01  7.875481784970D-01  7.875353933499D-01
  7.875211361929D-01  7.875069880517D-01  7.874912971963D-01  7.874756410413D-01
  7.874583640597D-01  7.874410396740D-01  7.874220081592D-01  7.874028385248D-01
  7.873818664052D-01  7.873606559309D-01  7.873375376061D-01  7.873140701681D-01
  7.872885784501D-01  7.872626152271D-01  7.872344990633D-01  7.872057761428D-01
  7.871747580999D-01  7.871429838332D-01  7.871087573161D-01  7.870736093934D-01
  7.870358355703D-01  7.869969577887D-01  7.869552621924D-01  7.869122608821D-01
  7.868662296531D-01  7.868186697269D-01  7.867678454594D-01  7.867152460455D-01
  7.866591231951D-01  7.866009528082D-01  7.865389726149D-01  7.864746438178D-01
  7.864061886923D-01  7.863350521927D-01  7.862594395090D-01  7.861807776324D-01
  7.860972528640D-01  7.860102723356D-01  7.859180014649D-01  7.858218254272D-01
  7.857198865509D-01  7.856135457351D-01  7.855009197794D-01  7.853833427407D-01
  7.852589031908D-01  7.851289055064D-01  7.849914070455D-01  7.848476793642D-01
  7.846957453035D-01  7.845368401240D-01  7.843689484938D-01  7.841932655327D-01
  7.840077336903D-01  7.838135036890D-01  7.836084712810D-01  7.833937380797D-01
  7.831671481813D-01  7.829297488723D-01  7.826793271017D-01  7.824168700503D-01
  7.821401014368D-01  7.818499419341D-01  7.815440452906D-01  7.812232585758D-01
  7.808851580965D-01  7.805305094526D-01  7.801568032244D-01  7.797647148175D-01
  7.793516398939D-01  7.789181539824D-01  7.784615476244D-01  7.779822857203D-01
  7.774775423575D-01  7.769476598615D-01  7.763896832676D-01  7.758038190403D-01
  7.751869691453D-01  7.745391893960D-01  7.738572230755D-01  7.731409588621D-01
  7.723869639441D-01  7.715949414676D-01  7.707612630772D-01  7.698854258216D-01
  7.689635840401D-01  7.679950056490D-01  7.669756032819D-01  7.659043898638D-01
  7.647770088946D-01  7.635921892004D-01  7.623452742276D-01  7.610346758364D-01
  7.596554024455D-01  7.582055117025D-01  7.566796372834D-01  7.550754402376D-01
  7.533871341999D-01  7.516119351579D-01  7.497435847788D-01  7.477787982819D-01
  7.457107855085D-01  7.435356965028D-01  7.412461398564D-01  7.388376254971D-01
  7.363020797192D-01  7.336342845439D-01  7.308253886924D-01  7.278693427100D-01
  7.247564049390D-01  7.214795713786D-01  7.180280754616D-01  7.143938113392D-01
  7.105648259418D-01  7.065317340167D-01  7.022812005393D-01  6.978023453698D-01
  6.930802135526D-01  6.881021668665D-01  6.828513388727D-01  6.773130098747D-01
  6.714680427068D-01  6.652992366454D-01  6.587847388135D-01  6.519043713273D-01
  6.446330117556D-01  6.369468861655D-01  6.288169102192D-01  6.202149386903D-01
  6.111070563916D-01  6.014597720376D-01  5.912332451291D-01  5.803874085856D-01
  5.688751138036D-01  5.566481621152D-01  5.436503453306D-01  5.298233606534D-01
  5.150997180218D-01  4.994085065999D-01  4.826681331845D-01  4.647919010820D-01
  4.456805362660D-01  4.252275311771D-01  4.033114124162D-01  3.798007907764D-01
  3.545463140333D-01  3.273855387532D-01  2.981339882547D-01  2.665903098816D-01
  2.325266091170D-01
Vac0 POTENTIAL                      exc: Vosko,Wilk,Nusair      
  1.76095821  6.66250000  1.77099661
   0.00000
   2.05765   0.8007018887   0.8498776277
353
 0.25000000D-01 0.31020338D-03
 0 1
  5.909184502395D-01  5.908803642684D-01  5.908409183260D-01  5.908289696699D-01
  5.908223332127D-01  5.908183775701D-01  5.908152554620D-01  5.908132995722D-01
  5.908115036427D-01  5.908105250427D-01  5.908095086612D-01  5.908091916087D-01
  5.908087651450D-01  5.908089955952D-01  5.908090939745D-01  5.908098408665D-01
  5.908104582237D-01  5.908117356363D-01  5.908129028887D-01  5.908147567332D-01
  5.908165339008D-01  5.908190380874D-01  5.908215132279D-01  5.908247706906D-01
  5.908280626859D-01  5.908322096437D-01  5.908364738467D-01  5.908416869714D-01
  5.908471239049D-01  5.908536305715D-01  5.908604979951D-01  5.908685904315D-01
  5.908772197468D-01  5.908872739982D-01  5.908980922520D-01  5.909105936680D-01
  5.909241527049D-01  5.909397125904D-01  5.909552538393D-01  5.909607582181D-01
  5.909522689491D-01  5.909446075561D-01  5.909369608869D-01  5.909300821930D-01
  5.909231638323D-01  5.909169639410D-01  5.909106792347D-01  5.909050717331D-01
  5.908993416170D-01  5.908942540286D-01  5.908890119455D-01  5.908843830296D-01
  5.908795725396D-01  5.908753501949D-01  5.908709231203D-01  5.908670627310D-01
  5.908629776982D-01  5.908594408389D-01  5.908556621055D-01  5.908524154919D-01
  5.908489120255D-01  5.908459266855D-01  5.908426714006D-01  5.908399219859D-01
  5.908368911401D-01  5.908343553800D-01  5.908315280615D-01  5.908291863024D-01
  5.908265440158D-01  5.908243788431D-01  5.908219051742D-01  5.908199010962D-01
  5.908175814154D-01  5.908157246021D-01  5.908135458248D-01  5.908118238869D-01
  5.908097742690D-01  5.908081760678D-01  5.908062450338D-01  5.908047605204D-01
  5.908029385161D-01  5.908015585974D-01  5.907998369619D-01  5.907985533819D-01
  5.907969242394D-01  5.907957294782D-01  5.907941856426D-01  5.907930728275D-01
  5.907916077215D-01  5.907905705541D-01  5.907891781366D-01  5.907882108193D-01
  5.907868855248D-01  5.907859827069D-01  5.907847193869D-01  5.907838761110D-01
  5.907826699868D-01  5.907818816410D-01  5.907807282585D-01  5.907799905370D-01
  5.907788857276D-01  5.907781945900D-01  5.907771344345D-01  5.907764860751D-01
  5.907754668720D-01  5.907748576857D-01  5.907738759194D-01  5.907733024740D-01
  5.907723547889D-01  5.907718137977D-01  5.907708969709D-01  5.907703852686D-01
  5.907694961849D-01  5.907690107021D-01  5.907681463318D-01  5.907676840724D-01
  5.907668414474D-01  5.907663994654D-01  5.907655756575D-01  5.907651510359D-01
  5.907643431342D-01  5.907639329630D-01  5.907631380519D-01  5.907627394052D-01
  5.907619545425D-01  5.907615644559D-01  5.907607866501D-01  5.907604020988D-01
  5.907596282849D-01  5.907592461580D-01  5.907584731738D-01  5.907580902508D-01
  5.907573148107D-01  5.907569277343D-01  5.907561464022D-01  5.907557516505D-01
  5.907549608113D-01  5.907545546680D-01  5.907537504961D-01  5.907533290185D-01
  5.907525074450D-01  5.907520664289D-01  5.907512231056D-01  5.907507580486D-01
  5.907498883088D-01  5.907493943694D-01  5.907484931855D-01  5.907479651390D-01
  5.907470270769D-01  5.907464592667D-01  5.907454784346D-01  5.907448647201D-01
  5.907438347138D-01  5.907431684119D-01  5.907420822540D-01  5.907413560763D-01
  5.907402061497D-01  5.907394121322D-01  5.907381901070D-01  5.907373195342D-01
  5.907360162876D-01  5.907350596070D-01  5.907336651344D-01  5.907326118651D-01
  5.907311151829D-01  5.907299538118D-01  5.907283428500D-01  5.907270607202D-01
  5.907253222036D-01  5.907239053893D-01  5.907220247071D-01  5.907204578764D-01
  5.907184189379D-01  5.907166852014D-01  5.907144702768D-01  5.907125510205D-01
  5.907101405653D-01  5.907080152656D-01  5.907053877264D-01  5.907030337467D-01
  5.907001653471D-01  5.906975577121D-01  5.906944222159D-01  5.906915333633D-01
  5.906881018134D-01  5.906849013189D-01  5.906811417481D-01  5.906775960220D-01
  5.906734731341D-01  5.906695450857D-01  5.906650199031D-01  5.906606685705D-01
  5.906556980444D-01  5.906508781847D-01  5.906454147651D-01  5.906400764018D-01
  5.906340675613D-01  5.906281554849D-01  5.906215431933D-01  5.906149964078D-01
  5.906077165511D-01  5.906004676640D-01  5.905924494022D-01  5.905844239490D-01
  5.905755890066D-01  5.905667047048D-01  5.905569665863D-01  5.905471325107D-01
  5.905363956338D-01  5.905255113052D-01  5.905136700419D-01  5.905016244193D-01
  5.904885620372D-01  5.904752324041D-01  5.904608198951D-01  5.904460706283D-01
  5.904301654140D-01  5.904138466223D-01  5.903962911230D-01  5.903782371429D-01
  5.903588571952D-01  5.903388849269D-01  5.903174880350D-01  5.902953951031D-01
  5.902717685043D-01  5.902473312244D-01  5.902212397507D-01  5.901942108806D-01
  5.901653945942D-01  5.901355008473D-01  5.901036724258D-01  5.900706117214D-01
  5.900354535660D-01  5.899988919881D-01  5.899600530253D-01  5.899196214593D-01
  5.898767136037D-01  5.898320040159D-01  5.897845982573D-01  5.897351595794D-01
  5.896827816543D-01  5.896281152306D-01  5.895702408325D-01  5.895097953823D-01
  5.894458448631D-01  5.893790109059D-01  5.893083434115D-01  5.892344470980D-01
  5.891563540775D-01  5.890746503604D-01  5.889883483814D-01  5.888980134556D-01
  5.888026362488D-01  5.887027591803D-01  5.885973488308D-01  5.884869222856D-01
  5.883704194750D-01  5.882483294497D-01  5.881195626463D-01  5.879845770883D-01
  5.878422505673D-01  5.876930067625D-01  5.875356873271D-01  5.873706779169D-01
  5.871967801726D-01  5.870143376458D-01  5.868221076658D-01  5.866203871520D-01
  5.864078843510D-01  5.861848445222D-01  5.859499215307D-01  5.857033033919D-01
  5.854435837023D-01  5.851708870261D-01  5.848837401466D-01  5.845821972747D-01
  5.842647110988D-01  5.839312577950D-01  5.835802078510D-01  5.832114508529D-01
  5.828232660551D-01  5.824154469173D-01  5.819861713880D-01  5.815351261587D-01
  5.810603766266D-01  5.805614908287D-01  5.800364090416D-01  5.794845673540D-01
  5.789037668551D-01  5.782932967970D-01  5.776508033161D-01  5.769754121283D-01
  5.762645967189D-01  5.755173005041D-01  5.747308044141D-01  5.739038484423D-01
  5.730334985333D-01  5.721182674277D-01  5.711549807490D-01  5.701418970355D-01
  5.690755729015D-01  5.679539821245D-01  5.667733797324D-01  5.655314199879D-01
  5.642240192230D-01  5.628484725305D-01  5.614003151279D-01  5.598764375250D-01
  5.582719451530D-01  5.565832717244D-01  5.548050368041D-01  5.529331570113D-01
  5.509617011354D-01  5.488859987462D-01  5.466994923602D-01  5.443968429210D-01
  5.419707784002D-01  5.394151954725D-01  5.367220037807D-01  5.338842229558D-01
  5.308928215766D-01  5.277398084604D-01  5.244150650902D-01  5.209094298138D-01
  5.172115221801D-01  5.133108183090D-01  5.091944651501D-01  5.048503447999D-01
  5.002638761394D-01  4.954210652417D-01  4.903052911194D-01  4.849003385410D-01
  4.791871636684D-01  4.731469045177D-01  4.667576210243D-01  4.599972769623D-01
  4.528404473357D-01  4.452612636979D-01  4.372300796146D-01  4.287163688525D-01
  4.196853368165D-01  4.101007578274D-01  3.999215166859D-01  3.891043670148D-01
  3.776003822170D-01  3.653576108227D-01  3.523174120128D-01  3.384169737054D-01
  3.235854947565D-01  3.077466511237D-01  2.908141610020D-01  2.726945936932D-01
  2.532823261270D-01
