In49 POTENTIAL                      exc: Vosko,Wilk,Nusair      
  2.25914357  6.50000000  2.23392349
  49.00000
   2.46891   0.8856778022   0.8856506265
353
 0.25000000D-01 0.37220196D-03
 9 1
    0  -1.96656160000D+03
    0  -2.87428550000D+02
    0  -5.37136240000D+01
    0  -7.39818510000D+00
    1  -2.68528840000D+02
    1  -4.59639090000D+01
    1  -4.86454470000D+00
    2  -3.15522220000D+01
    2  -7.38539920000D-01
  4.725879640585D+02  4.726143297020D+02  4.726412978580D+02  4.726688749342D+02
  4.726970696192D+02  4.727258957883D+02  4.727553630710D+02  4.727854854651D+02
  4.728162728420D+02  4.728477393523D+02  4.728798950423D+02  4.729127541833D+02
  4.729463269481D+02  4.729806276919D+02  4.730156666658D+02  4.730514582642D+02
  4.730880127638D+02  4.731253445461D+02  4.731634638539D+02  4.732023849951D+02
  4.732421181117D+02  4.732826773682D+02  4.733240727302D+02  4.733663181393D+02
  4.734094232992D+02  4.734534018384D+02  4.734982631021D+02  4.735440203044D+02
  4.735906823233D+02  4.736382618442D+02  4.736867671563D+02  4.737362102880D+02
  4.737865988039D+02  4.738379439320D+02  4.738902523608D+02  4.739435343579D+02
  4.739977955671D+02  4.740530451183D+02  4.741092874231D+02  4.741665302768D+02
  4.742247766600D+02  4.742840328069D+02  4.743443000211D+02  4.744055827529D+02
  4.744678803852D+02  4.745311953108D+02  4.745955247143D+02  4.746608686405D+02
  4.747272217713D+02  4.747945814850D+02  4.748629396272D+02  4.749322905615D+02
  4.750026229337D+02  4.750739277125D+02  4.751461899471D+02  4.752193967981D+02
  4.752935292874D+02  4.753685703185D+02  4.754444964186D+02  4.755212857483D+02
  4.755989098348D+02  4.756773415708D+02  4.757565469389D+02  4.758364929987D+02
  4.759171396017D+02  4.759984473676D+02  4.760803693887D+02  4.761628591944D+02
  4.762458624463D+02  4.763293248904D+02  4.764131840416D+02  4.764973771248D+02
  4.765818327489D+02  4.766664788364D+02  4.767512342870D+02  4.768360168961D+02
  4.769207350089D+02  4.770052954273D+02  4.770895950555D+02  4.771735287968D+02
  4.772569811903D+02  4.773398342987D+02  4.774219593380D+02  4.775032245572D+02
  4.775834868618D+02  4.776625996881D+02  4.777404046214D+02  4.778167392670D+02
  4.778914288660D+02  4.779642941647D+02  4.780351430309D+02  4.781037783243D+02
  4.781699895175D+02  4.782335605697D+02  4.782942615560D+02  4.783518565500D+02
  4.784060952639D+02  4.784567209453D+02  4.785034620336D+02  4.785460400753D+02
  4.785841614029D+02  4.786175250747D+02  4.786458145820D+02  4.786687058204D+02
  4.786858588318D+02  4.786969258152D+02  4.787015429113D+02  4.786993382594D+02
  4.786899238337D+02  4.786729035555D+02  4.786478651895D+02  4.786143885200D+02
  4.785720373169D+02  4.785203675856D+02  4.784589196122D+02  4.783872262972D+02
  4.783048052891D+02  4.782111674118D+02  4.781058088972D+02  4.779882199150D+02
  4.778578769139D+02  4.777142512633D+02  4.775568017105D+02  4.773849831436D+02
  4.771982391721D+02  4.769960110164D+02  4.767777302181D+02  4.765428276613D+02
  4.762907264154D+02  4.760208508893D+02  4.757326198084D+02  4.754254555000D+02
  4.750987769995D+02  4.747520094631D+02  4.743845773949D+02  4.739959141749D+02
  4.735854553951D+02  4.731526484854D+02  4.726969461384D+02  4.722178160111D+02
  4.717147342103D+02  4.711871950394D+02  4.706347045096D+02  4.700567900924D+02
  4.694529942134D+02  4.688228839611D+02  4.681660445118D+02  4.674820887379D+02
  4.667706505010D+02  4.660313940940D+02  4.652640073320D+02  4.644682107545D+02
  4.636437504358D+02  4.627904068657D+02  4.619079873971D+02  4.609963347199D+02
  4.600553188590D+02  4.590848451578D+02  4.580848457427D+02  4.570552869355D+02
  4.559961601117D+02  4.549074884747D+02  4.537893172505D+02  4.526417197869D+02
  4.514647870563D+02  4.502586330668D+02  4.490233837034D+02  4.477591815035D+02
  4.464661739163D+02  4.451445175706D+02  4.437943661259D+02  4.424158742574D+02
  4.410091853813D+02  4.395744357023D+02  4.381117422231D+02  4.366212073326D+02
  4.351029076423D+02  4.335568997174D+02  4.319832103924D+02  4.303818443270D+02
  4.287527764892D+02  4.270959621947D+02  4.254113323424D+02  4.236988063963D+02
  4.219582906434D+02  4.201896941339D+02  4.183929296584D+02  4.165679319668D+02
  4.147146603683D+02  4.128331177026D+02  4.109233526293D+02  4.089854770808D+02
  4.070196657505D+02  4.050261694806D+02  4.030053095461D+02  4.009574849362D+02
  3.988831599680D+02  3.967828647514D+02  3.946571762967D+02  3.925067132417D+02
  3.903321124017D+02  3.881340204391D+02  3.859130690626D+02  3.836698671241D+02
  3.814049779611D+02  3.791189151746D+02  3.768121249182D+02  3.744849875557D+02
  3.721378064031D+02  3.697708160547D+02  3.673841776781D+02  3.649779934861D+02
  3.625523075386D+02  3.601071248984D+02  3.576424161702D+02  3.551581393690D+02
  3.526542461122D+02  3.501307040850D+02  3.475875027995D+02  3.450246746516D+02
  3.424422983700D+02  3.398405169315D+02  3.372195371567D+02  3.345796431630D+02
  3.319211909944D+02  3.292446167619D+02  3.265504257521D+02  3.238391950025D+02
  3.211115569831D+02  3.183681970826D+02  3.156098327618D+02  3.128372072779D+02
  3.100510661474D+02  3.072521494799D+02  3.044411685659D+02  3.016188001347D+02
  2.987856668012D+02  2.959423371990D+02  2.930893142462D+02  2.902270447763D+02
  2.873559184624D+02  2.844762884770D+02  2.815884807491D+02  2.786928229979D+02
  2.757896590754D+02  2.728793786241D+02  2.699624268274D+02  2.670393241734D+02
  2.641106617573D+02  2.611771036419D+02  2.582393640443D+02  2.552981933927D+02
  2.523543433546D+02  2.494085465850D+02  2.464614820736D+02  2.435137616190D+02
  2.405659072151D+02  2.376183532089D+02  2.346714411011D+02  2.317254390114D+02
  2.287805521362D+02  2.258369550932D+02  2.228948117898D+02  2.199543133941D+02
  2.170157000985D+02  2.140792974795D+02  2.111455335160D+02  2.082149675876D+02
  2.052882980026D+02  2.023663799043D+02  1.994502206132D+02  1.965409846851D+02
  1.936399762823D+02  1.907486314781D+02  1.878684884712D+02  1.850011687661D+02
  1.821483375485D+02  1.793116767231D+02  1.764928391485D+02  1.736934179278D+02
  1.709148997039D+02  1.681586363283D+02  1.654258044265D+02  1.627173878936D+02
  1.600341534791D+02  1.573766549767D+02  1.547452361462D+02  1.521400669212D+02
  1.495611805512D+02  1.470085418542D+02  1.444821079887D+02  1.419819048550D+02
  1.395080747107D+02  1.370609163257D+02  1.346408776468D+02  1.322485329338D+02
  1.298845183546D+02  1.275494706961D+02  1.252439501602D+02  1.229683914367D+02
  1.207230574359D+02  1.185080304930D+02  1.163232065548D+02  1.141683208970D+02
  1.120429677202D+02  1.099466416121D+02  1.078787642830D+02  1.058387263880D+02
  1.038259097602D+02  1.018397216554D+02  9.987960765389D+01  9.794507591329D+01
  9.603570014556D+01  9.415113444440D+01  9.229110773042D+01  9.045543107442D+01
  8.864398576810D+01  8.685672542048D+01  8.509365992880D+01  8.335485453876D+01
  8.164041176611D+01  7.995046929074D+01  7.828518149383D+01  7.664471763026D+01
  7.502924420093D+01  7.343892439995D+01  7.187390210527D+01  7.033430318437D+01
  6.882022150759D+01  6.733172235853D+01  6.586883058401D+01  6.443153611606D+01
  6.301978418493D+01  6.163348282220D+01  6.027249497029D+01  5.893664777713D+01
  5.762572639432D+01  5.633948482674D+01  5.507764112954D+01  5.383988942824D+01
  5.262589598534D+01  5.143531166810D+01  5.026776794359D+01  4.912288865512D+01
  4.800028469477D+01  4.689956387513D+01  4.582032329730D+01  4.476215674045D+01
  4.372464467633D+01  4.270735979884D+01  4.170985512119D+01  4.073166936081D+01
  3.977231426152D+01
N_07 POTENTIAL                      exc: Vosko,Wilk,Nusair      
  1.72127726  6.50000000  1.73067725
   7.00000
   2.01081   0.8856778022   0.8856506265
353
 0.25000000D-01 0.30314114D-03
 2 1
    0  -2.69998930000D+01
    0  -4.29582100000D-01
  2.611904919170D+01  2.611943107920D+01  2.611982223702D+01  2.612024858087D+01
  2.612069055123D+01  2.612114597711D+01  2.612161360422D+01  2.612209388914D+01
  2.612258633692D+01  2.612309170558D+01  2.612360964717D+01  2.612414100345D+01
  2.612468548080D+01  2.612524396017D+01  2.612581617885D+01  2.612640304389D+01
  2.612700431589D+01  2.612762092347D+01  2.612825264775D+01  2.612890043730D+01
  2.612956409289D+01  2.613024458261D+01  2.613094172679D+01  2.613165651315D+01
  2.613238878186D+01  2.613313954074D+01  2.613390865032D+01  2.613469713909D+01
  2.613550488858D+01  2.613633294864D+01  2.613718122256D+01  2.613805078231D+01
  2.613894155370D+01  2.613985463167D+01  2.614078996538D+01  2.614174867358D+01
  2.614273072969D+01  2.614373727712D+01  2.614476831461D+01  2.614582501491D+01
  2.614690778618D+01  2.614801742974D+01  2.614915399750D+01  2.615031871272D+01
  2.615151165522D+01  2.615273407662D+01  2.615398608560D+01  2.615526896313D+01
  2.615658284773D+01  2.615792905070D+01  2.615930774136D+01  2.616072026232D+01
  2.616216681467D+01  2.616364877327D+01  2.616516637196D+01  2.616672101878D+01
  2.616831298125D+01  2.616994370155D+01  2.617161348174D+01  2.617332379904D+01
  2.617507499096D+01  2.617686857057D+01  2.617870491165D+01  2.618058556395D+01
  2.618251093829D+01  2.618448262180D+01  2.618650106307D+01  2.618856788727D+01
  2.619068358134D+01  2.619284980909D+01  2.619506709632D+01  2.619733714593D+01
  2.619966052299D+01  2.620203896980D+01  2.620447309097D+01  2.620696466840D+01
  2.620951434632D+01  2.621212394625D+01  2.621479415196D+01  2.621752682439D+01
  2.622032268657D+01  2.622318363845D+01  2.622611044177D+01  2.622910503483D+01
  2.623216821727D+01  2.623530196477D+01  2.623850711376D+01  2.624178567600D+01
  2.624513852323D+01  2.624856770165D+01  2.625207411641D+01  2.625565984605D+01
  2.625932582685D+01  2.626307416713D+01  2.626690583144D+01  2.627082295481D+01
  2.627482652672D+01  2.627891870518D+01  2.628310050062D+01  2.628737408972D+01
  2.629174049913D+01  2.629620191912D+01  2.630075938713D+01  2.630541510114D+01
  2.631017010302D+01  2.631502659172D+01  2.631998560627D+01  2.632504933879D+01
  2.633021881720D+01  2.633549621790D+01  2.634088254823D+01  2.634637995882D+01
  2.635198942569D+01  2.635771306231D+01  2.636355180128D+01  2.636950770602D+01
  2.637558165210D+01  2.638177563847D+01  2.638809046837D+01  2.639452806007D+01
  2.640108912737D+01  2.640777548984D+01  2.641458775273D+01  2.642152761675D+01
  2.642859555743D+01  2.643579313424D+01  2.644312066940D+01  2.645057955640D+01
  2.645816993810D+01  2.646589301458D+01  2.647374872056D+01  2.648173803253D+01
  2.648986064538D+01  2.649811727876D+01  2.650650735291D+01  2.651503129419D+01
  2.652368821002D+01  2.653247819351D+01  2.654139999753D+01  2.655045333837D+01
  2.655963656881D+01  2.656894898076D+01  2.657838847738D+01  2.658795387459D+01
  2.659764257214D+01  2.660745285397D+01  2.661738155819D+01  2.662742637627D+01
  2.663758352180D+01  2.664785002855D+01  2.665822141791D+01  2.666869399577D+01
  2.667926251873D+01  2.668992248963D+01  2.670066782252D+01  2.671149313691D+01
  2.672239142143D+01  2.673335632677D+01  2.674437982806D+01  2.675545451652D+01
  2.676657126057D+01  2.677772149621D+01  2.678889488689D+01  2.680008161271D+01
  2.681127002906D+01  2.682244895476D+01  2.683360532955D+01  2.684472650125D+01
  2.685579788229D+01  2.686680523596D+01  2.687773233219D+01  2.688856323303D+01
  2.689927994795D+01  2.690986471878D+01  2.692029767463D+01  2.693055911676D+01
  2.694062717341D+01  2.695048008479D+01  2.696009385830D+01  2.696944455406D+01
  2.697850594091D+01  2.698725178291D+01  2.699565349668D+01  2.700368243944D+01
  2.701130756821D+01  2.701849773002D+01  2.702521932365D+01  2.703143859272D+01
  2.703711929069D+01  2.704222497766D+01  2.704671668942D+01  2.705055523887D+01
  2.705369889003D+01  2.705610566501D+01  2.705773102407D+01  2.705853017915D+01
  2.705845578103D+01  2.705746024056D+01  2.705549342413D+01  2.705250498380D+01
  2.704844206226D+01  2.704325163308D+01  2.703687821652D+01  2.702926623120D+01
  2.702035772196D+01  2.701009472429D+01  2.699841700556D+01  2.698526444350D+01
  2.697057478204D+01  2.695428602504D+01  2.693633420798D+01  2.691665580802D+01
  2.689518553260D+01  2.687185874683D+01  2.684660927985D+01  2.681937187032D+01
  2.679007999116D+01  2.675866831359D+01  2.672507055058D+01  2.668922193958D+01
  2.665105710456D+01  2.661051255714D+01  2.656752457658D+01  2.652203172851D+01
  2.647397276178D+01  2.642328914328D+01  2.636992296987D+01  2.631381951709D+01
  2.625492516376D+01  2.619318995158D+01  2.612856551901D+01  2.606100766808D+01
  2.599047430325D+01  2.591692800080D+01  2.584033394747D+01  2.576066250681D+01
  2.567788715151D+01  2.559198702004D+01  2.550294483571D+01  2.541074944603D+01
  2.531539372044D+01  2.521687706404D+01  2.511520328514D+01  2.501038307418D+01
  2.490243183156D+01  2.479137210185D+01  2.467723135181D+01  2.456004434967D+01
  2.443985088298D+01  2.431669807217D+01  2.419063801841D+01  2.406173004099D+01
  2.393003824389D+01  2.379563366823D+01  2.365859176836D+01  2.351899446968D+01
  2.337692754611D+01  2.323248257572D+01  2.308575421293D+01  2.293684203619D+01
  2.278584771048D+01  2.263287672407D+01  2.247803543977D+01  2.232143272120D+01
  2.216317687539D+01  2.200337717367D+01  2.184214069370D+01  2.167957374657D+01
  2.151577863400D+01  2.135085500253D+01  2.118489654282D+01  2.101799230514D+01
  2.085022338400D+01  2.068166424892D+01  2.051237948137D+01  2.034242520320D+01
  2.017184596633D+01  2.000067640017D+01  1.982893839869D+01  1.965664315638D+01
  1.948378884757D+01  1.931036326908D+01  1.913634224744D+01  1.896169313085D+01
  1.878637415649D+01  1.861033898875D+01  1.843353717541D+01  1.825591975214D+01
  1.807744065452D+01  1.789806306026D+01  1.771776120107D+01  1.753652664911D+01
  1.735436952078D+01  1.717132354969D+01  1.698744548173D+01  1.680281783200D+01
  1.661754562155D+01  1.643175636131D+01  1.624559416004D+01  1.605921747579D+01
  1.587279159150D+01  1.568648546054D+01  1.550046403606D+01  1.531488567489D+01
  1.512989560390D+01  1.494562487300D+01  1.476218560243D+01  1.457967178184D+01
  1.439815629114D+01  1.421769330127D+01  1.403831666327D+01  1.386004341630D+01
  1.368287302169D+01  1.350679147090D+01  1.333177090220D+01  1.315777390773D+01
  1.298475319932D+01  1.281265584704D+01  1.264142278731D+01  1.247099283914D+01
  1.230130194498D+01  1.213228689132D+01  1.196388423785D+01  1.179603372004D+01
  1.162867686135D+01  1.146176006517D+01  1.129523292647D+01  1.112905103601D+01
  1.096317401875D+01  1.079756808031D+01  1.063220380351D+01  1.046705846901D+01
  1.030211364149D+01  1.013735729467D+01  9.972781215875D+00  9.808382961699D+00
  9.644163104384D+00  9.480127038212D+00  9.316282083845D+00  9.152639157215D+00
  8.989209738860D+00  8.826007407099D+00  8.663044668888D+00  8.500334348402D+00
  8.337886265566D+00  8.175708461722D+00  8.013803705431D+00  7.852170531915D+00
  7.690799554794D+00  7.529674359572D+00  7.368767428357D+00  7.208041102068D+00
  7.047443148699D+00
Vac0 POTENTIAL                      exc: Vosko,Wilk,Nusair      
  2.25914357  6.50000000  2.23392349
   0.00000
   2.46891   0.8856778022   0.8856506265
353
 0.25000000D-01 0.37220196D-03
 0 1
  8.331148821236D-01  8.330880328653D-01  8.330597123333D-01  8.330515462588D-01
  8.330469267290D-01  8.330449542068D-01  8.330433002275D-01  8.330432150864D-01
  8.330429889053D-01  8.330441145183D-01  8.330449980816D-01  8.330471965433D-01
  8.330491564342D-01  8.330524634034D-01  8.330555866816D-01  8.330601316820D-01
  8.330645864392D-01  8.330705752928D-01  8.330766061518D-01  8.330843249363D-01
  8.330922634391D-01  8.331020943795D-01  8.331123799109D-01  8.331248273737D-01
  8.331380385426D-01  8.331537663581D-01  8.331706651338D-01  8.331905484933D-01
  8.332121410003D-01  8.332373376925D-01  8.332649576442D-01  8.332970057293D-01
  8.333324288301D-01  8.333733807095D-01  8.334189818656D-01  8.334715886661D-01
  8.335305561893D-01  8.335984099598D-01  8.336677207417D-01  8.336978619972D-01
  8.336691432135D-01  8.336427021045D-01  8.336168675441D-01  8.335931051930D-01
  8.335697628720D-01  8.335483230468D-01  8.335271484913D-01  8.335077350131D-01
  8.334884573198D-01  8.334708219118D-01  8.334532131084D-01  8.334371460720D-01
  8.334210129352D-01  8.334063359287D-01  8.333915135906D-01  8.333780739686D-01
  8.333644208960D-01  8.333520872352D-01  8.333394812213D-01  8.333281397454D-01
  8.333164747253D-01  8.333060264313D-01  8.332952098837D-01  8.332855682075D-01
  8.332755190584D-01  8.332666079821D-01  8.332572548718D-01  8.332490073475D-01
  8.332402872187D-01  8.332326438800D-01  8.332245007894D-01  8.332174088741D-01
  8.332097930125D-01  8.332032054582D-01  8.331960723235D-01  8.331899470115D-01
  8.331832567091D-01  8.331775558225D-01  8.331712724775D-01  8.331659619563D-01
  8.331600532077D-01  8.331551022840D-01  8.331495388532D-01  8.331449196491D-01
  8.331396749767D-01  8.331353621665D-01  8.331304120839D-01  8.331263825900D-01
  8.331217050489D-01  8.331179377889D-01  8.331135126175D-01  8.331099882779D-01
  8.331057969694D-01  8.331024978065D-01  8.330985233376D-01  8.330954330053D-01
  8.330916596696D-01  8.330887630667D-01  8.330851763328D-01  8.330824594650D-01
  8.330790458461D-01  8.330764957065D-01  8.330732426472D-01  8.330708471050D-01
  8.330677428768D-01  8.330654905818D-01  8.330625241897D-01  8.330604044817D-01
  8.330575655790D-01  8.330555684061D-01  8.330528472175D-01  8.330509630625D-01
  8.330483503109D-01  8.330465701206D-01  8.330440569616D-01  8.330423720828D-01
  8.330399500399D-01  8.330383521596D-01  8.330360130667D-01  8.330344941512D-01
  8.330322300946D-01  8.330307823362D-01  8.330285855999D-01  8.330272013616D-01
  8.330250643745D-01  8.330237361367D-01  8.330216514181D-01  8.330203717270D-01
  8.330183318355D-01  8.330170932484D-01  8.330150907283D-01  8.330138857619D-01
  8.330119130881D-01  8.330107341630D-01  8.330087836871D-01  8.330076230710D-01
  8.330056869626D-01  8.330045367121D-01  8.330026068990D-01  8.330014587975D-01
  8.329995269026D-01  8.329983723954D-01  8.329964296688D-01  8.329952597932D-01
  8.329932970413D-01  8.329921023532D-01  8.329901098613D-01  8.329888803550D-01
  8.329868478048D-01  8.329855728271D-01  8.329834892074D-01  8.329821573645D-01
  8.329800108736D-01  8.329786099296D-01  8.329763878702D-01  8.329749046376D-01
  8.329725933013D-01  8.329710135196D-01  8.329685980610D-01  8.329669062655D-01
  8.329643705647D-01  8.329625499423D-01  8.329598764532D-01  8.329579086835D-01
  8.329550782682D-01  8.329529433500D-01  8.329499350962D-01  8.329476111560D-01
  8.329444021762D-01  8.329418652577D-01  8.329384304688D-01  8.329356543007D-01
  8.329319661801D-01  8.329289219214D-01  8.329249502387D-01  8.329216061965D-01
  8.329173177185D-01  8.329136390374D-01  8.329089972012D-01  8.329049455209D-01
  8.328999100742D-01  8.328954431513D-01  8.328899697553D-01  8.328850410457D-01
  8.328790808363D-01  8.328736390349D-01  8.328671381386D-01  8.328611266702D-01
  8.328540256695D-01  8.328473821267D-01  8.328396154693D-01  8.328322709921D-01
  8.328237663392D-01  8.328156449294D-01  8.328063224342D-01  8.327973401980D-01
  8.327871117104D-01  8.327771760214D-01  8.327659442079D-01  8.327549527830D-01
  8.327426101553D-01  8.327304500325D-01  8.327168778731D-01  8.327034242831D-01
  8.326884914590D-01  8.326736065775D-01  8.326571682289D-01  8.326406997980D-01
  8.326225958884D-01  8.326043756932D-01  8.325844294082D-01  8.325642715928D-01
  8.325422875700D-01  8.325199867764D-01  8.324957491486D-01  8.324710784601D-01
  8.324443486929D-01  8.324170573605D-01  8.323875718624D-01  8.323573827917D-01
  8.323248502718D-01  8.322914572458D-01  8.322555557935D-01  8.322186204019D-01
  8.321789942590D-01  8.321381425041D-01  8.320943984961D-01  8.320492170408D-01
  8.320009206319D-01  8.319509526521D-01  8.318976235839D-01  8.318423641826D-01
  8.317834716527D-01  8.317223627901D-01  8.316573201210D-01  8.315897450094D-01
  8.315179037545D-01  8.314431806600D-01  8.313638240859D-01  8.312811994754D-01
  8.311935353557D-01  8.311021763180D-01  8.310053289627D-01  8.309043148273D-01
  8.307973162695D-01  8.306856293373D-01  8.305674095838D-01  8.304439248740D-01
  8.303133011226D-01  8.301767750310D-01  8.300324397411D-01  8.298814974933D-01
  8.297220051878D-01  8.295551269561D-01  8.293788796181D-01  8.291943851588D-01
  8.289996160699D-01  8.287956477205D-01  8.285804035720D-01  8.283549074300D-01
  8.281170285188D-01  8.278677336024D-01  8.276048319021D-01  8.273292270722D-01
  8.270386619441D-01  8.267339703401D-01  8.264128216242D-01  8.260759723362D-01
  8.257210105279D-01  8.253486071963D-01  8.249562603814D-01  8.245445463758D-01
  8.241108635556D-01  8.236556833412D-01  8.231762937306D-01  8.226730499816D-01
  8.221431178121D-01  8.215867237706D-01  8.210008980640D-01  8.203857245776D-01
  8.197380832847D-01  8.190578998724D-01  8.183418876807D-01  8.175897968833D-01
  8.167981558950D-01  8.159665200488D-01  8.150912124018D-01  8.141715718379D-01
  8.132036931900D-01  8.121866746872D-01  8.111163572947D-01  8.099915714074D-01
  8.088078752922D-01  8.075638009105D-01  8.062545913224D-01  8.048784454951D-01
  8.034302545012D-01  8.019078451377D-01  8.003057147112D-01  7.986212732525D-01
  7.968485766347D-01  7.949845671155D-01  7.930228044721D-01  7.909597045372D-01
  7.887882679572D-01  7.865043163005D-01  7.841002179463D-01  7.815711212327D-01
  7.789086768554D-01  7.761072673824D-01  7.731577253765D-01  7.700535584220D-01
  7.667846619776D-01  7.633435388260D-01  7.597190053968D-01  7.559024042545D-01
  7.518813022897D-01  7.476456944822D-01  7.431816919255D-01  7.384777146168D-01
  7.335181667283D-01  7.282896155585D-01  7.227744507568D-01  7.169570457819D-01
  7.108173968867D-01  7.043372624160D-01  6.974937762052D-01  6.902655587560D-01
  6.826262982218D-01  6.745508258359D-01  6.660086557621D-01  6.569700150166D-01
  6.473993310357D-01  6.372612036071D-01  6.265138259176D-01  6.151148825518D-01
  6.030148858898D-01  5.901629799059D-01  5.765001689683D-01  5.619650018851D-01
  5.464866643739D-01  5.299905116044D-01  5.123909890012D-01  4.935969748391D-01
  4.735044872880D-01  4.520017913328D-01  4.289618491375D-01  4.042471353611D-01
  3.777017793020D-01  3.491562358919D-01  3.184184681280D-01  2.852790303216D-01
  2.495014987843D-01
Vac0 POTENTIAL                      exc: Vosko,Wilk,Nusair      
  1.72127726  6.50000000  1.73067725
   0.00000
   2.01081   0.8856778022   0.8856506265
353
 0.25000000D-01 0.30314114D-03
 0 1
  6.288066263176D-01  6.287660943826D-01  6.287241199603D-01  6.287114021764D-01
  6.287043436410D-01  6.287001344250D-01  6.286968182042D-01  6.286947394438D-01
  6.286928370513D-01  6.286918012516D-01  6.286907316789D-01  6.286904035177D-01
  6.286899658932D-01  6.286902251923D-01  6.286903516765D-01  6.286911670167D-01
  6.286918533185D-01  6.286932419879D-01  6.286945236826D-01  6.286965376921D-01
  6.286984823417D-01  6.287012046865D-01  6.287039110915D-01  6.287074572222D-01
  6.287110587998D-01  6.287155817579D-01  6.287202532552D-01  6.287259520271D-01
  6.287319196388D-01  6.287390511356D-01  6.287466065696D-01  6.287555020396D-01
  6.287650216058D-01  6.287761087953D-01  6.287880790652D-01  6.288019119210D-01
  6.288169637906D-01  6.288342422359D-01  6.288515408808D-01  6.288579029446D-01
  6.288488913798D-01  6.288407550222D-01  6.288326380979D-01  6.288253327793D-01
  6.288179891422D-01  6.288114045492D-01  6.288047337030D-01  6.287987780804D-01
  6.287926960749D-01  6.287872924739D-01  6.287817286389D-01  6.287768120355D-01
  6.287717064432D-01  6.287672215180D-01  6.287625230213D-01  6.287584224044D-01
  6.287540870692D-01  6.287503299586D-01  6.287463198377D-01  6.287428708984D-01
  6.287391530410D-01  6.287359815075D-01  6.287325271586D-01  6.287296061183D-01
  6.287263900676D-01  6.287236958771D-01  6.287206959204D-01  6.287182077091D-01
  6.287154042118D-01  6.287131034917D-01  6.287104790254D-01  6.287083493480D-01
  6.287058883780D-01  6.287039150615D-01  6.287016036959D-01  6.286997735840D-01
  6.286975993549D-01  6.286959006216D-01  6.286938523013D-01  6.286922742777D-01
  6.286903417216D-01  6.286888747533D-01  6.286870487662D-01  6.286856840879D-01
  6.286839563080D-01  6.286826859362D-01  6.286810487334D-01  6.286798653726D-01
  6.286783117652D-01  6.286772087253D-01  6.286757323001D-01  6.286747034291D-01
  6.286732982757D-01  6.286723378924D-01  6.286709985467D-01  6.286701013874D-01
  6.286688227755D-01  6.286679839460D-01  6.286667613400D-01  6.286659762679D-01
  6.286648052421D-01  6.286640696398D-01  6.286629460347D-01  6.286622558615D-01
  6.286611757478D-01  6.286605271772D-01  6.286594868238D-01  6.286588762133D-01
  6.286578720585D-01  6.286572959202D-01  6.286563245432D-01  6.286557795175D-01
  6.286548376127D-01  6.286543204424D-01  6.286534047950D-01  6.286529123005D-01
  6.286520197612D-01  6.286515488171D-01  6.286506762787D-01  6.286502237905D-01
  6.286493681648D-01  6.286489310450D-01  6.286480892390D-01  6.286476643838D-01
  6.286468332770D-01  6.286464175421D-01  6.286455939614D-01  6.286451841384D-01
  6.286443648331D-01  6.286439576233D-01  6.286431392396D-01  6.286427312275D-01
  6.286419102816D-01  6.286414979075D-01  6.286406707560D-01  6.286402502855D-01
  6.286394130952D-01  6.286389805885D-01  6.286381293038D-01  6.286376805802D-01
  6.286368108877D-01  6.286363414909D-01  6.286354487809D-01  6.286349539380D-01
  6.286340332636D-01  6.286335078427D-01  6.286325538748D-01  6.286319923376D-01
  6.286309993165D-01  6.286303956678D-01  6.286293573487D-01  6.286287050797D-01
  6.286276146748D-01  6.286269067027D-01  6.286257568170D-01  6.286249854172D-01
  6.286237679780D-01  6.286229247100D-01  6.286216308893D-01  6.286207065164D-01
  6.286193266458D-01  6.286183110447D-01  6.286168345216D-01  6.286157165847D-01
  6.286141317693D-01  6.286128992959D-01  6.286111933968D-01  6.286098329736D-01
  6.286079919227D-01  6.286064887921D-01  6.286044971059D-01  6.286028350203D-01
  6.286006756471D-01  6.285988367085D-01  6.285964908597D-01  6.285944553426D-01
  6.285919023067D-01  6.285896484621D-01  6.285868653988D-01  6.285843692384D-01
  6.285813309520D-01  6.285785660095D-01  6.285752446973D-01  6.285721817651D-01
  6.285685467413D-01  6.285651535788D-01  6.285611709679D-01  6.285574119801D-01
  6.285530443790D-01  6.285488802614D-01  6.285440863658D-01  6.285394737112D-01
  6.285342079028D-01  6.285290987677D-01  6.285233106578D-01  6.285176520827D-01
  6.285112860087D-01  6.285050194884D-01  6.284980139562D-01  6.284910748540D-01
  6.284833619224D-01  6.284756788229D-01  6.284671834235D-01  6.284586774172D-01
  6.284493166020D-01  6.284399004947D-01  6.284295826051D-01  6.284191600440D-01
  6.284077837917D-01  6.283962482994D-01  6.283837017510D-01  6.283709356576D-01
  6.283570951120D-01  6.283429683752D-01  6.283276971224D-01  6.283120660220D-01
  6.282952129715D-01  6.282779186675D-01  6.282593168312D-01  6.282401837687D-01
  6.282196485847D-01  6.281984827313D-01  6.281758102095D-01  6.281523971055D-01
  6.281273617782D-01  6.281014643816D-01  6.280738170369D-01  6.280451733401D-01
  6.280146385162D-01  6.279829589104D-01  6.279492321236D-01  6.279141964847D-01
  6.278769411651D-01  6.278381956302D-01  6.277970397312D-01  6.277541931338D-01
  6.277087253835D-01  6.276613453098D-01  6.276111110630D-01  6.275587194900D-01
  6.275032161399D-01  6.274452846089D-01  6.273839565107D-01  6.273199007873D-01
  6.272521336405D-01  6.271813078052D-01  6.271064224371D-01  6.270281123448D-01
  6.269453578293D-01  6.268587738697D-01  6.267673199097D-01  6.266715889917D-01
  6.265705174848D-01  6.264646741612D-01  6.263529698592D-01  6.262359464958D-01
  6.261124866577D-01  6.259831025431D-01  6.258466454718D-01  6.257035947491D-01
  6.255527670864D-01  6.253946053770D-01  6.252278880184D-01  6.250530175902D-01
  6.248687300654D-01  6.246753833812D-01  6.244716665257D-01  6.242578879885D-01
  6.240326847107D-01  6.237963103995D-01  6.235473443255D-01  6.232859794871D-01
  6.230107312361D-01  6.227217252738D-01  6.224174060853D-01  6.220978247471D-01
  6.217613471466D-01  6.214079415787D-01  6.210358867248D-01  6.206450590115D-01
  6.202336403201D-01  6.198014050778D-01  6.193464276630D-01  6.188683691959D-01
  6.183651846006D-01  6.178364090551D-01  6.172798646668D-01  6.166949465366D-01
  6.160793289956D-01  6.154322512313D-01  6.147512230261D-01  6.140353098848D-01
  6.132818382052D-01  6.124896798353D-01  6.116559565959D-01  6.107793241826D-01
  6.098566759454D-01  6.088864260366D-01  6.078652123344D-01  6.067911787191D-01
  6.056606770064D-01  6.044715482110D-01  6.032198233297D-01  6.019030034232D-01
  6.005167590554D-01  5.990582089889D-01  5.975226180481D-01  5.959066741777D-01
  5.942051844463D-01  5.924143501632D-01  5.905284606743D-01  5.885431661616D-01
  5.864521688033D-01  5.842504927910D-01  5.819311723241D-01  5.794885182661D-01
  5.769148023131D-01  5.742035195649D-01  5.713460680438D-01  5.683350062699D-01
  5.651607270923D-01  5.618147091218D-01  5.582861835645D-01  5.545653780569D-01
  5.506401748413D-01  5.464993451536D-01  5.421291966263D-01  5.375167958656D-01
  5.326466023829D-01  5.275036763324D-01  5.220702955079D-01  5.163291443478D-01
  5.102599095421D-01  5.038424452793D-01  4.970533417112D-01  4.898690599397D-01
  4.822624658880D-01  4.742059265856D-01  4.656677997721D-01  4.566154804980D-01
  4.470118338718D-01  4.368181776750D-01  4.259906418495D-01  4.144830685348D-01
  4.022432769743D-01  3.892158562671D-01  3.753383106884D-01  3.605437097965D-01
  3.447566756372D-01  3.278959935111D-01  3.098699163706D-01  2.905791968057D-01
  2.699117262324D-01
