In49 POTENTIAL                      exc: Vosko,Wilk,Nusair      
  2.20033126  6.33750000  2.17664358
  49.00000
   2.40560   0.9811931798   0.9240466117
353
 0.25000000D-01 0.36265835D-03
 9 1
    0  -1.96656160000D+03
    0  -2.87428550000D+02
    0  -5.37136240000D+01
    0  -7.39818510000D+00
    1  -2.68528840000D+02
    1  -4.59639090000D+01
    1  -4.86454470000D+00
    2  -3.15522220000D+01
    2  -7.38539920000D-01
  4.726906034826D+02  4.727162941422D+02  4.727425734445D+02  4.727694480746D+02
  4.727969265355D+02  4.728250225762D+02  4.728537456552D+02  4.728831096570D+02
  4.729131242938D+02  4.729438036184D+02  4.729751575330D+02  4.730072002288D+02
  4.730399417526D+02  4.730733964002D+02  4.731075743179D+02  4.731424898649D+02
  4.731781532380D+02  4.732145788110D+02  4.732517767761D+02  4.732897614651D+02
  4.733285430030D+02  4.733681356145D+02  4.734085492867D+02  4.734497980625D+02
  4.734918917109D+02  4.735348440089D+02  4.735786644165D+02  4.736233663492D+02
  4.736689588562D+02  4.737154548838D+02  4.737628629557D+02  4.738111954284D+02
  4.738604601718D+02  4.739106688172D+02  4.739618284377D+02  4.740139497881D+02
  4.740670389853D+02  4.741211057399D+02  4.741761550347D+02  4.742321953498D+02
  4.742892303463D+02  4.743472670578D+02  4.744063075893D+02  4.744663573176D+02
  4.745274165602D+02  4.745894887765D+02  4.746525722328D+02  4.747166681942D+02
  4.747817725856D+02  4.748478841747D+02  4.749149962268D+02  4.749831046798D+02
  4.750521997923D+02  4.751222743092D+02  4.751933151035D+02  4.752653113317D+02
  4.753382460686D+02  4.754121044525D+02  4.754868653121D+02  4.755625093018D+02
  4.756390105194D+02  4.757163446310D+02  4.757944804802D+02  4.758733882013D+02
  4.759530308194D+02  4.760333723527D+02  4.761143694023D+02  4.761959792431D+02
  4.762781514037D+02  4.763608357458D+02  4.764439740336D+02  4.765275080015D+02
  4.766113709134D+02  4.766954956186D+02  4.767798061008D+02  4.768642255229D+02
  4.769486677656D+02  4.770330454615D+02  4.771172615239D+02  4.772012171706D+02
  4.772848034436D+02  4.773679092237D+02  4.774504127418D+02  4.775321895850D+02
  4.776131042016D+02  4.776930178997D+02  4.777717803473D+02  4.778492375654D+02
  4.779252234252D+02  4.779995676379D+02  4.780720872510D+02  4.781425946384D+02
  4.782108889979D+02  4.782767643444D+02  4.783400010132D+02  4.784003736595D+02
  4.784576427708D+02  4.785115626778D+02  4.785618730804D+02  4.786083070746D+02
  4.786505826977D+02  4.786884109765D+02  4.787214874976D+02  4.787495004834D+02
  4.787721223942D+02  4.787890180383D+02  4.787998362135D+02  4.788042178599D+02
  4.788017877473D+02  4.787921626790D+02  4.787749432349D+02  4.787497220344D+02
  4.787160755441D+02  4.786735724093D+02  4.786217653357D+02  4.785601994998D+02
  4.784884045135D+02  4.784059029234D+02  4.783122022688D+02  4.782068036786D+02
  4.780891940330D+02  4.779588546676D+02  4.778152536468D+02  4.776578545843D+02
  4.774861090368D+02  4.772994654474D+02  4.770973616664D+02  4.768792340237D+02
  4.766445099811D+02  4.763926173371D+02  4.761229770123D+02  4.758350123873D+02
  4.755281422200D+02  4.752017901127D+02  4.748553775557D+02  4.744883335164D+02
  4.741000875980D+02  4.736900797366D+02  4.732577534598D+02  4.728025656718D+02
  4.723239799877D+02  4.718214765806D+02  4.712945455611D+02  4.707426968503D+02
  4.701654535667D+02  4.695623618813D+02  4.689329843633D+02  4.682769097661D+02
  4.675937462737D+02  4.668831311568D+02  4.661447238536D+02  4.653782154261D+02
  4.645833214016D+02  4.637597909502D+02  4.629073994078D+02  4.620259570911D+02
  4.611153014160D+02  4.601753052663D+02  4.592058686220D+02  4.582069263969D+02
  4.571784394987D+02  4.561204020612D+02  4.550328318683D+02  4.539157769238D+02
  4.527693052030D+02  4.515935105305D+02  4.503885016442D+02  4.491544074132D+02
  4.478913652642D+02  4.465995258175D+02  4.452790408038D+02  4.439300672889D+02
  4.425527553047D+02  4.411472519426D+02  4.397136890412D+02  4.382521875566D+02
  4.367628457821D+02  4.352457445356D+02  4.337009365109D+02  4.321284529324D+02
  4.305282947186D+02  4.289004412911D+02  4.272448442100D+02  4.255614387244D+02
  4.238501403423D+02  4.221108593983D+02  4.203435005829D+02  4.185479802358D+02
  4.167242281669D+02  4.148722065936D+02  4.129919127420D+02  4.110833975095D+02
  4.091467665879D+02  4.071821963679D+02  4.051899310400D+02  4.031702933336D+02
  4.011236755421D+02  3.990505436118D+02  3.969514213556D+02  3.948268880259D+02
  3.926775567664D+02  3.905040675881D+02  3.883070627143D+02  3.860871781502D+02
  3.838450193964D+02  3.815811551054D+02  3.792960964252D+02  3.769902955602D+02
  3.746641309639D+02  3.723179123324D+02  3.699518724583D+02  3.675661787795D+02
  3.651609313918D+02  3.627361801249D+02  3.602919272659D+02  3.578281484031D+02
  3.553447978960D+02  3.528418314090D+02  3.503192120131D+02  3.477769323226D+02
  3.452150192233D+02  3.426335537291D+02  3.400326725988D+02  3.374125843658D+02
  3.347735665134D+02  3.321159765570D+02  3.294402439199D+02  3.267468755005D+02
  3.240364419843D+02  3.213095779787D+02  3.185669632211D+02  3.158093181641D+02
  3.130373813904D+02  3.102519024665D+02  3.074536179171D+02  3.046432441439D+02
  3.018214552570D+02  2.989888797807D+02  2.961460842871D+02  2.932935778537D+02
  2.904318051403D+02  2.875611614750D+02  2.846819969629D+02  2.817946419506D+02
  2.788994196035D+02  2.759966765957D+02  2.730867964905D+02  2.701702260325D+02
  2.672474788171D+02  2.643191472774D+02  2.613858890202D+02  2.584484206768D+02
  2.555074878254D+02  2.525638464963D+02  2.496182265523D+02  2.466713132695D+02
  2.437237172236D+02  2.407759677445D+02  2.378284983865D+02  2.348816577685D+02
  2.319357123863D+02  2.289908731933D+02  2.260473114097D+02  2.231051946498D+02
  2.201647084977D+02  2.172260946638D+02  2.142896710732D+02  2.113558653830D+02
  2.084252277969D+02  2.054984551604D+02  2.025763927325D+02  1.996600461271D+02
  1.967505702485D+02  1.938492682593D+02  1.909575677453D+02  1.880770074943D+02
  1.852092024919D+02  1.823558208041D+02  1.795185403614D+02  1.766990196183D+02
  1.738988504950D+02  1.711195279858D+02  1.683624053503D+02  1.656286698430D+02
  1.629193085599D+02  1.602350999990D+02  1.575766014052D+02  1.549441674887D+02
  1.523379696673D+02  1.497580490047D+02  1.472043676817D+02  1.446768859861D+02
  1.421756225872D+02  1.397007191649D+02  1.372524651895D+02  1.348313080809D+02
  1.324378149969D+02  1.300726254630D+02  1.277363739194D+02  1.254296286302D+02
  1.231528258126D+02  1.209062390075D+02  1.186899531965D+02  1.165038747548D+02
  1.143477403661D+02  1.122211527298D+02  1.101236055449D+02  1.080545266241D+02
  1.060133034348D+02  1.039993218398D+02  1.020119841334D+02  1.000507384812D+02
  9.811508696273D+01  9.620460506389D+01  9.431894025816D+01  9.245782292148D+01
  9.062105736190D+01  8.880852630861D+01  8.702017666651D+01  8.525601985694D+01
  8.351611449371D+01  8.180056463270D+01  8.010950124841D+01  7.844308006617D+01
  7.680146329402D+01  7.518481826696D+01  7.359330044185D+01  7.202705364799D+01
  7.048619494172D+01  6.897081688127D+01  6.748097450478D+01  6.601668976319D+01
  6.457794065400D+01  6.316466776911D+01  6.177676549077D+01  6.041409052894D+01
  5.907645503332D+01  5.776363694958D+01  5.647537483277D+01  5.521137972237D+01
  5.397133121496D+01  5.275489020796D+01  5.156169532183D+01  5.039137533168D+01
  4.924354454610D+01  4.811781346298D+01  4.701378178686D+01  4.593104636162D+01
  4.486919144747D+01  4.382779434976D+01  4.280641325709D+01  4.180459243662D+01
  4.082184897009D+01
N_07 POTENTIAL                      exc: Vosko,Wilk,Nusair      
  1.68057905  6.33750000  1.68945972
   7.00000
   1.96292   0.9811931798   0.9240466117
353
 0.25000000D-01 0.29592158D-03
 2 1
    0  -2.69998930000D+01
    0  -4.29582100000D-01
  2.622127578792D+01  2.622164794715D+01  2.622202910512D+01  2.622244507089D+01
  2.622287634228D+01  2.622332082180D+01  2.622377719479D+01  2.622424597401D+01
  2.622472659908D+01  2.622521988207D+01  2.622572540841D+01  2.622624407318D+01
  2.622677551556D+01  2.622732066934D+01  2.622787920421D+01  2.622845207966D+01
  2.622903898828D+01  2.622964091076D+01  2.623025755986D+01  2.623088993583D+01
  2.623153777070D+01  2.623220208388D+01  2.623288262656D+01  2.623358043740D+01
  2.623429528705D+01  2.623502823387D+01  2.623577906848D+01  2.623654886947D+01
  2.623733744808D+01  2.623814590386D+01  2.623897406936D+01  2.623982306583D+01
  2.624069274793D+01  2.624158425943D+01  2.624249747791D+01  2.624343357050D+01
  2.624439243858D+01  2.624537527352D+01  2.624638200156D+01  2.624741384357D+01
  2.624847113249D+01  2.624955471821D+01  2.625066457920D+01  2.625180198525D+01
  2.625296694224D+01  2.625416074786D+01  2.625538343638D+01  2.625663633435D+01
  2.625791950540D+01  2.625923430592D+01  2.626058082987D+01  2.626196046447D+01
  2.626337333497D+01  2.626482086037D+01  2.626630319819D+01  2.626782180017D+01
  2.626937685702D+01  2.627096985416D+01  2.627260101645D+01  2.627427186387D+01
  2.627598265628D+01  2.627773494914D+01  2.627952903818D+01  2.628136651511D+01
  2.628324771232D+01  2.628517425859D+01  2.628714652371D+01  2.628916617418D+01
  2.629123361785D+01  2.629335055958D+01  2.629551744583D+01  2.629773602033D+01
  2.630000676864D+01  2.630233147372D+01  2.630471066055D+01  2.630714615162D+01
  2.630963851147D+01  2.631218960223D+01  2.631480002805D+01  2.631747169055D+01
  2.632020523331D+01  2.632300259720D+01  2.632586446476D+01  2.632879281556D+01
  2.633178837048D+01  2.633485314695D+01  2.633798790321D+01  2.634119469343D+01
  2.634447431191D+01  2.634782884811D+01  2.635125913069D+01  2.635476728250D+01
  2.635835416450D+01  2.636202193061D+01  2.636577147150D+01  2.636960496934D+01
  2.637352334143D+01  2.637752879479D+01  2.638162226967D+01  2.638580599392D+01
  2.639008092639D+01  2.639444931108D+01  2.639891212034D+01  2.640347160886D+01
  2.640812875659D+01  2.641288582255D+01  2.641774378753D+01  2.642270490761D+01
  2.642777015661D+01  2.643294177935D+01  2.643822073381D+01  2.644360924408D+01
  2.644910824218D+01  2.645471992072D+01  2.646044517439D+01  2.646628615218D+01
  2.647224369855D+01  2.647831990524D+01  2.648451555199D+01  2.649083265800D+01
  2.649727192209D+01  2.650383527377D+01  2.651052331286D+01  2.651733786005D+01
  2.652427939602D+01  2.653134961139D+01  2.653854884530D+01  2.654587863472D+01
  2.655333915243D+01  2.656093175566D+01  2.656865642341D+01  2.657651430435D+01
  2.658450515344D+01  2.659262987909D+01  2.660088797895D+01  2.660928008628D+01
  2.661780540494D+01  2.662646425483D+01  2.663525550601D+01  2.664417912326D+01
  2.665323359920D+01  2.666241849790D+01  2.667173188697D+01  2.668117288018D+01
  2.669073906845D+01  2.670042906139D+01  2.671023991724D+01  2.672016968317D+01
  2.673021482412D+01  2.674037276196D+01  2.675063930302D+01  2.676101117611D+01
  2.677148345879D+01  2.678205211409D+01  2.679271141558D+01  2.680345648275D+01
  2.681428070480D+01  2.682517827474D+01  2.683614161189D+01  2.684716389466D+01
  2.685823648176D+01  2.686935144375D+01  2.688049898293D+01  2.689166996369D+01
  2.690285333122D+01  2.691403864063D+01  2.692521347455D+01  2.693636597117D+01
  2.694748224085D+01  2.695854889317D+01  2.696955045267D+01  2.698047188510D+01
  2.699129601248D+01  2.700200603880D+01  2.701258296453D+01  2.702300811206D+01
  2.703326054000D+01  2.704331956861D+01  2.705316219425D+01  2.706276561514D+01
  2.707210464640D+01  2.708115424658D+01  2.708988693372D+01  2.709827531313D+01
  2.710628949509D+01  2.711389962447D+01  2.712107330060D+01  2.712777810945D+01
  2.713397904637D+01  2.713964105159D+01  2.714472643660D+01  2.714919742379D+01
  2.715301357741D+01  2.715613434822D+01  2.715851650998D+01  2.716011671017D+01
  2.716088891307D+01  2.716078695756D+01  2.715976200795D+01  2.715776512010D+01
  2.715474470112D+01  2.715064908501D+01  2.714542400254D+01  2.713901516770D+01
  2.713136575902D+01  2.712241901808D+01  2.711211574360D+01  2.710039690338D+01
  2.708720114236D+01  2.707246740921D+01  2.705613247969D+01  2.703813359900D+01
  2.701840602158D+01  2.699688567029D+01  2.697350669354D+01  2.694820414227D+01
  2.692091154510D+01  2.689156360373D+01  2.686009378662D+01  2.682643704305D+01
  2.679052741547D+01  2.675230077213D+01  2.671169243774D+01  2.666863994411D+01
  2.662308067829D+01  2.657495464998D+01  2.652420215577D+01  2.647076656152D+01
  2.641459198046D+01  2.635562606806D+01  2.629381771101D+01  2.622911983127D+01
  2.616148708210D+01  2.609087865700D+01  2.601725598819D+01  2.594058555521D+01
  2.586083658020D+01  2.577798383004D+01  2.569200530178D+01  2.560288501131D+01
  2.551061066135D+01  2.541517640865D+01  2.531658050609D+01  2.521482803958D+01
  2.510992853509D+01  2.500189865563D+01  2.489075976345D+01  2.477654056695D+01
  2.465927462771D+01  2.453900294706D+01  2.441577140722D+01  2.428963328766D+01
  2.416064662987D+01  2.402887667227D+01  2.389439312989D+01  2.375727253865D+01
  2.361759544031D+01  2.347544862801D+01  2.333092222898D+01  2.318411184478D+01
  2.303511552611D+01  2.288403580340D+01  2.273097655085D+01  2.257604490600D+01
  2.241934802363D+01  2.226099488712D+01  2.210109295756D+01  2.193974988532D+01
  2.177707006635D+01  2.161315627030D+01  2.144810612534D+01  2.128201369042D+01
  2.111496590389D+01  2.094704414400D+01  2.077832069642D+01  2.060886037138D+01
  2.043871707397D+01  2.026793557998D+01  2.009654833198D+01  1.992457752010D+01
  1.975203227475D+01  1.957891124805D+01  1.940520042123D+01  1.923087642082D+01
  1.905590517989D+01  1.888024621522D+01  1.870385233029D+01  1.852667496973D+01
  1.834866496829D+01  1.816977883132D+01  1.798998018180D+01  1.780924639306D+01
  1.762756992745D+01  1.744496430891D+01  1.726146420270D+01  1.707712954813D+01
  1.689204331113D+01  1.670631297198D+01  1.652006554247D+01  1.633344648405D+01
  1.614661256550D+01  1.595972922693D+01  1.577296260509D+01  1.558647681228D+01
  1.540042656307D+01  1.521495561400D+01  1.503019094368D+01  1.484624296274D+01
  1.466320151769D+01  1.448113784604D+01  1.430010215059D+01  1.412012689262D+01
  1.394122544607D+01  1.376339621263D+01  1.358662185711D+01  1.341087379137D+01
  1.323611159853D+01  1.306228755944D+01  1.288934600450D+01  1.271722768069D+01
  1.254586888063D+01  1.237520554332D+01  1.220517208874D+01  1.203570520868D+01
  1.186674238512D+01  1.169822536570D+01  1.153009837266D+01  1.136231127865D+01
  1.119481752812D+01  1.102757703934D+01  1.086055386670D+01  1.069371885847D+01
  1.052704708966D+01  1.036052030455D+01  1.019412414759D+01  1.002785041598D+01
  9.861694111275D+00  9.695655521167D+00  9.529737107262D+00  9.363945427031D+00
  9.198287863882D+00  9.032774390282D+00  8.867414135838D+00  8.702216981995D+00
  8.537189953791D+00  8.372338627712D+00  8.207663327504D+00  8.043160323381D+00
  7.878817813834D+00  7.714616971506D+00  7.550527494644D+00  7.386508763782D+00
  7.222505008642D+00
Vac0 POTENTIAL                      exc: Vosko,Wilk,Nusair      
  2.20033126  6.33750000  2.17664358
   0.00000
   2.40560   0.9811931798   0.9240466117
353
 0.25000000D-01 0.36265835D-03
 0 1
  8.824991061914D-01  8.824699435972D-01  8.824392810413D-01  8.824303672787D-01
  8.824253732256D-01  8.824231349263D-01  8.824213189793D-01  8.824210897274D-01
  8.824207832964D-01  8.824218264659D-01  8.824226806653D-01  8.824248421123D-01
  8.824268158295D-01  8.824301289271D-01  8.824333109159D-01  8.824379103357D-01
  8.824424769852D-01  8.824485798359D-01  8.824547902832D-01  8.824627007647D-01
  8.824709086846D-01  8.824810357041D-01  8.824917124206D-01  8.825045984005D-01
  8.825183677847D-01  8.825347302487D-01  8.825524178189D-01  8.825732071817D-01
  8.825959080148D-01  8.826223872029D-01  8.826515593076D-01  8.826854132964D-01
  8.827230060288D-01  8.827664925151D-01  8.828151235422D-01  8.828712807994D-01
  8.829344778486D-01  8.830072866619D-01  8.830818343556D-01  8.831150005583D-01
  8.830854352319D-01  8.830581634852D-01  8.830315699322D-01  8.830070582665D-01
  8.829830326174D-01  8.829609139985D-01  8.829391219457D-01  8.829190912165D-01
  8.828992536386D-01  8.828810549855D-01  8.828629369951D-01  8.828463543604D-01
  8.828297568684D-01  8.828146064969D-01  8.827993596325D-01  8.827854842446D-01
  8.827714421698D-01  8.827587063494D-01  8.827457431550D-01  8.827340296668D-01
  8.827220360586D-01  8.827112428935D-01  8.827001235385D-01  8.826901615014D-01
  8.826798328600D-01  8.826706236179D-01  8.826610121618D-01  8.826524866279D-01
  8.826435273766D-01  8.826356243788D-01  8.826272596887D-01  8.826199248547D-01
  8.826121033989D-01  8.826052882327D-01  8.825979641511D-01  8.825916252497D-01
  8.825847574301D-01  8.825788558221D-01  8.825724072929D-01  8.825669078770D-01
  8.825608452872D-01  8.825557163538D-01  8.825500095327D-01  8.825452223498D-01
  8.825398439184D-01  8.825353723808D-01  8.825302974299D-01  8.825261177527D-01
  8.825213235546D-01  8.825174140040D-01  8.825128797624D-01  8.825092204277D-01
  8.825049270643D-01  8.825014996512D-01  8.824974296116D-01  8.824942172650D-01
  8.824903543539D-01  8.824873414985D-01  8.824836707276D-01  8.824808429298D-01
  8.824773503869D-01  8.824746942265D-01  8.824713669565D-01  8.824688699170D-01
  8.824656958155D-01  8.824633461803D-01  8.824603138964D-01  8.824581006594D-01
  8.824551995092D-01  8.824531122877D-01  8.824503321726D-01  8.824483611327D-01
  8.824456924648D-01  8.824438282485D-01  8.824412618824D-01  8.824394955403D-01
  8.824370227075D-01  8.824353456365D-01  8.824329578838D-01  8.824313617657D-01
  8.824290508961D-01  8.824275276412D-01  8.824252856572D-01  8.824238273463D-01
  8.824216463943D-01  8.824202452250D-01  8.824181175395D-01  8.824167657705D-01
  8.824146836202D-01  8.824133735160D-01  8.824113291481D-01  8.824100529239D-01
  8.824080385070D-01  8.824067882713D-01  8.824047958387D-01  8.824035635340D-01
  8.824015849223D-01  8.824003622635D-01  8.823983890502D-01  8.823971674612D-01
  8.823951908986D-01  8.823939614422D-01  8.823919723863D-01  8.823907256930D-01
  8.823887145289D-01  8.823874407185D-01  8.823853972797D-01  8.823840858775D-01
  8.823819993590D-01  8.823806392061D-01  8.823784980703D-01  8.823770772252D-01
  8.823748691004D-01  8.823733747332D-01  8.823710863021D-01  8.823695045783D-01
  8.823671214574D-01  8.823654374111D-01  8.823629440183D-01  8.823611414149D-01
  8.823585208242D-01  8.823565820068D-01  8.823538157898D-01  8.823517215145D-01
  8.823487895655D-01  8.823465188174D-01  8.823433991620D-01  8.823409289542D-01
  8.823375975378D-01  8.823349026899D-01  8.823313331456D-01  8.823283860402D-01
  8.823245494327D-01  8.823213197463D-01  8.823171842898D-01  8.823136386967D-01
  8.823091694439D-01  8.823052712892D-01  8.823004297877D-01  8.822961387272D-01
  8.822908826416D-01  8.822861542438D-01  8.822804369368D-01  8.822752222437D-01
  8.822689923155D-01  8.822632373579D-01  8.822564381362D-01  8.822500833984D-01
  8.822426523762D-01  8.822356322045D-01  8.822275004184D-01  8.822197423684D-01
  8.822108337125D-01  8.822022578275D-01  8.821924882950D-01  8.821830063089D-01
  8.821722831549D-01  8.821617976121D-01  8.821500184272D-01  8.821384217095D-01
  8.821254733979D-01  8.821126466496D-01  8.820984042989D-01  8.820842162389D-01
  8.820685418715D-01  8.820528474807D-01  8.820355886735D-01  8.820182277441D-01
  8.819992161039D-01  8.819800116362D-01  8.819590611143D-01  8.819378175450D-01
  8.819147225741D-01  8.818912238180D-01  8.818657572541D-01  8.818397645395D-01
  8.818116753858D-01  8.817829248627D-01  8.817519357550D-01  8.817201358503D-01
  8.816859402767D-01  8.816507687719D-01  8.816130280000D-01  8.815741288001D-01
  8.815324684800D-01  8.814894480421D-01  8.814434544515D-01  8.813958778369D-01
  8.813450937298D-01  8.812924802390D-01  8.812364002569D-01  8.811782186046D-01
  8.811162842027D-01  8.810519471831D-01  8.809835410208D-01  8.809123996090D-01
  8.808368393478D-01  8.807581761786D-01  8.806747076243D-01  8.805877297800D-01
  8.804955192994D-01  8.803993503358D-01  8.802974764703D-01  8.801911475973D-01
  8.800785917885D-01  8.799610321167D-01  8.798366684484D-01  8.797066942001D-01
  8.795692780514D-01  8.794255806270D-01  8.792737361206D-01  8.791148688954D-01
  8.789470750099D-01  8.787714387266D-01  8.785860139300D-01  8.783918405334D-01
  8.781869257771D-01  8.779722605228D-01  8.777458004186D-01  8.775084820685D-01
  8.772582040499D-01  8.769958429443D-01  8.767192341913D-01  8.764291879651D-01
  8.761234698464D-01  8.758028165281D-01  8.754649162851D-01  8.751104244889D-01
  8.747369438530D-01  8.743450397356D-01  8.739322201341D-01  8.734989507517D-01
  8.730426347126D-01  8.725636273650D-01  8.720592156841D-01  8.715296327804D-01
  8.709720369544D-01  8.703865258741D-01  8.697701152391D-01  8.691227525875D-01
  8.684412955218D-01  8.677255250975D-01  8.669721235559D-01  8.661806872413D-01
  8.653477037765D-01  8.644725644454D-01  8.635515407375D-01  8.625837961221D-01
  8.615653618747D-01  8.604951481557D-01  8.593689190154D-01  8.581853026741D-01
  8.569397655825D-01  8.556306217773D-01  8.542530058512D-01  8.528048812313D-01
  8.512810118794D-01  8.496789693081D-01  8.479931027928D-01  8.462205448963D-01
  8.443551799230D-01  8.423936476669D-01  8.403293097749D-01  8.381582513617D-01
  8.358732448659D-01  8.334697490833D-01  8.309398699938D-01  8.282783566487D-01
  8.254765583095D-01  8.225284164744D-01  8.194244174981D-01  8.161575798498D-01
  8.127174011624D-01  8.090958395681D-01  8.052812538456D-01  8.012643773661D-01
  7.970322496480D-01  7.925741810487D-01  7.878756735811D-01  7.829243739786D-01
  7.777039810510D-01  7.722001841037D-01  7.663945533738D-01  7.602704599640D-01
  7.538069449638D-01  7.469846160085D-01  7.397794894987D-01  7.321688575577D-01
  7.241250962415D-01  7.156214949614D-01  7.066260216401D-01  6.971071044938D-01
  6.870273426292D-01  6.763492273273D-01  6.650287834729D-01  6.530212140279D-01
  6.402744538205D-01  6.267347166305D-01  6.123399381585D-01  5.970252000315D-01
  5.807160332438D-01  5.633336875600D-01  5.447882606203D-01  5.249837752328D-01
  5.038110935205D-01  4.811527584116D-01  4.568756537036D-01  4.308355569679D-01
  4.028694995278D-01  3.728002141371D-01  3.404274614516D-01  3.055330345024D-01
  2.678713013817D-01
Vac0 POTENTIAL                      exc: Vosko,Wilk,Nusair      
  1.68057905  6.33750000  1.68945972
   0.00000
   1.96292   0.9811931798   0.9240466117
353
 0.25000000D-01 0.29592158D-03
 0 1
  6.706251502372D-01  6.705819708255D-01  6.705372620896D-01  6.705237106164D-01
  6.705161957176D-01  6.705117094753D-01  6.705081825439D-01  6.705059673064D-01
  6.705039480612D-01  6.705028456528D-01  6.705017156932D-01  6.705013696574D-01
  6.705009159398D-01  6.705011993287D-01  6.705013508595D-01  6.705022317587D-01
  6.705029858407D-01  6.705044848978D-01  6.705058820712D-01  6.705080578352D-01
  6.705101738064D-01  6.705131190634D-01  6.705160642303D-01  6.705199080514D-01
  6.705238316768D-01  6.705287454623D-01  6.705338435193D-01  6.705400507528D-01
  6.705465776845D-01  6.705543678194D-01  6.705626528205D-01  6.705724003198D-01
  6.705828695165D-01  6.705950595565D-01  6.706082657958D-01  6.706235288548D-01
  6.706401913861D-01  6.706593265739D-01  6.706785288304D-01  6.706858376452D-01
  6.706762910333D-01  6.706676668717D-01  6.706590682708D-01  6.706513247271D-01
  6.706435455448D-01  6.706365657247D-01  6.706294994662D-01  6.706231861377D-01
  6.706167438467D-01  6.706110154669D-01  6.706051222573D-01  6.705999099256D-01
  6.705945022951D-01  6.705897473887D-01  6.705847711326D-01  6.705804234579D-01
  6.705758320253D-01  6.705718483465D-01  6.705676015244D-01  6.705639443953D-01
  6.705600072695D-01  6.705566440907D-01  6.705529861884D-01  6.705498884439D-01
  6.705464830503D-01  6.705436256840D-01  6.705404492683D-01  6.705378101648D-01
  6.705348419270D-01  6.705324014936D-01  6.705296229610D-01  6.705273637691D-01
  6.705247584804D-01  6.705226649723D-01  6.705202182086D-01  6.705182764421D-01
  6.705159749908D-01  6.705141724337D-01  6.705120043964D-01  6.705103297443D-01
  6.705082843708D-01  6.705067273931D-01  6.705047949387D-01  6.705033463469D-01
  6.705015179508D-01  6.705001692834D-01  6.704984368616D-01  6.704971803875D-01
  6.704955365392D-01  6.704943651697D-01  6.704928030993D-01  6.704917103133D-01
  6.704902237575D-01  6.704892035353D-01  6.704877867017D-01  6.704868334657D-01
  6.704854809776D-01  6.704845895378D-01  6.704832963845D-01  6.704824618969D-01
  6.704812233876D-01  6.704804413068D-01  6.704792530323D-01  6.704785190754D-01
  6.704773768708D-01  6.704766869813D-01  6.704755868913D-01  6.704749372081D-01
  6.704738754564D-01  6.704732622816D-01  6.704722352421D-01  6.704716550133D-01
  6.704706591808D-01  6.704701084447D-01  6.704691404102D-01  6.704686157944D-01
  6.704676722181D-01  6.704671704090D-01  6.704662479951D-01  6.704657657097D-01
  6.704648611829D-01  6.704643951466D-01  6.704635052260D-01  6.704630521456D-01
  6.704621735203D-01  6.704617300604D-01  6.704608593632D-01  6.704604221190D-01
  6.704595559012D-01  6.704591213721D-01  6.704582560742D-01  6.704578206356D-01
  6.704569525600D-01  6.704565124330D-01  6.704556377126D-01  6.704551889336D-01
  6.704543034993D-01  6.704538418855D-01  6.704529414317D-01  6.704524625450D-01
  6.704515424917D-01  6.704510416005D-01  6.704500970534D-01  6.704495690899D-01
  6.704485947963D-01  6.704480343107D-01  6.704470246118D-01  6.704464257230D-01
  6.704453745018D-01  6.704447308429D-01  6.704436314675D-01  6.704429361264D-01
  6.704417813882D-01  6.704410268421D-01  6.704398088868D-01  6.704389869316D-01
  6.704376971850D-01  6.704367988560D-01  6.704354279417D-01  6.704344434280D-01
  6.704329810766D-01  6.704318996257D-01  6.704303345756D-01  6.704291443889D-01
  6.704274642760D-01  6.704261523941D-01  6.704243436316D-01  6.704228958066D-01
  6.704209434507D-01  6.704193440066D-01  6.704172316103D-01  6.704154632884D-01
  6.704131727388D-01  6.704112165268D-01  6.704087278655D-01  6.704065628099D-01
  6.704038540359D-01  6.704014570336D-01  6.703985038845D-01  6.703958494535D-01
  6.703926251645D-01  6.703896851903D-01  6.703861602274D-01  6.703829036834D-01
  6.703790454496D-01  6.703754380872D-01  6.703712105972D-01  6.703672146045D-01
  6.703625781254D-01  6.703581517496D-01  6.703530624043D-01  6.703481595343D-01
  6.703425688628D-01  6.703371385686D-01  6.703309930436D-01  6.703249790666D-01
  6.703182195577D-01  6.703115597480D-01  6.703041209302D-01  6.702967466243D-01
  6.702885563239D-01  6.702803916573D-01  6.702713701289D-01  6.702623312759D-01
  6.702523904037D-01  6.702423847377D-01  6.702314271524D-01  6.702203523174D-01
  6.702082704199D-01  6.701960133043D-01  6.701826881871D-01  6.701691237894D-01
  6.701544240438D-01  6.701394142187D-01  6.701231946165D-01  6.701065866887D-01
  6.700886867245D-01  6.700703119563D-01  6.700505542367D-01  6.700302261338D-01
  6.700084145958D-01  6.699859270344D-01  6.699618449760D-01  6.699369701318D-01
  6.699103780344D-01  6.698828640929D-01  6.698534972134D-01  6.698230658380D-01
  6.697906315467D-01  6.697569750788D-01  6.697211499146D-01  6.696839282772D-01
  6.696443546917D-01  6.696031919652D-01  6.695594747212D-01  6.695139553556D-01
  6.694656575437D-01  6.694153221691D-01  6.693619608008D-01  6.693063015926D-01
  6.692473427259D-01  6.691857982769D-01  6.691206516220D-01  6.690526012686D-01
  6.689806142195D-01  6.689053717630D-01  6.688258227918D-01  6.687426295486D-01
  6.686547208941D-01  6.685627380032D-01  6.684655875766D-01  6.683638874821D-01
  6.682565199043D-01  6.681440769242D-01  6.680254135999D-01  6.679010934789D-01
  6.677699416015D-01  6.676324899379D-01  6.674875303063D-01  6.673355597263D-01
  6.671753332423D-01  6.670073091834D-01  6.668302018815D-01  6.666444268279D-01
  6.664486532731D-01  6.662432492690D-01  6.660268341369D-01  6.657997233815D-01
  6.655604810129D-01  6.653093643170D-01  6.650448760144D-01  6.647672088706D-01
  6.644747976730D-01  6.641677636615D-01  6.638444663014D-01  6.635049475142D-01
  6.631474832216D-01  6.627720273508D-01  6.623767631232D-01  6.619615468063D-01
  6.615244587149D-01  6.610652466776D-01  6.605818767150D-01  6.600739761847D-01
  6.595393840941D-01  6.589775938825D-01  6.583863033211D-01  6.577648568831D-01
  6.571107951769D-01  6.564232968477D-01  6.556997274797D-01  6.549390809645D-01
  6.541385277976D-01  6.532968558375D-01  6.524110179093D-01  6.514795718646D-01
  6.504992273902D-01  6.494682852619D-01  6.483831832379D-01  6.472419343795D-01
  6.460406718861D-01  6.447770863309D-01  6.434469692653D-01  6.420476491879D-01
  6.405745337118D-01  6.390245440464D-01  6.373926554764D-01  6.356753300894D-01
  6.338670552619D-01  6.319637743042D-01  6.299594225802D-01  6.278493556665D-01
  6.256268826471D-01  6.232866912865D-01  6.208213779316D-01  6.182248690779D-01
  6.154889471715D-01  6.126066677934D-01  6.095688804777D-01  6.063676405409D-01
  6.029927238070D-01  5.994350318554D-01  5.956830992550D-01  5.917264906788D-01
  5.875522988775D-01  5.831485316903D-01  5.785005985107D-01  5.735946846820D-01
  5.684142235909D-01  5.629432552378D-01  5.571628802927D-01  5.510545987252D-01
  5.445967411192D-01  5.377677820683D-01  5.305427426983D-01  5.228964719975D-01
  5.148000127395D-01  5.062238419184D-01  4.971341899752D-01  4.874962289055D-01
  4.772703317172D-01  4.664151934033D-01  4.548840136984D-01  4.426275317984D-01
  4.295901105649D-01  4.157126597078D-01  4.009285964227D-01  3.851666206357D-01
  3.683465130704D-01  3.503818866469D-01  3.311752279894D-01  3.106211612333D-01
  2.886007612353D-01
