In49 POTENTIAL                      exc: Vosko,Wilk,Nusair      
  2.31897314  6.66250000  2.29182178
  49.00000
   2.53289   0.8016115757   0.8498746404
353
 0.25000000D-01 0.38184860D-03
 9 1
    0  -1.96656160000D+03
    0  -2.87428550000D+02
    0  -5.37136240000D+01
    0  -7.39818510000D+00
    1  -2.68528840000D+02
    1  -4.59639090000D+01
    1  -4.86454470000D+00
    2  -3.15522220000D+01
    2  -7.38539920000D-01
  4.724941045059D+02  4.725211523717D+02  4.725488166646D+02  4.725771035379D+02
  4.726060218179D+02  4.726355855363D+02  4.726658044498D+02  4.726966926989D+02
  4.727282602703D+02  4.727605214400D+02  4.727934863537D+02  4.728271693894D+02
  4.728615807998D+02  4.728967350246D+02  4.729326423724D+02  4.729693172967D+02
  4.730067701047D+02  4.730450152081D+02  4.730840628494D+02  4.731239273330D+02
  4.731646187655D+02  4.732061512695D+02  4.732485347346D+02  4.732917830174D+02
  4.733359056992D+02  4.733809162744D+02  4.734268239139D+02  4.734736416419D+02
  4.735213781034D+02  4.735700457313D+02  4.736196525158D+02  4.736702101628D+02
  4.737217258637D+02  4.737742104456D+02  4.738276701411D+02  4.738821147296D+02
  4.739375493069D+02  4.739939824173D+02  4.740514178220D+02  4.741098626232D+02
  4.741693190375D+02  4.742297924865D+02  4.742912833848D+02  4.743537952382D+02
  4.744173264023D+02  4.744818781807D+02  4.745474465786D+02  4.746140303922D+02
  4.746816229573D+02  4.747502202290D+02  4.748198125244D+02  4.748903925931D+02
  4.749619473529D+02  4.750344659505D+02  4.751079314903D+02  4.751823290843D+02
  4.752576375737D+02  4.753338375681D+02  4.754109031583D+02  4.754888099452D+02
  4.755675267437D+02  4.756470235999D+02  4.757272634864D+02  4.758082103077D+02
  4.758898205858D+02  4.759720514540D+02  4.760548523326D+02  4.761381729110D+02
  4.762219548130D+02  4.763061395671D+02  4.763906602618D+02  4.764754495040D+02
  4.765604310639D+02  4.766455278224D+02  4.767306534055D+02  4.768157201209D+02
  4.769006305831D+02  4.769852856386D+02  4.770695759832D+02  4.771533900771D+02
  4.772366057539D+02  4.773190981280D+02  4.774007311960D+02  4.774813657377D+02
  4.775608509124D+02  4.776390321540D+02  4.777157427646D+02  4.777908118071D+02
  4.778640556970D+02  4.779352860956D+02  4.780043015034D+02  4.780708951563D+02
  4.781348466250D+02  4.781959297174D+02  4.782539040876D+02  4.783085231493D+02
  4.783595256993D+02  4.784066438463D+02  4.784495946544D+02  4.784880880931D+02
  4.785218187062D+02  4.785504735901D+02  4.785737240940D+02  4.785912338335D+02
  4.786026504302D+02  4.786076135679D+02  4.786057467788D+02  4.785966655512D+02
  4.785799691715D+02  4.785552488916D+02  4.785220798356D+02  4.784800292366D+02
  4.784286484177D+02  4.783674811079D+02  4.782960555071D+02  4.782138926907D+02
  4.781204987691D+02  4.780153733900D+02  4.778980020022D+02  4.777678644657D+02
  4.776244274277D+02  4.774671530499D+02  4.772954915045D+02  4.771088898256D+02
  4.769067845332D+02  4.766886106130D+02  4.764537942725D+02  4.762017620545D+02
  4.759319337260D+02  4.756437315252D+02  4.753365731826D+02  4.750098812971D+02
  4.746630764843D+02  4.742955868742D+02  4.739068413742D+02  4.734962792754D+02
  4.730633436150D+02  4.726074908698D+02  4.721281843948D+02  4.716249041770D+02
  4.710971403190D+02  4.705444028186D+02  4.699662150569D+02  4.693621235603D+02
  4.687316914455D+02  4.680745081106D+02  4.673901825799D+02  4.666783530615D+02
  4.659386801260D+02  4.651708560613D+02  4.643745978090D+02  4.635496560388D+02
  4.626958077624D+02  4.618128650428D+02  4.609006672013D+02  4.599590890757D+02
  4.589880327349D+02  4.579874352030D+02  4.569572596008D+02  4.558975022629D+02
  4.548081832396D+02  4.536893527484D+02  4.525410810007D+02  4.513634639598D+02
  4.501566124789D+02  4.489206573969D+02  4.476557380403D+02  4.463620067371D+02
  4.450396168118D+02  4.436887266920D+02  4.423094876217D+02  4.409020476446D+02
  4.394665393827D+02  4.380030843074D+02  4.365117810631D+02  4.349927105707D+02
  4.334459255003D+02  4.318714568604D+02  4.302693053028D+02  4.286394498866D+02
  4.269818418748D+02  4.252964162574D+02  4.235830884964D+02  4.218417690754D+02
  4.200723632053D+02  4.182747880915D+02  4.164489749138D+02  4.145948877070D+02
  4.127125260791D+02  4.108019437645D+02  4.088632498027D+02  4.068966242667D+02
  4.049023153531D+02  4.028806498832D+02  4.008320242677D+02  3.987569083248D+02
  3.966558294204D+02  3.945293697820D+02  3.923781449120D+02  3.902027963604D+02
  3.880039671056D+02  3.857822930054D+02  3.835383786351D+02  3.812727909139D+02
  3.789860386523D+02  3.766785711497D+02  3.743507636409D+02  3.720029223605D+02
  3.696352766646D+02  3.672479906487D+02  3.648411614122D+02  3.624148361729D+02
  3.599690152031D+02  3.575036726647D+02  3.550187622407D+02  3.525142396042D+02
  3.499900686260D+02  3.474462433916D+02  3.448827929811D+02  3.422998011568D+02
  3.396974079844D+02  3.370758256525D+02  3.344353356169D+02  3.317762994439D+02
  3.290991506339D+02  3.264043999372D+02  3.236926216117D+02  3.209644533138D+02
  3.182205772742D+02  3.154617156725D+02  3.126886080673D+02  3.099020041044D+02
  3.071026395843D+02  3.042912293290D+02  3.014684452128D+02  2.986349129286D+02
  2.957911959371D+02  2.929378000910D+02  2.900751671130D+02  2.872036898973D+02
  2.843237170140D+02  2.814355783183D+02  2.785395977751D+02  2.756361240717D+02
  2.727255439651D+02  2.698083081897D+02  2.668849348049D+02  2.639560205740D+02
  2.610222268690D+02  2.580842729447D+02  2.551429056044D+02  2.521988804240D+02
  2.492529252433D+02  2.463057218507D+02  2.433578763260D+02  2.404099128602D+02
  2.374622598391D+02  2.345152610938D+02  2.315691792713D+02  2.286242226939D+02
  2.256805615405D+02  2.227383640384D+02  2.197978181903D+02  2.168591697817D+02
  2.139227424259D+02  2.109889707645D+02  2.080584130993D+02  2.051317750626D+02
  2.022099111281D+02  1.992938360782D+02  1.963847136587D+02  1.934838550757D+02
  1.905926949086D+02  1.877127774695D+02  1.848457216169D+02  1.819931973113D+02
  1.791568823276D+02  1.763384327179D+02  1.735394358333D+02  1.707613799120D+02
  1.680056095552D+02  1.652733016719D+02  1.625654318798D+02  1.598827665784D+02
  1.572258511560D+02  1.545950295004D+02  1.519904642890D+02  1.494121907162D+02
  1.468601687153D+02  1.443343600691D+02  1.418347884007D+02  1.393616026713D+02
  1.369151004985D+02  1.344957364387D+02  1.321040822818D+02  1.297407785400D+02
  1.274064567894D+02  1.251016788887D+02  1.228268721223D+02  1.205822996217D+02
  1.183680357124D+02  1.161839767115D+02  1.140298506176D+02  1.119052531209D+02
  1.098096728517D+02  1.077425343776D+02  1.057032237017D+02  1.036911266872D+02
  1.017056469370D+02  9.974623487399D+01  9.781239563298D+01  9.590370823092D+01
  9.401982405840D+01  9.216047754583D+01  9.032547718261D+01  8.851470983947D+01
  8.672812659314D+01  8.496574297728D+01  8.322762180036D+01  8.151387137077D+01
  7.982462717329D+01  7.816004972727D+01  7.652030656064D+01  7.490557091389D+01
  7.331600500193D+01  7.175176033948D+01  7.021296286696D+01  6.869971529153D+01
  6.721208431233D+01  6.575010507633D+01  6.431377049183D+01  6.290303770229D+01
  6.151781932978D+01  6.015799176659D+01  5.882338812356D+01  5.751380809616D+01
  5.622901235503D+01  5.496873368963D+01  5.373267248314D+01  5.252050867671D+01
  5.133189773398D+01  5.016648266451D+01  4.902388955095D+01  4.790373858565D+01
  4.680563809657D+01  4.572919365767D+01  4.467399995790D+01  4.363964773079D+01
  4.262571367206D+01  4.163176592992D+01  4.065735255873D+01  3.970200709282D+01
  3.876523646910D+01
N_07 POTENTIAL                      exc: Vosko,Wilk,Nusair      
  1.76095821  6.66250000  1.77099661
   7.00000
   2.05765   0.8016115757   0.8498746404
353
 0.25000000D-01 0.31020338D-03
 2 1
    0  -2.69998930000D+01
    0  -4.29582100000D-01
  2.602655906760D+01  2.602695044489D+01  2.602735135570D+01  2.602778784827D+01
  2.602824028461D+01  2.602870642206D+01  2.602918506117D+01  2.602967660640D+01
  2.603018062335D+01  2.603069782031D+01  2.603122791112D+01  2.603177168863D+01
  2.603232892160D+01  2.603290044254D+01  2.603348605157D+01  2.603408660770D+01
  2.603470193473D+01  2.603533291360D+01  2.603597938902D+01  2.603664226223D+01
  2.603732139797D+01  2.603801771736D+01  2.603873110506D+01  2.603946250221D+01
  2.604021181369D+01  2.604098000113D+01  2.604176699014D+01  2.604257376341D+01
  2.604340026796D+01  2.604424750824D+01  2.604511545344D+01  2.604600513054D+01
  2.604691653166D+01  2.604785070716D+01  2.604880767296D+01  2.604978850365D+01
  2.605079323982D+01  2.605182298117D+01  2.605287779407D+01  2.605395880740D+01
  2.605506649996D+01  2.605620162831D+01  2.605736431287D+01  2.605855573457D+01
  2.605977604218D+01  2.606102644546D+01  2.606230712252D+01  2.606361931290D+01
  2.606496322502D+01  2.606634012922D+01  2.606775026517D+01  2.606919493497D+01
  2.607067441052D+01  2.607219002662D+01  2.607374208836D+01  2.607533196417D+01
  2.607695999325D+01  2.607862757858D+01  2.608033509435D+01  2.608208397897D+01
  2.608387464247D+01  2.608570855952D+01  2.608758617678D+01  2.608950900596D+01
  2.609147753112D+01  2.609349330166D+01  2.609555683970D+01  2.609766973301D+01
  2.609983254229D+01  2.610204689419D+01  2.610431338851D+01  2.610663369113D+01
  2.610900844129D+01  2.611143934439D+01  2.611392707929D+01  2.611647339103D+01
  2.611907899807D+01  2.612174568504D+01  2.612447420984D+01  2.612726639636D+01
  2.613012304156D+01  2.613304600808D+01  2.613603613127D+01  2.613909531170D+01
  2.614222442217D+01  2.614542540009D+01  2.614869915441D+01  2.615204765792D+01
  2.615547185406D+01  2.615897374916D+01  2.616255431908D+01  2.616621560138D+01
  2.616995860180D+01  2.617378538632D+01  2.617769698750D+01  2.618169549639D+01
  2.618578196871D+01  2.618995851660D+01  2.619422621463D+01  2.619858719136D+01
  2.620304253517D+01  2.620759438560D+01  2.621224383898D+01  2.621699303956D+01
  2.622184308487D+01  2.622679611663D+01  2.623185322585D+01  2.623701654343D+01
  2.624228714503D+01  2.624766714134D+01  2.625315758262D+01  2.625876054866D+01
  2.626447705299D+01  2.627030913245D+01  2.627625775100D+01  2.628232488898D+01
  2.628851144641D+01  2.629481933185D+01  2.630124936530D+01  2.630780336650D+01
  2.631448205740D+01  2.632128714994D+01  2.632821924793D+01  2.633527993437D+01
  2.634246967267D+01  2.634978989340D+01  2.635724089489D+01  2.636482392928D+01
  2.637253910253D+01  2.638038745968D+01  2.638836888420D+01  2.639648418245D+01
  2.640473298227D+01  2.641311581665D+01  2.642163202142D+01  2.643028181813D+01
  2.643906421084D+01  2.644797906804D+01  2.645702501851D+01  2.646620153227D+01
  2.647550681545D+01  2.648493989021D+01  2.649449848853D+01  2.650418113105D+01
  2.651398501977D+01  2.652390811576D+01  2.653394703065D+01  2.654409910323D+01
  2.655436028972D+01  2.656472723907D+01  2.657519518208D+01  2.658576000545D+01
  2.659641613954D+01  2.660715863120D+01  2.661798103024D+01  2.662887746094D+01
  2.663984050724D+01  2.665086328295D+01  2.666193731565D+01  2.667305461560D+01
  2.668420555843D+01  2.669538095277D+01  2.670656992172D+01  2.671776196936D+01
  2.672894486102D+01  2.674010668872D+01  2.675123375045D+01  2.676231261461D+01
  2.677332799839D+01  2.678426483146D+01  2.679510613362D+01  2.680583507785D+01
  2.681643286756D+01  2.682688079924D+01  2.683715813953D+01  2.684724418782D+01
  2.685711615347D+01  2.686675121875D+01  2.687612441655D+01  2.688521069411D+01
  2.689398279175D+01  2.690241330779D+01  2.691047257889D+01  2.691813074681D+01
  2.692535564082D+01  2.693211484707D+01  2.693837359381D+01  2.694409682399D+01
  2.694924708413D+01  2.695378660105D+01  2.695767517518D+01  2.696087226233D+01
  2.696333487251D+01  2.696501965761D+01  2.696588081686D+01  2.696587219155D+01
  2.696494517810D+01  2.696305083110D+01  2.696013778521D+01  2.695615436768D+01
  2.695104653034D+01  2.694475997287D+01  2.693723808622D+01  2.692842408786D+01
  2.691825897798D+01  2.690668368802D+01  2.689363705089D+01  2.687905796409D+01
  2.686288337516D+01  2.684505046061D+01  2.682549462764D+01  2.680415171004D+01
  2.678095598718D+01  2.675584239766D+01  2.672874457638D+01  2.669959708659D+01
  2.666833347556D+01  2.663488852532D+01  2.659919632703D+01  2.656119255037D+01
  2.652081253637D+01  2.647799358480D+01  2.643267306465D+01  2.638479071853D+01
  2.633428678924D+01  2.628110433943D+01  2.622518739223D+01  2.616648326358D+01
  2.610494071405D+01  2.604051229059D+01  2.597315248572D+01  2.590282008451D+01
  2.582947632654D+01  2.575308725298D+01  2.567362186572D+01  2.559105446840D+01
  2.550536281626D+01  2.541653044409D+01  2.532454479916D+01  2.522939954825D+01
  2.513109268530D+01  2.502962880861D+01  2.492501719408D+01  2.481727403310D+01
  2.470642046148D+01  2.459248474800D+01  2.447550026873D+01  2.435550763583D+01
  2.423255260665D+01  2.410668814291D+01  2.397797224387D+01  2.384646992477D+01
  2.371225096534D+01  2.357539179803D+01  2.343597316224D+01  2.329408189412D+01
  2.314980847886D+01  2.300324873523D+01  2.285450126009D+01  2.270366900318D+01
  2.255085660051D+01  2.239617183773D+01  2.223972287262D+01  2.208161958927D+01
  2.192197071442D+01  2.176088507009D+01  2.159846859486D+01  2.143482551003D+01
  2.127005526597D+01  2.110425364779D+01  2.093750967987D+01  2.076990671300D+01
  2.060151933949D+01  2.043241452695D+01  2.026264862428D+01  2.009226864034D+01
  1.992130945966D+01  1.974979540809D+01  1.957773784561D+01  1.940513721203D+01
  1.923198121411D+01  1.905824758781D+01  1.888390312540D+01  1.870890739262D+01
  1.853321280302D+01  1.835676943364D+01  1.817952618634D+01  1.800143659309D+01
  1.782246076253D+01  1.764257164542D+01  1.746175699515D+01  1.728002509852D+01
  1.709740559099D+01  1.691395343273D+01  1.672974743791D+01  1.654489159192D+01
  1.635951077328D+01  1.617374937691D+01  1.598776471444D+01  1.580172390379D+01
  1.561579626211D+01  1.543014995992D+01  1.524494490320D+01  1.506033048084D+01
  1.487643997697D+01  1.469339010317D+01  1.451127727768D+01  1.433017896372D+01
  1.415015158841D+01  1.397123328876D+01  1.379344297500D+01  1.361678395450D+01
  1.344124362237D+01  1.326679749018D+01  1.309340909199D+01  1.292103407425D+01
  1.274962004126D+01  1.257911049227D+01  1.240944444688D+01  1.224056011564D+01
  1.207239422902D+01  1.190488539494D+01  1.173797310778D+01  1.157160078683D+01
  1.140571447249D+01  1.124026556234D+01  1.107520921811D+01  1.091050682745D+01
  1.074612415284D+01  1.058203355194D+01  1.041821190198D+01  1.025464261220D+01
  1.009131335643D+01  9.928217908867D+00  9.765353714261D+00  9.602723573997D+00
  9.440333077984D+00  9.278192161654D+00  9.116312416355D+00  8.954708529687D+00
  8.793395482128D+00  8.632389873283D+00  8.471707002053D+00  8.311362070701D+00
  8.151367135354D+00  7.991732169934D+00  7.832461866252D+00  7.673556533551D+00
  7.515008724427D+00  7.356803997749D+00  7.198917197209D+00  7.041313250198D+00
  6.883943115911D+00
Vac0 POTENTIAL                      exc: Vosko,Wilk,Nusair      
  2.31897314  6.66250000  2.29182178
   0.00000
   2.53289   0.8016115757   0.8498746404
353
 0.25000000D-01 0.38184860D-03
 0 1
  7.879551012740D-01  7.879302582836D-01  7.879039683323D-01  7.878964508551D-01
  7.878921543016D-01  7.878904096045D-01  7.878888919495D-01  7.878889269513D-01
  7.878887638390D-01  7.878899537141D-01  7.878908535559D-01  7.878930740368D-01
  7.878950097975D-01  7.878982981832D-01  7.879013548836D-01  7.879058357319D-01
  7.879101738015D-01  7.879160424490D-01  7.879218932157D-01  7.879294193405D-01
  7.879370943864D-01  7.879466362605D-01  7.879565463761D-01  7.879685743503D-01
  7.879812578785D-01  7.879963881799D-01  7.880125508218D-01  7.880315922382D-01
  7.880521617805D-01  7.880761797065D-01  7.881023808766D-01  7.881327848104D-01
  7.881662416665D-01  7.882049050537D-01  7.882477812795D-01  7.882972058921D-01
  7.883523955389D-01  7.884158368550D-01  7.884804897489D-01  7.885079660976D-01
  7.884800257233D-01  7.884543474480D-01  7.884292108564D-01  7.884061366210D-01
  7.883834227414D-01  7.883626062300D-01  7.883419996325D-01  7.883231529217D-01
  7.883043902425D-01  7.882872719716D-01  7.882701316001D-01  7.882545379200D-01
  7.882388320159D-01  7.882245895564D-01  7.882101578539D-01  7.881971182296D-01
  7.881838231397D-01  7.881718585947D-01  7.881595813267D-01  7.881485812579D-01
  7.881372187066D-01  7.881270868793D-01  7.881165491072D-01  7.881072013746D-01
  7.880974095725D-01  7.880887720393D-01  7.880796568438D-01  7.880716643386D-01
  7.880631644550D-01  7.880557592717D-01  7.880478203232D-01  7.880409511753D-01
  7.880335247465D-01  7.880271458913D-01  7.880201887265D-01  7.880142592255D-01
  7.880077325496D-01  7.880022156470D-01  7.879960845903D-01  7.879909471821D-01
  7.879851802943D-01  7.879803924773D-01  7.879749613054D-01  7.879704959883D-01
  7.879653747186D-01  7.879612072880D-01  7.879563724356D-01  7.879524804681D-01
  7.879479106081D-01  7.879442736173D-01  7.879399491501D-01  7.879365483718D-01
  7.879324513177D-01  7.879292695140D-01  7.879253833356D-01  7.879224046284D-01
  7.879187140700D-01  7.879159237921D-01  7.879124147402D-01  7.879097993019D-01
  7.879064586620D-01  7.879040054334D-01  7.879008210164D-01  7.878985182237D-01
  7.878954786450D-01  7.878933152725D-01  7.878904098643D-01  7.878883755693D-01
  7.878855942943D-01  7.878836793284D-01  7.878810127078D-01  7.878792078436D-01
  7.878766468852D-01  7.878749433494D-01  7.878724794837D-01  7.878708688950D-01
  7.878684939137D-01  7.878669682232D-01  7.878646742228D-01  7.878632256581D-01
  7.878610049842D-01  7.878596259952D-01  7.878574711895D-01  7.878561543971D-01
  7.878540581456D-01  7.878527962892D-01  7.878507513724D-01  7.878495372599D-01
  7.878475365007D-01  7.878463629575D-01  7.878443991706D-01  7.878432589882D-01
  7.878413249287D-01  7.878402108119D-01  7.878382991213D-01  7.878372036345D-01
  7.878353067860D-01  7.878342222964D-01  7.878323325366D-01  7.878312511558D-01
  7.878293604450D-01  7.878282739656D-01  7.878263739126D-01  7.878252737427D-01
  7.878233555370D-01  7.878222326289D-01  7.878202869667D-01  7.878191317412D-01
  7.878171487468D-01  7.878159510102D-01  7.878139201505D-01  7.878126690068D-01
  7.878105789984D-01  7.878092627517D-01  7.878071014603D-01  7.878057075106D-01
  7.878034618411D-01  7.878019765683D-01  7.877996323448D-01  7.877980409841D-01
  7.877955828184D-01  7.877938693222D-01  7.877912804693D-01  7.877894273561D-01
  7.877866895568D-01  7.877846777457D-01  7.877817710519D-01  7.877795796801D-01
  7.877764822640D-01  7.877740884861D-01  7.877707764296D-01  7.877681551967D-01
  7.877646022594D-01  7.877617260759D-01  7.877579034395D-01  7.877547420942D-01
  7.877506180811D-01  7.877471383520D-01  7.877426781139D-01  7.877388434410D-01
  7.877340086166D-01  7.877297787424D-01  7.877245270783D-01  7.877198576494D-01
  7.877141425829D-01  7.877089847118D-01  7.877027549092D-01  7.876970546890D-01
  7.876902535364D-01  7.876839515058D-01  7.876765165466D-01  7.876695470983D-01
  7.876614094117D-01  7.876537001397D-01  7.876447836542D-01  7.876362546321D-01
  7.876264753671D-01  7.876170383510D-01  7.876063035792D-01  7.875958611270D-01
  7.875840684483D-01  7.875725129463D-01  7.875595492650D-01  7.875467618530D-01
  7.875325022472D-01  7.875183516297D-01  7.875026581025D-01  7.874869992358D-01
  7.874697193341D-01  7.874523919749D-01  7.874333572642D-01  7.874141843655D-01
  7.873932087435D-01  7.873719946822D-01  7.873488725150D-01  7.873254011320D-01
  7.872999051946D-01  7.872739376297D-01  7.872458168287D-01  7.872170891267D-01
  7.871860659840D-01  7.871542864489D-01  7.871200543199D-01  7.870849005901D-01
  7.870471205884D-01  7.870082364037D-01  7.869665340022D-01  7.869235256298D-01
  7.868774869026D-01  7.868299191859D-01  7.867790866546D-01  7.867264786453D-01
  7.866703466851D-01  7.866121668138D-01  7.865501765766D-01  7.864858373136D-01
  7.864173711129D-01  7.863462230640D-01  7.862705981670D-01  7.861919235458D-01
  7.861083853087D-01  7.860213907172D-01  7.859291049934D-01  7.858329134391D-01
  7.857309581837D-01  7.856246002495D-01  7.855119562333D-01  7.853943603116D-01
  7.852699008497D-01  7.851398823395D-01  7.850023619284D-01  7.848586112833D-01
  7.847066530300D-01  7.845477225353D-01  7.843798042470D-01  7.842040933860D-01
  7.840185321762D-01  7.838242714359D-01  7.836192066858D-01  7.834044396290D-01
  7.831778141244D-01  7.829403775420D-01  7.826899165868D-01  7.824274185165D-01
  7.821506067992D-01  7.818604021776D-01  7.815544581420D-01  7.812336218247D-01
  7.808954692669D-01  7.805407661236D-01  7.801670027018D-01  7.797748544540D-01
  7.793617167616D-01  7.789281651922D-01  7.784714899984D-01  7.779921561115D-01
  7.774873373223D-01  7.769573759795D-01  7.763993168140D-01  7.758133663063D-01
  7.751964261103D-01  7.745485520487D-01  7.738664870867D-01  7.731501199058D-01
  7.723960173709D-01  7.716038826271D-01  7.707700869918D-01  7.698941275097D-01
  7.689721581915D-01  7.680034469488D-01  7.669839060874D-01  7.659125485299D-01
  7.647850174526D-01  7.636000416853D-01  7.623529643586D-01  7.610421973468D-01
  7.596627487656D-01  7.582126762923D-01  7.566866133187D-01  7.550822209452D-01
  7.533937125476D-01  7.516183041934D-01  7.497497373234D-01  7.477847272739D-01
  7.457164837006D-01  7.435411568106D-01  7.412513550604D-01  7.388425885962D-01
  7.363067836375D-01  7.336387224897D-01  7.308295538702D-01  7.278732286843D-01
  7.247600053523D-01  7.214828803195D-01  7.180310871883D-01  7.143965206523D-01
  7.105672279120D-01  7.065338243617D-01  7.022829753548D-01  6.978038015098D-01
  6.930813483622D-01  6.881029785633D-01  6.828518262807D-01  6.773131728049D-01
  6.714678816890D-01  6.652987533060D-01  6.587839356030D-01  6.519032518919D-01
  6.446315806574D-01  6.369451492446D-01  6.288148743026D-01  6.202126119410D-01
  6.111044480024D-01  6.014568925624D-01  5.912301061572D-01  5.803840230512D-01
  5.688714956354D-01  5.566443265189D-01  5.436463084095D-01  5.298191396591D-01
  5.150953309407D-01  4.994039723671D-01  4.826634712329D-01  4.647871315158D-01
  4.456756793690D-01  4.252226075418D-01  4.033064424208D-01  3.797957946582D-01
  3.545413113177D-01  3.273805487869D-01  2.981290283724D-01  2.665853968823D-01
  2.325217571659D-01
Vac0 POTENTIAL                      exc: Vosko,Wilk,Nusair      
  1.76095821  6.66250000  1.77099661
   0.00000
   2.05765   0.8016115757   0.8498746404
353
 0.25000000D-01 0.31020338D-03
 0 1
  5.909180371334D-01  5.908798553265D-01  5.908403110572D-01  5.908283319208D-01
  5.908216790850D-01  5.908177128392D-01  5.908145831895D-01  5.908126216346D-01
  5.908108213042D-01  5.908098394347D-01  5.908088204930D-01  5.908085016784D-01
  5.908080740205D-01  5.908083039471D-01  5.908084023062D-01  5.908091498113D-01
  5.908097683299D-01  5.908110475384D-01  5.908122171596D-01  5.908140741115D-01
  5.908158550207D-01  5.908183638024D-01  5.908208443125D-01  5.908241081318D-01
  5.908274074314D-01  5.908315628915D-01  5.908358367749D-01  5.908410610352D-01
  5.908465106062D-01  5.908530317262D-01  5.908599155019D-01  5.908680265660D-01
  5.908766769586D-01  5.908867551727D-01  5.908976005428D-01  5.909101327852D-01
  5.909237267226D-01  5.909393262435D-01  5.909549083834D-01  5.909604318326D-01
  5.909519302000D-01  5.909442571568D-01  5.909365993766D-01  5.909297101981D-01
  5.909227818083D-01  5.909165724435D-01  5.909102786552D-01  5.909046625605D-01
  5.908989241880D-01  5.908938287795D-01  5.908885791652D-01  5.908839431133D-01
  5.908791257353D-01  5.908748968596D-01  5.908704634682D-01  5.908665970879D-01
  5.908625062467D-01  5.908589638767D-01  5.908551797910D-01  5.908519281007D-01
  5.908484196923D-01  5.908454296632D-01  5.908421698074D-01  5.908394160564D-01
  5.908363809736D-01  5.908338411960D-01  5.908310099426D-01  5.908286644550D-01
  5.908260185122D-01  5.908238498744D-01  5.908213728010D-01  5.908193654986D-01
  5.908170426426D-01  5.908151828267D-01  5.908130010845D-01  5.908112763460D-01
  5.908092239566D-01  5.908076231401D-01  5.908056895139D-01  5.908042025560D-01
  5.908023781236D-01  5.908009959185D-01  5.907992720057D-01  5.907979862853D-01
  5.907963550053D-01  5.907951582380D-01  5.907936123945D-01  5.907924976984D-01
  5.907910307048D-01  5.907899917711D-01  5.907885975788D-01  5.907876286028D-01
  5.907863016363D-01  5.907853972599D-01  5.907841323643D-01  5.907832876222D-01
  5.907820800120D-01  5.907812902874D-01  5.907801355025D-01  5.907793964825D-01
  5.907782903484D-01  5.907775979878D-01  5.907765365806D-01  5.907758870681D-01
  5.907748666809D-01  5.907742564072D-01  5.907732735203D-01  5.907726990487D-01
  5.907717503021D-01  5.907712083422D-01  5.907702905093D-01  5.907697778918D-01
  5.907688878537D-01  5.907684015051D-01  5.907675362293D-01  5.907670731508D-01
  5.907662296653D-01  5.907657869080D-01  5.907649622815D-01  5.907645369261D-01
  5.907637282448D-01  5.907633173773D-01  5.907625217238D-01  5.907621224161D-01
  5.907613368450D-01  5.907609461306D-01  5.907601676483D-01  5.907597824994D-01
  5.907590080383D-01  5.907586253423D-01  5.907578517381D-01  5.907574682723D-01
  5.907566922373D-01  5.907563046420D-01  5.907555227381D-01  5.907551274896D-01
  5.907543360995D-01  5.907539294794D-01  5.907531247758D-01  5.907527028394D-01
  5.907518807514D-01  5.907514392927D-01  5.907505954700D-01  5.907501299846D-01
  5.907492597585D-01  5.907487654034D-01  5.907478637447D-01  5.907473352923D-01
  5.907463967649D-01  5.907458285575D-01  5.907448472675D-01  5.907442331622D-01
  5.907432027034D-01  5.907425360151D-01  5.907414494081D-01  5.907407228463D-01
  5.907395724717D-01  5.907387780702D-01  5.907375555959D-01  5.907366846368D-01
  5.907353809375D-01  5.907344238660D-01  5.907330289349D-01  5.907319752674D-01
  5.907304781181D-01  5.907293163388D-01  5.907277048984D-01  5.907264223476D-01
  5.907246833379D-01  5.907232660863D-01  5.907213848935D-01  5.907198176061D-01
  5.907177781356D-01  5.907160439194D-01  5.907138284378D-01  5.907119086748D-01
  5.907094976335D-01  5.907073717957D-01  5.907047436368D-01  5.907023890830D-01
  5.906995200251D-01  5.906969117750D-01  5.906937755768D-01  5.906908860623D-01
  5.906874537607D-01  5.906842525516D-01  5.906804921730D-01  5.906769456728D-01
  5.906728219142D-01  5.906688930249D-01  5.906643669008D-01  5.906600146525D-01
  5.906550431059D-01  5.906502222467D-01  5.906447577181D-01  5.906394182621D-01
  5.906334082138D-01  5.906274949405D-01  5.906208813312D-01  5.906143332330D-01
  5.906070519364D-01  5.905998016075D-01  5.905917817699D-01  5.905837547316D-01
  5.905749180625D-01  5.905660320166D-01  5.905562920039D-01  5.905464560077D-01
  5.905357170507D-01  5.905248306059D-01  5.905129870565D-01  5.905009391008D-01
  5.904878742044D-01  5.904745419981D-01  5.904601267220D-01  5.904453746159D-01
  5.904294663546D-01  5.904131444294D-01  5.903955855733D-01  5.903775281338D-01
  5.903581444867D-01  5.903381683985D-01  5.903167674283D-01  5.902946702779D-01
  5.902710391816D-01  5.902465972425D-01  5.902205008079D-01  5.901934667915D-01
  5.901646450321D-01  5.901347456005D-01  5.901029111401D-01  5.900698441561D-01
  5.900346793365D-01  5.899981108219D-01  5.899592645043D-01  5.899188252759D-01
  5.898759093029D-01  5.898311912513D-01  5.897837765334D-01  5.897343285071D-01
  5.896819406931D-01  5.896272639449D-01  5.895693786323D-01  5.895089217802D-01
  5.894449592152D-01  5.893781126679D-01  5.893074318797D-01  5.892335216656D-01
  5.891554139754D-01  5.890736949131D-01  5.889873767478D-01  5.888970248846D-01
  5.888016298205D-01  5.887017340606D-01  5.885963040131D-01  5.884858568453D-01
  5.883693323101D-01  5.882472195361D-01  5.881184287779D-01  5.879834181321D-01
  5.878410652035D-01  5.876917937387D-01  5.875344451990D-01  5.873694053021D-01
  5.871954754907D-01  5.870129993726D-01  5.868207340728D-01  5.866189765604D-01
  5.864064348709D-01  5.861833543068D-01  5.859483885151D-01  5.857017255466D-01
  5.854419587726D-01  5.851692127852D-01  5.848820141342D-01  5.845804170504D-01
  5.842628739809D-01  5.839293611132D-01  5.835782486851D-01  5.832094262857D-01
  5.828211729109D-01  5.824132820146D-01  5.819839312782D-01  5.815328073787D-01
  5.810579754375D-01  5.805590034689D-01  5.800338314653D-01  5.794818954846D-01
  5.789009963241D-01  5.782904231979D-01  5.776478219436D-01  5.769723182328D-01
  5.762613852466D-01  5.755139663522D-01  5.747273421718D-01  5.739002526473D-01
  5.730297634139D-01  5.721143871606D-01  5.711509492034D-01  5.701377080326D-01
  5.690712199606D-01  5.679494587248D-01  5.667686790618D-01  5.655265352075D-01
  5.642189432191D-01  5.628431981826D-01  5.613948350644D-01  5.598707443954D-01
  5.582660313883D-01  5.565771298136D-01  5.547986590602D-01  5.529265358541D-01
  5.509548288626D-01  5.488788678232D-01  5.466920951984D-01  5.443891721744D-01
  5.419628267519D-01  5.394069559394D-01  5.367134695084D-01  5.338753875325D-01
  5.308836788369D-01  5.277303528086D-01  5.244052913143D-01  5.208993334181D-01
  5.172010992089D-01  5.133000656892D-01  5.091833805246D-01  5.048389268789D-01
  5.002521245428D-01  4.954089808587D-01  4.902928759578D-01  4.848875960934D-01
  4.791740987660D-01  4.731335237005D-01  4.667439323965D-01  4.599832905615D-01
  4.528261749867D-01  4.452467193762D-01  4.372152792913D-01  4.287013308470D-01
  4.196700816259D-01  4.100853084596D-01  3.999058984649D-01  3.890886078855D-01
  3.775845125159D-01  3.653416635408D-01  3.523014225264D-01  3.384009799754D-01
  3.235695369895D-01  3.077307722825D-01  2.907984053930D-01  2.726790082637D-01
  2.532669586233D-01
