In49 POTENTIAL                      exc: Vosko,Wilk,Nusair      
  2.20033126  6.33750000  2.17664358
  49.00000
   2.40560   0.9811927845   0.9240466127
353
 0.25000000D-01 0.36265835D-03
 9 1
    0  -1.96656160000D+03
    0  -2.87428550000D+02
    0  -5.37136240000D+01
    0  -7.39818510000D+00
    1  -2.68528840000D+02
    1  -4.59639090000D+01
    1  -4.86454470000D+00
    2  -3.15522220000D+01
    2  -7.38539920000D-01
  4.726906034763D+02  4.727162941359D+02  4.727425734382D+02  4.727694480682D+02
  4.727969265292D+02  4.728250225699D+02  4.728537456489D+02  4.728831096507D+02
  4.729131242874D+02  4.729438036121D+02  4.729751575266D+02  4.730072002225D+02
  4.730399417463D+02  4.730733963939D+02  4.731075743116D+02  4.731424898585D+02
  4.731781532317D+02  4.732145788046D+02  4.732517767698D+02  4.732897614588D+02
  4.733285429967D+02  4.733681356082D+02  4.734085492803D+02  4.734497980562D+02
  4.734918917046D+02  4.735348440026D+02  4.735786644102D+02  4.736233663429D+02
  4.736689588499D+02  4.737154548775D+02  4.737628629494D+02  4.738111954221D+02
  4.738604601655D+02  4.739106688109D+02  4.739618284313D+02  4.740139497818D+02
  4.740670389790D+02  4.741211057335D+02  4.741761550284D+02  4.742321953435D+02
  4.742892303400D+02  4.743472670515D+02  4.744063075830D+02  4.744663573112D+02
  4.745274165539D+02  4.745894887702D+02  4.746525722264D+02  4.747166681879D+02
  4.747817725793D+02  4.748478841683D+02  4.749149962205D+02  4.749831046734D+02
  4.750521997859D+02  4.751222743029D+02  4.751933150972D+02  4.752653113254D+02
  4.753382460622D+02  4.754121044461D+02  4.754868653058D+02  4.755625092955D+02
  4.756390105130D+02  4.757163446247D+02  4.757944804738D+02  4.758733881949D+02
  4.759530308131D+02  4.760333723464D+02  4.761143693960D+02  4.761959792367D+02
  4.762781513974D+02  4.763608357395D+02  4.764439740273D+02  4.765275079952D+02
  4.766113709071D+02  4.766954956123D+02  4.767798060945D+02  4.768642255166D+02
  4.769486677593D+02  4.770330454552D+02  4.771172615176D+02  4.772012171642D+02
  4.772848034373D+02  4.773679092174D+02  4.774504127355D+02  4.775321895787D+02
  4.776131041953D+02  4.776930178934D+02  4.777717803409D+02  4.778492375591D+02
  4.779252234188D+02  4.779995676315D+02  4.780720872447D+02  4.781425946321D+02
  4.782108889915D+02  4.782767643381D+02  4.783400010069D+02  4.784003736532D+02
  4.784576427645D+02  4.785115626714D+02  4.785618730740D+02  4.786083070682D+02
  4.786505826914D+02  4.786884109702D+02  4.787214874913D+02  4.787495004771D+02
  4.787721223878D+02  4.787890180319D+02  4.787998362072D+02  4.788042178536D+02
  4.788017877409D+02  4.787921626726D+02  4.787749432285D+02  4.787497220281D+02
  4.787160755377D+02  4.786735724029D+02  4.786217653294D+02  4.785601994934D+02
  4.784884045072D+02  4.784059029171D+02  4.783122022624D+02  4.782068036722D+02
  4.780891940267D+02  4.779588546612D+02  4.778152536405D+02  4.776578545780D+02
  4.774861090305D+02  4.772994654411D+02  4.770973616600D+02  4.768792340173D+02
  4.766445099747D+02  4.763926173307D+02  4.761229770059D+02  4.758350123809D+02
  4.755281422136D+02  4.752017901063D+02  4.748553775494D+02  4.744883335100D+02
  4.741000875916D+02  4.736900797302D+02  4.732577534534D+02  4.728025656654D+02
  4.723239799813D+02  4.718214765742D+02  4.712945455547D+02  4.707426968439D+02
  4.701654535602D+02  4.695623618749D+02  4.689329843569D+02  4.682769097597D+02
  4.675937462673D+02  4.668831311503D+02  4.661447238472D+02  4.653782154197D+02
  4.645833213951D+02  4.637597909438D+02  4.629073994014D+02  4.620259570846D+02
  4.611153014096D+02  4.601753052599D+02  4.592058686155D+02  4.582069263905D+02
  4.571784394923D+02  4.561204020548D+02  4.550328318618D+02  4.539157769174D+02
  4.527693051965D+02  4.515935105240D+02  4.503885016378D+02  4.491544074067D+02
  4.478913652578D+02  4.465995258110D+02  4.452790407973D+02  4.439300672824D+02
  4.425527552983D+02  4.411472519361D+02  4.397136890347D+02  4.382521875501D+02
  4.367628457756D+02  4.352457445291D+02  4.337009365045D+02  4.321284529260D+02
  4.305282947122D+02  4.289004412847D+02  4.272448442036D+02  4.255614387180D+02
  4.238501403358D+02  4.221108593918D+02  4.203435005764D+02  4.185479802293D+02
  4.167242281605D+02  4.148722065872D+02  4.129919127356D+02  4.110833975031D+02
  4.091467665815D+02  4.071821963615D+02  4.051899310336D+02  4.031702933272D+02
  4.011236755357D+02  3.990505436054D+02  3.969514213492D+02  3.948268880196D+02
  3.926775567601D+02  3.905040675818D+02  3.883070627080D+02  3.860871781439D+02
  3.838450193901D+02  3.815811550991D+02  3.792960964189D+02  3.769902955540D+02
  3.746641309576D+02  3.723179123262D+02  3.699518724521D+02  3.675661787732D+02
  3.651609313856D+02  3.627361801187D+02  3.602919272598D+02  3.578281483969D+02
  3.553447978899D+02  3.528418314028D+02  3.503192120070D+02  3.477769323165D+02
  3.452150192172D+02  3.426335537230D+02  3.400326725927D+02  3.374125843598D+02
  3.347735665073D+02  3.321159765510D+02  3.294402439139D+02  3.267468754946D+02
  3.240364419784D+02  3.213095779727D+02  3.185669632151D+02  3.158093181582D+02
  3.130373813845D+02  3.102519024607D+02  3.074536179113D+02  3.046432441381D+02
  3.018214552512D+02  2.989888797749D+02  2.961460842813D+02  2.932935778479D+02
  2.904318051346D+02  2.875611614693D+02  2.846819969572D+02  2.817946419449D+02
  2.788994195978D+02  2.759966765901D+02  2.730867964849D+02  2.701702260269D+02
  2.672474788115D+02  2.643191472719D+02  2.613858890147D+02  2.584484206714D+02
  2.555074878199D+02  2.525638464908D+02  2.496182265469D+02  2.466713132641D+02
  2.437237172183D+02  2.407759677392D+02  2.378284983813D+02  2.348816577633D+02
  2.319357123811D+02  2.289908731881D+02  2.260473114046D+02  2.231051946447D+02
  2.201647084926D+02  2.172260946587D+02  2.142896710681D+02  2.113558653780D+02
  2.084252277919D+02  2.054984551554D+02  2.025763927276D+02  1.996600461222D+02
  1.967505702436D+02  1.938492682544D+02  1.909575677404D+02  1.880770074895D+02
  1.852092024871D+02  1.823558207993D+02  1.795185403566D+02  1.766990196136D+02
  1.738988504903D+02  1.711195279811D+02  1.683624053456D+02  1.656286698384D+02
  1.629193085552D+02  1.602350999944D+02  1.575766014006D+02  1.549441674840D+02
  1.523379696627D+02  1.497580490000D+02  1.472043676770D+02  1.446768859814D+02
  1.421756225825D+02  1.397007191602D+02  1.372524651848D+02  1.348313080762D+02
  1.324378149921D+02  1.300726254583D+02  1.277363739146D+02  1.254296286254D+02
  1.231528258078D+02  1.209062390027D+02  1.186899531918D+02  1.165038747500D+02
  1.143477403613D+02  1.122211527250D+02  1.101236055401D+02  1.080545266193D+02
  1.060133034300D+02  1.039993218350D+02  1.020119841287D+02  1.000507384764D+02
  9.811508695803D+01  9.620460505922D+01  9.431894025352D+01  9.245782291690D+01
  9.062105735737D+01  8.880852630414D+01  8.702017666211D+01  8.525601985262D+01
  8.351611448947D+01  8.180056462856D+01  8.010950124437D+01  7.844308006224D+01
  7.680146329019D+01  7.518481826325D+01  7.359330043828D+01  7.202705364455D+01
  7.048619493841D+01  6.897081687812D+01  6.748097450177D+01  6.601668976033D+01
  6.457794065130D+01  6.316466776657D+01  6.177676548840D+01  6.041409052673D+01
  5.907645503129D+01  5.776363694773D+01  5.647537483111D+01  5.521137972090D+01
  5.397133121370D+01  5.275489020691D+01  5.156169532099D+01  5.039137533106D+01
  4.924354454570D+01  4.811781346281D+01  4.701378178692D+01  4.593104636191D+01
  4.486919144799D+01  4.382779435051D+01  4.280641325806D+01  4.180459243782D+01
  4.082184897150D+01
N_07 POTENTIAL                      exc: Vosko,Wilk,Nusair      
  1.68057905  6.33750000  1.68945972
   7.00000
   1.96292   0.9811927845   0.9240466127
353
 0.25000000D-01 0.29592158D-03
 2 1
    0  -2.69998930000D+01
    0  -4.29582100000D-01
  2.622127580153D+01  2.622164796077D+01  2.622202911874D+01  2.622244508451D+01
  2.622287635591D+01  2.622332083542D+01  2.622377720841D+01  2.622424598764D+01
  2.622472661271D+01  2.622521989570D+01  2.622572542204D+01  2.622624408680D+01
  2.622677552918D+01  2.622732068297D+01  2.622787921783D+01  2.622845209329D+01
  2.622903900191D+01  2.622964092439D+01  2.623025757348D+01  2.623088994946D+01
  2.623153778433D+01  2.623220209751D+01  2.623288264019D+01  2.623358045103D+01
  2.623429530068D+01  2.623502824750D+01  2.623577908211D+01  2.623654888310D+01
  2.623733746171D+01  2.623814591749D+01  2.623897408299D+01  2.623982307946D+01
  2.624069276156D+01  2.624158427306D+01  2.624249749154D+01  2.624343358413D+01
  2.624439245222D+01  2.624537528716D+01  2.624638201519D+01  2.624741385721D+01
  2.624847114613D+01  2.624955473185D+01  2.625066459284D+01  2.625180199889D+01
  2.625296695588D+01  2.625416076150D+01  2.625538345002D+01  2.625663634799D+01
  2.625791951904D+01  2.625923431956D+01  2.626058084351D+01  2.626196047811D+01
  2.626337334861D+01  2.626482087401D+01  2.626630321183D+01  2.626782181381D+01
  2.626937687066D+01  2.627096986781D+01  2.627260103009D+01  2.627427187751D+01
  2.627598266993D+01  2.627773496279D+01  2.627952905182D+01  2.628136652875D+01
  2.628324772597D+01  2.628517427224D+01  2.628714653736D+01  2.628916618783D+01
  2.629123363150D+01  2.629335057323D+01  2.629551745948D+01  2.629773603398D+01
  2.630000678229D+01  2.630233148737D+01  2.630471067420D+01  2.630714616527D+01
  2.630963852513D+01  2.631218961589D+01  2.631480004170D+01  2.631747170421D+01
  2.632020524697D+01  2.632300261086D+01  2.632586447842D+01  2.632879282922D+01
  2.633178838414D+01  2.633485316061D+01  2.633798791687D+01  2.634119470710D+01
  2.634447432558D+01  2.634782886178D+01  2.635125914436D+01  2.635476729617D+01
  2.635835417817D+01  2.636202194428D+01  2.636577148517D+01  2.636960498301D+01
  2.637352335510D+01  2.637752880847D+01  2.638162228334D+01  2.638580600760D+01
  2.639008094007D+01  2.639444932476D+01  2.639891213403D+01  2.640347162254D+01
  2.640812877027D+01  2.641288583623D+01  2.641774380121D+01  2.642270492129D+01
  2.642777017030D+01  2.643294179304D+01  2.643822074750D+01  2.644360925777D+01
  2.644910825587D+01  2.645471993442D+01  2.646044518809D+01  2.646628616588D+01
  2.647224371225D+01  2.647831991894D+01  2.648451556569D+01  2.649083267170D+01
  2.649727193580D+01  2.650383528747D+01  2.651052332657D+01  2.651733787376D+01
  2.652427940973D+01  2.653134962510D+01  2.653854885902D+01  2.654587864844D+01
  2.655333916615D+01  2.656093176938D+01  2.656865643713D+01  2.657651431807D+01
  2.658450516716D+01  2.659262989281D+01  2.660088799267D+01  2.660928010001D+01
  2.661780541867D+01  2.662646426855D+01  2.663525551974D+01  2.664417913699D+01
  2.665323361293D+01  2.666241851163D+01  2.667173190070D+01  2.668117289391D+01
  2.669073908218D+01  2.670042907513D+01  2.671023993097D+01  2.672016969690D+01
  2.673021483786D+01  2.674037277569D+01  2.675063931676D+01  2.676101118984D+01
  2.677148347252D+01  2.678205212782D+01  2.679271142931D+01  2.680345649648D+01
  2.681428071853D+01  2.682517828847D+01  2.683614162562D+01  2.684716390839D+01
  2.685823649549D+01  2.686935145747D+01  2.688049899665D+01  2.689166997741D+01
  2.690285334494D+01  2.691403865434D+01  2.692521348826D+01  2.693636598487D+01
  2.694748225455D+01  2.695854890687D+01  2.696955046635D+01  2.698047189878D+01
  2.699129602616D+01  2.700200605247D+01  2.701258297819D+01  2.702300812571D+01
  2.703326055365D+01  2.704331958224D+01  2.705316220787D+01  2.706276562875D+01
  2.707210466001D+01  2.708115426017D+01  2.708988694730D+01  2.709827532669D+01
  2.710628950864D+01  2.711389963800D+01  2.712107331412D+01  2.712777812295D+01
  2.713397905986D+01  2.713964106505D+01  2.714472645005D+01  2.714919743722D+01
  2.715301359082D+01  2.715613436160D+01  2.715851652334D+01  2.716011672350D+01
  2.716088892637D+01  2.716078697083D+01  2.715976202120D+01  2.715776513332D+01
  2.715474471430D+01  2.715064909815D+01  2.714542401565D+01  2.713901518077D+01
  2.713136577205D+01  2.712241903106D+01  2.711211575655D+01  2.710039691628D+01
  2.708720115521D+01  2.707246742201D+01  2.705613249244D+01  2.703813361170D+01
  2.701840603422D+01  2.699688568287D+01  2.697350670606D+01  2.694820415473D+01
  2.692091155749D+01  2.689156361605D+01  2.686009379888D+01  2.682643705523D+01
  2.679052742758D+01  2.675230078416D+01  2.671169244969D+01  2.666863995598D+01
  2.662308069007D+01  2.657495466168D+01  2.652420216737D+01  2.647076657303D+01
  2.641459199187D+01  2.635562607937D+01  2.629381772222D+01  2.622911984238D+01
  2.616148709310D+01  2.609087866789D+01  2.601725599897D+01  2.594058556588D+01
  2.586083659075D+01  2.577798384047D+01  2.569200531209D+01  2.560288502149D+01
  2.551061067141D+01  2.541517641858D+01  2.531658051589D+01  2.521482804925D+01
  2.510992854462D+01  2.500189866503D+01  2.489075977272D+01  2.477654057608D+01
  2.465927463671D+01  2.453900295591D+01  2.441577141594D+01  2.428963329624D+01
  2.416064663831D+01  2.402887668057D+01  2.389439313806D+01  2.375727254669D+01
  2.361759544821D+01  2.347544863578D+01  2.333092223662D+01  2.318411185229D+01
  2.303511553349D+01  2.288403581065D+01  2.273097655798D+01  2.257604491302D+01
  2.241934803053D+01  2.226099489391D+01  2.210109296424D+01  2.193974989189D+01
  2.177707007283D+01  2.161315627668D+01  2.144810613163D+01  2.128201369662D+01
  2.111496591001D+01  2.094704415004D+01  2.077832070238D+01  2.060886037727D+01
  2.043871707979D+01  2.026793558573D+01  2.009654833767D+01  1.992457752572D+01
  1.975203228031D+01  1.957891125355D+01  1.940520042666D+01  1.923087642618D+01
  1.905590518517D+01  1.888024622043D+01  1.870385233541D+01  1.852667497476D+01
  1.834866497321D+01  1.816977883612D+01  1.798998018647D+01  1.780924639759D+01
  1.762756993184D+01  1.744496431314D+01  1.726146420675D+01  1.707712955199D+01
  1.689204331481D+01  1.670631297545D+01  1.652006554573D+01  1.633344648710D+01
  1.614661256832D+01  1.595972922954D+01  1.577296260748D+01  1.558647681445D+01
  1.540042656503D+01  1.521495561574D+01  1.503019094522D+01  1.484624296407D+01
  1.466320151882D+01  1.448113784697D+01  1.430010215133D+01  1.412012689317D+01
  1.394122544644D+01  1.376339621281D+01  1.358662185711D+01  1.341087379119D+01
  1.323611159817D+01  1.306228755891D+01  1.288934600378D+01  1.271722767980D+01
  1.254586887956D+01  1.237520554208D+01  1.220517208732D+01  1.203570520709D+01
  1.186674238336D+01  1.169822536378D+01  1.153009837058D+01  1.136231127641D+01
  1.119481752573D+01  1.102757703682D+01  1.086055386404D+01  1.069371885569D+01
  1.052704708678D+01  1.036052030157D+01  1.019412414454D+01  1.002785041287D+01
  9.861694108127D+00  9.695655518000D+00  9.529737104097D+00  9.363945423891D+00
  9.198287860790D+00  9.032774387263D+00  8.867414132916D+00  8.702216979195D+00
  8.537189951137D+00  8.372338625227D+00  8.207663325210D+00  8.043160321298D+00
  7.878817811980D+00  7.714616969895D+00  7.550527493289D+00  7.386508762690D+00
  7.222505007818D+00
Vac0 POTENTIAL                      exc: Vosko,Wilk,Nusair      
  2.20033126  6.33750000  2.17664358
   0.00000
   2.40560   0.9811927845   0.9240466127
353
 0.25000000D-01 0.36265835D-03
 0 1
  8.824991042002D-01  8.824699414286D-01  8.824392786907D-01  8.824303650101D-01
  8.824253709242D-01  8.824231326347D-01  8.824213166804D-01  8.824210874439D-01
  8.824207809986D-01  8.824218241737D-01  8.824226783852D-01  8.824248398225D-01
  8.824268135395D-01  8.824301266365D-01  8.824333086302D-01  8.824379080468D-01
  8.824424746947D-01  8.824485775331D-01  8.824547879841D-01  8.824626984661D-01
  8.824709063838D-01  8.824810333977D-01  8.824917101035D-01  8.825045960867D-01
  8.825183654551D-01  8.825347279149D-01  8.825524154766D-01  8.825732048235D-01
  8.825959056492D-01  8.826223848236D-01  8.826515569060D-01  8.826854108752D-01
  8.827230035837D-01  8.827664900407D-01  8.828151210359D-01  8.828712782509D-01
  8.829344752565D-01  8.830072840124D-01  8.830818316506D-01  8.831149978196D-01
  8.830854325052D-01  8.830581607697D-01  8.830315672242D-01  8.830070555660D-01
  8.829830299280D-01  8.829609113165D-01  8.829391192727D-01  8.829190885499D-01
  8.828992509800D-01  8.828810523345D-01  8.828629343496D-01  8.828463517206D-01
  8.828297542357D-01  8.828146038701D-01  8.827993570100D-01  8.827854816275D-01
  8.827714395595D-01  8.827587037433D-01  8.827457405522D-01  8.827340270699D-01
  8.827220334654D-01  8.827112403042D-01  8.827001209534D-01  8.826901589203D-01
  8.826798302825D-01  8.826706210430D-01  8.826610095901D-01  8.826524840605D-01
  8.826435248136D-01  8.826356218181D-01  8.826272571304D-01  8.826199222992D-01
  8.826121008459D-01  8.826052856828D-01  8.825979616037D-01  8.825916227045D-01
  8.825847548872D-01  8.825788532817D-01  8.825724047547D-01  8.825669053412D-01
  8.825608427547D-01  8.825557138219D-01  8.825500070029D-01  8.825452198210D-01
  8.825398413918D-01  8.825353698565D-01  8.825302949070D-01  8.825261152313D-01
  8.825213210349D-01  8.825174114857D-01  8.825128772459D-01  8.825092179124D-01
  8.825049245503D-01  8.825014971385D-01  8.824974271009D-01  8.824942147554D-01
  8.824903518455D-01  8.824873389914D-01  8.824836682218D-01  8.824808404246D-01
  8.824773478830D-01  8.824746917239D-01  8.824713644548D-01  8.824688674161D-01
  8.824656933155D-01  8.824633436816D-01  8.824603113990D-01  8.824580981625D-01
  8.824551970134D-01  8.824531097925D-01  8.824503296784D-01  8.824483586392D-01
  8.824456899721D-01  8.824438257567D-01  8.824412593917D-01  8.824394930502D-01
  8.824370202182D-01  8.824353431479D-01  8.824329553957D-01  8.824313592783D-01
  8.824290484093D-01  8.824275251550D-01  8.824252831715D-01  8.824238248613D-01
  8.824216439099D-01  8.824202427411D-01  8.824181150562D-01  8.824167632876D-01
  8.824146811379D-01  8.824133710342D-01  8.824113266668D-01  8.824100504431D-01
  8.824080360269D-01  8.824067857915D-01  8.824047933593D-01  8.824035610548D-01
  8.824015824436D-01  8.824003597853D-01  8.823983865726D-01  8.823971649838D-01
  8.823951884216D-01  8.823939589656D-01  8.823919699101D-01  8.823907232172D-01
  8.823887120535D-01  8.823874382433D-01  8.823853948050D-01  8.823840834030D-01
  8.823819968849D-01  8.823806367321D-01  8.823784955969D-01  8.823770747520D-01
  8.823748666275D-01  8.823733722606D-01  8.823710838298D-01  8.823695021063D-01
  8.823671189857D-01  8.823654349398D-01  8.823629415474D-01  8.823611389440D-01
  8.823585183536D-01  8.823565795365D-01  8.823538133198D-01  8.823517190448D-01
  8.823487870962D-01  8.823465163483D-01  8.823433966931D-01  8.823409264855D-01
  8.823375950694D-01  8.823349002218D-01  8.823313306779D-01  8.823283835727D-01
  8.823245469655D-01  8.823213172794D-01  8.823171818232D-01  8.823136362303D-01
  8.823091669778D-01  8.823052688233D-01  8.823004273223D-01  8.822961362621D-01
  8.822908801768D-01  8.822861517792D-01  8.822804344726D-01  8.822752197799D-01
  8.822689898520D-01  8.822632348948D-01  8.822564356734D-01  8.822500809360D-01
  8.822426499142D-01  8.822356297429D-01  8.822274979572D-01  8.822197399076D-01
  8.822108312522D-01  8.822022553676D-01  8.821924858357D-01  8.821830038500D-01
  8.821722806965D-01  8.821617951542D-01  8.821500159699D-01  8.821384192527D-01
  8.821254709417D-01  8.821126441941D-01  8.820984018441D-01  8.820842137848D-01
  8.820685394180D-01  8.820528450279D-01  8.820355862215D-01  8.820182252929D-01
  8.819992136536D-01  8.819800091868D-01  8.819590586658D-01  8.819378150974D-01
  8.819147201276D-01  8.818912213725D-01  8.818657548098D-01  8.818397620963D-01
  8.818116729440D-01  8.817829224220D-01  8.817519333157D-01  8.817201334124D-01
  8.816859378404D-01  8.816507663371D-01  8.816130255668D-01  8.815741263687D-01
  8.815324660504D-01  8.814894456144D-01  8.814434520258D-01  8.813958754132D-01
  8.813450913084D-01  8.812924778198D-01  8.812363978402D-01  8.811782161905D-01
  8.811162817913D-01  8.810519447744D-01  8.809835386151D-01  8.809123972064D-01
  8.808368369485D-01  8.807581737826D-01  8.806747052320D-01  8.805877273914D-01
  8.804955169148D-01  8.803993479553D-01  8.802974740942D-01  8.801911452259D-01
  8.800785894219D-01  8.799610297552D-01  8.798366660921D-01  8.797066918494D-01
  8.795692757066D-01  8.794255782883D-01  8.792737337885D-01  8.791148665700D-01
  8.789470726917D-01  8.787714364159D-01  8.785860116272D-01  8.783918382388D-01
  8.781869234912D-01  8.779722582459D-01  8.777457981513D-01  8.775084798112D-01
  8.772582018031D-01  8.769958407086D-01  8.767192319672D-01  8.764291857531D-01
  8.761234676471D-01  8.758028143422D-01  8.754649141132D-01  8.751104223317D-01
  8.747369417112D-01  8.743450376099D-01  8.739322180253D-01  8.734989486605D-01
  8.730426326400D-01  8.725636253118D-01  8.720592136513D-01  8.715296307689D-01
  8.709720349652D-01  8.703865239081D-01  8.697701132975D-01  8.691227506714D-01
  8.684412936324D-01  8.677255232359D-01  8.669721217234D-01  8.661806854392D-01
  8.653477020061D-01  8.644725627081D-01  8.635515390347D-01  8.625837944554D-01
  8.615653602455D-01  8.604951465656D-01  8.593689174661D-01  8.581853011671D-01
  8.569397641196D-01  8.556306203603D-01  8.542530044819D-01  8.528048799114D-01
  8.512810106108D-01  8.496789680927D-01  8.479931016327D-01  8.462205437933D-01
  8.443551788791D-01  8.423936466840D-01  8.403293088551D-01  8.381582505070D-01
  8.358732440782D-01  8.334697483647D-01  8.309398693462D-01  8.282783560740D-01
  8.254765578096D-01  8.225284160511D-01  8.194244171533D-01  8.161575795850D-01
  8.127174009793D-01  8.090958394681D-01  8.052812538301D-01  8.012643774363D-01
  7.970322498050D-01  7.925741812934D-01  7.878756739141D-01  7.829243744005D-01
  7.777039815620D-01  7.722001847038D-01  7.663945540628D-01  7.602704607413D-01
  7.538069458287D-01  7.469846169597D-01  7.397794905349D-01  7.321688586769D-01
  7.241250974417D-01  7.156214962399D-01  7.066260229942D-01  6.971071059201D-01
  6.870273441241D-01  6.763492288867D-01  6.650287850926D-01  6.530212157031D-01
  6.402744555460D-01  6.267347184010D-01  6.123399399683D-01  5.970252018747D-01
  5.807160351142D-01  5.633336894514D-01  5.447882625264D-01  5.249837771472D-01
  5.038110954369D-01  4.811527603238D-01  4.568756556058D-01  4.308355588546D-01
  4.028695013942D-01  3.728002159787D-01  3.404274632653D-01  3.055330362858D-01
  2.678713031342D-01
Vac0 POTENTIAL                      exc: Vosko,Wilk,Nusair      
  1.68057905  6.33750000  1.68945972
   0.00000
   1.96292   0.9811927845   0.9240466127
353
 0.25000000D-01 0.29592158D-03
 0 1
  6.706251503340D-01  6.705819712350D-01  6.705372628197D-01  6.705237113724D-01
  6.705161964706D-01  6.705117102325D-01  6.705081832913D-01  6.705059680621D-01
  6.705039488145D-01  6.705028464124D-01  6.705017164572D-01  6.705013704192D-01
  6.705009167070D-01  6.705012000995D-01  6.705013516267D-01  6.705022325225D-01
  6.705029866017D-01  6.705044856607D-01  6.705058828392D-01  6.705080586044D-01
  6.705101745663D-01  6.705131198261D-01  6.705160649848D-01  6.705199088075D-01
  6.705238324282D-01  6.705287462131D-01  6.705338442665D-01  6.705400514950D-01
  6.705465784219D-01  6.705543685507D-01  6.705626535485D-01  6.705724010367D-01
  6.705828702231D-01  6.705950602574D-01  6.706082664795D-01  6.706235295281D-01
  6.706401920478D-01  6.706593272165D-01  6.706785294549D-01  6.706858382637D-01
  6.706762916552D-01  6.706676674991D-01  6.706590689005D-01  6.706513253618D-01
  6.706435461851D-01  6.706365663685D-01  6.706295001128D-01  6.706231867867D-01
  6.706167445001D-01  6.706110161231D-01  6.706051229148D-01  6.705999105859D-01
  6.705945029575D-01  6.705897480552D-01  6.705847718017D-01  6.705804241293D-01
  6.705758326972D-01  6.705718490213D-01  6.705676022014D-01  6.705639450744D-01
  6.705600079494D-01  6.705566447731D-01  6.705529868718D-01  6.705498891293D-01
  6.705464837372D-01  6.705436263703D-01  6.705404499585D-01  6.705378108557D-01
  6.705348426188D-01  6.705324021870D-01  6.705296236551D-01  6.705273644652D-01
  6.705247591783D-01  6.705226656710D-01  6.705202189080D-01  6.705182771434D-01
  6.705159756924D-01  6.705141731363D-01  6.705120051000D-01  6.705103304487D-01
  6.705082850760D-01  6.705067280989D-01  6.705047956460D-01  6.705033470548D-01
  6.705015186592D-01  6.705001699932D-01  6.704984375714D-01  6.704971810984D-01
  6.704955372506D-01  6.704943658823D-01  6.704928038117D-01  6.704917110265D-01
  6.704902244713D-01  6.704892042497D-01  6.704877874167D-01  6.704868341806D-01
  6.704854816935D-01  6.704845902546D-01  6.704832971017D-01  6.704824626143D-01
  6.704812241056D-01  6.704804420253D-01  6.704792537514D-01  6.704785197949D-01
  6.704773775906D-01  6.704766877014D-01  6.704755876121D-01  6.704749379294D-01
  6.704738761781D-01  6.704732630035D-01  6.704722359641D-01  6.704716557358D-01
  6.704706599039D-01  6.704701091681D-01  6.704691411337D-01  6.704686165185D-01
  6.704676729422D-01  6.704671711334D-01  6.704662487198D-01  6.704657664350D-01
  6.704648619084D-01  6.704643958722D-01  6.704635059520D-01  6.704630528718D-01
  6.704621742466D-01  6.704617307869D-01  6.704608600901D-01  6.704604228462D-01
  6.704595566286D-01  6.704591220995D-01  6.704582568020D-01  6.704578213635D-01
  6.704569532881D-01  6.704565131614D-01  6.704556384412D-01  6.704551896624D-01
  6.704543042283D-01  6.704538426147D-01  6.704529421609D-01  6.704524632745D-01
  6.704515432214D-01  6.704510423304D-01  6.704500977835D-01  6.704495698201D-01
  6.704485955268D-01  6.704480350412D-01  6.704470253425D-01  6.704464264538D-01
  6.704453752329D-01  6.704447315742D-01  6.704436321990D-01  6.704429368580D-01
  6.704417821198D-01  6.704410275739D-01  6.704398096188D-01  6.704389876637D-01
  6.704376979173D-01  6.704367995885D-01  6.704354286744D-01  6.704344441608D-01
  6.704329818096D-01  6.704319003588D-01  6.704303353089D-01  6.704291451223D-01
  6.704274650098D-01  6.704261531279D-01  6.704243443655D-01  6.704228965407D-01
  6.704209441851D-01  6.704193447411D-01  6.704172323451D-01  6.704154640232D-01
  6.704131734738D-01  6.704112172620D-01  6.704087286009D-01  6.704065635455D-01
  6.704038547718D-01  6.704014577697D-01  6.703985046208D-01  6.703958501900D-01
  6.703926259012D-01  6.703896859274D-01  6.703861609648D-01  6.703829044210D-01
  6.703790461875D-01  6.703754388254D-01  6.703712113357D-01  6.703672153433D-01
  6.703625788645D-01  6.703581524890D-01  6.703530631441D-01  6.703481602744D-01
  6.703425696034D-01  6.703371393095D-01  6.703309937850D-01  6.703249798084D-01
  6.703182203000D-01  6.703115604908D-01  6.703041216735D-01  6.702967473681D-01
  6.702885570683D-01  6.702803924022D-01  6.702713708745D-01  6.702623320221D-01
  6.702523911507D-01  6.702423854853D-01  6.702314279008D-01  6.702203530665D-01
  6.702082711699D-01  6.701960140550D-01  6.701826889388D-01  6.701691245420D-01
  6.701544247975D-01  6.701394149734D-01  6.701231953722D-01  6.701065874455D-01
  6.700886874826D-01  6.700703127156D-01  6.700505549974D-01  6.700302268958D-01
  6.700084153593D-01  6.699859277994D-01  6.699618457427D-01  6.699369709001D-01
  6.699103788045D-01  6.698828648649D-01  6.698534979874D-01  6.698230666141D-01
  6.697906323250D-01  6.697569758593D-01  6.697211506975D-01  6.696839290626D-01
  6.696443554798D-01  6.696031927561D-01  6.695594755151D-01  6.695139561525D-01
  6.694656583438D-01  6.694153229726D-01  6.693619616079D-01  6.693063024034D-01
  6.692473435407D-01  6.691857990958D-01  6.691206524453D-01  6.690526020965D-01
  6.689806150522D-01  6.689053726007D-01  6.688258236349D-01  6.687426303972D-01
  6.686547217486D-01  6.685627388639D-01  6.684655884437D-01  6.683638883561D-01
  6.682565207854D-01  6.681440778127D-01  6.680254144963D-01  6.679010943836D-01
  6.677699425149D-01  6.676324908605D-01  6.674875312384D-01  6.673355606686D-01
  6.671753341951D-01  6.670073101473D-01  6.668302028571D-01  6.666444278157D-01
  6.664486542738D-01  6.662432502832D-01  6.660268351653D-01  6.657997244247D-01
  6.655604820717D-01  6.653093653921D-01  6.650448771067D-01  6.647672099810D-01
  6.644747988023D-01  6.641677648105D-01  6.638444674713D-01  6.635049487059D-01
  6.631474844361D-01  6.627720285892D-01  6.623767643868D-01  6.619615480962D-01
  6.615244600323D-01  6.610652480238D-01  6.605818780915D-01  6.600739775928D-01
  6.595393855355D-01  6.589775953585D-01  6.583863048334D-01  6.577648584334D-01
  6.571107967668D-01  6.564232984792D-01  6.556997291546D-01  6.549390826847D-01
  6.541385295652D-01  6.532968576545D-01  6.524110197780D-01  6.514795737871D-01
  6.504992293689D-01  6.494682872991D-01  6.483831853361D-01  6.472419365413D-01
  6.460406741141D-01  6.447770886277D-01  6.434469716337D-01  6.420476516307D-01
  6.405745362319D-01  6.390245466467D-01  6.373926581598D-01  6.356753328591D-01
  6.338670581208D-01  6.319637772555D-01  6.299594256270D-01  6.278493588119D-01
  6.256268858942D-01  6.232866946386D-01  6.208213813916D-01  6.182248726489D-01
  6.154889508565D-01  6.126066715953D-01  6.095688843993D-01  6.063676445849D-01
  6.029927279759D-01  5.994350361515D-01  5.956831036805D-01  5.917264952355D-01
  5.875523035671D-01  5.831485365140D-01  5.785006034695D-01  5.735946897764D-01
  5.684142288210D-01  5.629432606033D-01  5.571628857927D-01  5.510546043580D-01
  5.445967468829D-01  5.377677879600D-01  5.305427487145D-01  5.228964781338D-01
  5.148000189908D-01  5.062238482785D-01  4.971341964372D-01  4.874962354612D-01
  4.772703383577D-01  4.664152001183D-01  4.548840204767D-01  4.426275386276D-01
  4.295901174315D-01  4.157126665968D-01  4.009286033181D-01  3.851666275203D-01
  3.683465199259D-01  3.503818934536D-01  3.311752347267D-01  3.106211678795D-01
  2.886007677681D-01
