In49 POTENTIAL                      exc: Vosko,Wilk,Nusair      
  2.37798540  6.82500000  2.34921590
  49.00000
   2.59633   0.7247658577   0.8163257545
353
 0.25000000D-01 0.39141124D-03
 9 1
    0  -1.96656160000D+03
    0  -2.87428550000D+02
    0  -5.37136240000D+01
    0  -7.39818510000D+00
    1  -2.68528840000D+02
    1  -4.59639090000D+01
    1  -4.86454470000D+00
    2  -3.15522220000D+01
    2  -7.38539920000D-01
  4.724081916717D+02  4.724359157545D+02  4.724642699975D+02  4.724932602366D+02
  4.725228954757D+02  4.725531898426D+02  4.725841532626D+02  4.726157999583D+02
  4.726481400722D+02  4.726811879448D+02  4.727149538609D+02  4.727494522428D+02
  4.727846934625D+02  4.728206919812D+02  4.728574582025D+02  4.728950065755D+02
  4.729333474750D+02  4.729724952774D+02  4.730124602612D+02  4.730532566612D+02
  4.730948945829D+02  4.731373880402D+02  4.731807468800D+02  4.732249848051D+02
  4.732701113070D+02  4.733161396758D+02  4.733630789388D+02  4.734109418590D+02
  4.734597368776D+02  4.735094761023D+02  4.735601672518D+02  4.736118216348D+02
  4.736644460959D+02  4.737180509848D+02  4.737726421027D+02  4.738282286627D+02
  4.738848152348D+02  4.739424096980D+02  4.740010151839D+02  4.740606380193D+02
  4.741212796757D+02  4.741829446780D+02  4.742456325685D+02  4.743093458227D+02
  4.743740817833D+02  4.744398405765D+02  4.745066170406D+02  4.745744086330D+02
  4.746432073536D+02  4.747130076421D+02  4.747837982952D+02  4.748555703539D+02
  4.749283090143D+02  4.750020015046D+02  4.750766289882D+02  4.751521744305D+02
  4.752286144940D+02  4.753059273939D+02  4.753840847856D+02  4.754630596082D+02
  4.755428179633D+02  4.756233269475D+02  4.757045465211D+02  4.757864373295D+02
  4.758689525621D+02  4.759520457616D+02  4.760356626729D+02  4.761197490407D+02
  4.762042424484D+02  4.762890801030D+02  4.763741906648D+02  4.764595020203D+02
  4.765449331011D+02  4.766304016466D+02  4.767158160124D+02  4.768010829218D+02
  4.768860992659D+02  4.769707598447D+02  4.770549491580D+02  4.771385491380D+02
  4.772214309332D+02  4.773034626322D+02  4.773845010423D+02  4.774643994068D+02
  4.775429991795D+02  4.776201377379D+02  4.776956401553D+02  4.777693269128D+02
  4.778410056716D+02  4.779104789864D+02  4.779775360815D+02  4.780419605686D+02
  4.781035222306D+02  4.781619847485D+02  4.782170974960D+02  4.782686032806D+02
  4.783162301548D+02  4.783596991753D+02  4.783987162371D+02  4.784329798574D+02
  4.784621730376D+02  4.784859710788D+02  4.785040334800D+02  4.785160117913D+02
  4.785215415555D+02  4.785202502085D+02  4.785117490717D+02  4.784956413081D+02
  4.784715139746D+02  4.784389460430D+02  4.783975005217D+02  4.783467325508D+02
  4.782861816030D+02  4.782153796624D+02  4.781338435154D+02  4.780410830220D+02
  4.779365935064D+02  4.778198641317D+02  4.776903703985D+02  4.775475826317D+02
  4.773909585966D+02  4.772199521064D+02  4.770340057615D+02  4.768325596849D+02
  4.766150443917D+02  4.763808896555D+02  4.761295175116D+02  4.758603512571D+02
  4.755728085873D+02  4.752663107282D+02  4.749402757029D+02  4.745941275908D+02
  4.742272899158D+02  4.738391950209D+02  4.734292775655D+02  4.729969839987D+02
  4.725417661453D+02  4.720630907548D+02  4.715604331485D+02  4.710332868134D+02
  4.704811570759D+02  4.699035707008D+02  4.693000695470D+02  4.686702201242D+02
  4.680136071787D+02  4.673298431489D+02  4.666185616194D+02  4.658794266105D+02
  4.651121258289D+02  4.643163797165D+02  4.634919344205D+02  4.626385705198D+02
  4.617560956309D+02  4.608443527271D+02  4.599032122936D+02  4.589325801541D+02
  4.579323890926D+02  4.569026061065D+02  4.558432234203D+02  4.547542650998D+02
  4.536357773994D+02  4.524878347002D+02  4.513105291630D+02  4.501039759765D+02
  4.488683023465D+02  4.476036521063D+02  4.463101741224D+02  4.449880263948D+02
  4.436373640527D+02  4.422583431700D+02  4.408511086340D+02  4.394157980222D+02
  4.379525297539D+02  4.364614075071D+02  4.349425091986D+02  4.333958925434D+02
  4.318215855162D+02  4.302195937389D+02  4.285898931129D+02  4.269324396952D+02
  4.252471650891D+02  4.235339892704D+02  4.217928190082D+02  4.200235636582D+02
  4.182261363117D+02  4.164004718767D+02  4.145465298575D+02  4.126643131935D+02
  4.107538707327D+02  4.088153145531D+02  4.068488196323D+02  4.048546370977D+02
  4.028330886814D+02  4.007845738519D+02  3.987095575839D+02  3.966085706569D+02
  3.944821909037D+02  3.923310377576D+02  3.901557489323D+02  3.879569719045D+02
  3.857353392412D+02  3.834914605107D+02  3.812258997599D+02  3.789391711154D+02
  3.766317212190D+02  3.743039307223D+02  3.719561031879D+02  3.695884732659D+02
  3.672012021588D+02  3.647943919541D+02  3.623680866021D+02  3.599222909376D+02
  3.574569753973D+02  3.549720977533D+02  3.524676094818D+02  3.499434780888D+02
  3.473996930407D+02  3.448362866754D+02  3.422533378139D+02  3.396509895221D+02
  3.370294488612D+02  3.343890001780D+02  3.317299998824D+02  3.290528844177D+02
  3.263581595105D+02  3.236464025710D+02  3.209182465125D+02  3.181743770615D+02
  3.154155120496D+02  3.126423949639D+02  3.098557715551D+02  3.070563820055D+02
  3.042449376725D+02  3.014221151944D+02  2.985885371081D+02  2.957447718464D+02
  2.928913221910D+02  2.900286347808D+02  2.871570992327D+02  2.842770686815D+02
  2.813888692268D+02  2.784928288304D+02  2.755892918194D+02  2.726786483727D+02
  2.697613443901D+02  2.668379010445D+02  2.639089101723D+02  2.609750364056D+02
  2.580369944488D+02  2.550955349302D+02  2.521514095606D+02  2.492053507266D+02
  2.462580370231D+02  2.433100796220D+02  2.403619998829D+02  2.374142314288D+02
  2.344671151792D+02  2.315209187269D+02  2.285758470101D+02  2.256320745415D+02
  2.226897654601D+02  2.197491113537D+02  2.168103531727D+02  2.138738174123D+02
  2.109399332542D+02  2.080092613651D+02  2.050825015314D+02  2.021605103525D+02
  1.992442966827D+02  1.963350264727D+02  1.934340052422D+02  1.905426701738D+02
  1.876625604377D+02  1.847952981747D+02  1.819425489982D+02  1.791059948542D+02
  1.762872884043D+02  1.734880221630D+02  1.707096819686D+02  1.679536185283D+02
  1.652210071901D+02  1.625128303484D+02  1.598298532691D+02  1.571726282204D+02
  1.545414976589D+02  1.519366303872D+02  1.493580589441D+02  1.468057477566D+02
  1.442796540697D+02  1.417798041218D+02  1.393063407788D+02  1.368595633436D+02
  1.344399201795D+02  1.320479855260D+02  1.296843951601D+02  1.273497849469D+02
  1.250447138679D+02  1.227696150611D+02  1.205247498517D+02  1.183101989283D+02
  1.161258567860D+02  1.139714573501D+02  1.118465937596D+02  1.097507596754D+02
  1.076833761577D+02  1.056438333062D+02  1.036315126209D+02  1.016458210633D+02
  9.968620409403D+01  9.775216975644D+01  9.584329180834D+01  9.395922440180D+01
  9.209969670651D+01  9.026452010920D+01  8.845357648622D+01  8.666682019906D+01
  8.490426228911D+01  8.316596945763D+01  8.145204623012D+01  7.976263278751D+01
  7.809788676154D+01  7.645798135760D+01  7.484308799626D+01  7.325337571901D+01
  7.168899545254D+01  7.015008127265D+01  6.863673668411D+01  6.714903797315D+01
  6.568702259529D+01  6.425069459416D+01  6.284001498532D+01  6.145490906229D+01
  6.009525855138D+01  5.876091054990D+01  5.745167117868D+01  5.616731586284D+01
  5.490758417060D+01  5.367219108578D+01  5.246082261757D+01  5.127314755465D+01
  5.010881321565D+01  4.896745692595D+01  4.784870104474D+01  4.675216325751D+01
  4.567745003249D+01  4.462416506436D+01  4.359190079565D+01  4.258024501263D+01
  4.158877080612D+01  4.061704209877D+01  3.966460251820D+01  3.873098116008D+01
  3.781568109983D+01
N_07 POTENTIAL                      exc: Vosko,Wilk,Nusair      
  1.80145647  6.82500000  1.81203139
   7.00000
   2.10533   0.7247658577   0.8163257545
353
 0.25000000D-01 0.31739093D-03
 2 1
    0  -2.69998930000D+01
    0  -4.29582100000D-01
  2.594276435035D+01  2.594316540468D+01  2.594357625632D+01  2.594402308892D+01
  2.594448618220D+01  2.594496323021D+01  2.594545308096D+01  2.594595609462D+01
  2.594647188985D+01  2.594700113297D+01  2.594754359211D+01  2.594810001895D+01
  2.594867023712D+01  2.594925503846D+01  2.594985427837D+01  2.595046877561D+01
  2.595109840965D+01  2.595174402152D+01  2.595240551199D+01  2.595308374277D+01
  2.595377863501D+01  2.595449107068D+01  2.595522099122D+01  2.595596929901D+01
  2.595673595610D+01  2.595752188571D+01  2.595832707103D+01  2.595915245674D+01
  2.595999804785D+01  2.596086481121D+01  2.596175277437D+01  2.596266292714D+01
  2.596359532044D+01  2.596455096787D+01  2.596552994458D+01  2.596653328883D+01
  2.596756110086D+01  2.596861444450D+01  2.596969344618D+01  2.597079919883D+01
  2.597193224426D+01  2.597309330211D+01  2.597428255383D+01  2.597550114580D+01
  2.597674928827D+01  2.597802815691D+01  2.597933799177D+01  2.598067999879D+01
  2.598205444876D+01  2.598346257886D+01  2.598490469159D+01  2.598638205636D+01
  2.598789500836D+01  2.598944485011D+01  2.599103195042D+01  2.599265764592D+01
  2.599432233993D+01  2.599602740403D+01  2.599777327697D+01  2.599956136614D+01
  2.600139214652D+01  2.600326706213D+01  2.600518662496D+01  2.600715231639D+01
  2.600916468612D+01  2.601122525358D+01  2.601333460678D+01  2.601549430378D+01
  2.601770497143D+01  2.601996820687D+01  2.602228467623D+01  2.602465601605D+01
  2.602708293199D+01  2.602956710021D+01  2.603210926604D+01  2.603471114526D+01
  2.603737352277D+01  2.604009815384D+01  2.604288586267D+01  2.604573844359D+01
  2.604865675960D+01  2.605164264346D+01  2.605469699615D+01  2.605782168794D+01
  2.606101765671D+01  2.606428680894D+01  2.606763011796D+01  2.607104952483D+01
  2.607454603651D+01  2.607812162658D+01  2.608177733333D+01  2.608551516035D+01
  2.608933617447D+01  2.609324240624D+01  2.609723494771D+01  2.610131585276D+01
  2.610548623469D+01  2.610974816642D+01  2.611410277788D+01  2.611855215600D+01
  2.612309744194D+01  2.612774073083D+01  2.613248316879D+01  2.613732685243D+01
  2.614227292566D+01  2.614732347887D+01  2.615247964550D+01  2.615774350095D+01
  2.616311615884D+01  2.616859966959D+01  2.617419511634D+01  2.617990451323D+01
  2.618572890095D+01  2.619167024460D+01  2.619772952889D+01  2.620390865556D+01
  2.621020853816D+01  2.621663099904D+01  2.622317686360D+01  2.622984785688D+01
  2.623664469719D+01  2.624356899226D+01  2.625062133229D+01  2.625780318545D+01
  2.626511499045D+01  2.627255805134D+01  2.628013262942D+01  2.628783983742D+01
  2.629567973067D+01  2.630365320055D+01  2.631176006495D+01  2.632000096090D+01
  2.632837543423D+01  2.633688383139D+01  2.634552538823D+01  2.635430012092D+01
  2.636320691386D+01  2.637224540959D+01  2.638141409577D+01  2.639071219411D+01
  2.640013774625D+01  2.640968950171D+01  2.641936500263D+01  2.642916247066D+01
  2.643907889054D+01  2.644911189583D+01  2.645925785135D+01  2.646951373762D+01
  2.647987523219D+01  2.649033859276D+01  2.650089873728D+01  2.651155112581D+01
  2.652228983931D+01  2.653310946024D+01  2.654400315001D+01  2.655496452836D+01
  2.656598574942D+01  2.657705937985D+01  2.658817647363D+01  2.659932844891D+01
  2.661050516160D+01  2.662169678091D+01  2.663289186187D+01  2.664407921970D+01
  2.665524600117D+01  2.666637955803D+01  2.667746551735D+01  2.668848965408D+01
  2.669943596055D+01  2.671028851833D+01  2.672102956716D+01  2.673164137628D+01
  2.674210431301D+01  2.675239871385D+01  2.676250295309D+01  2.677239531393D+01
  2.678205205746D+01  2.679144929429D+01  2.680056105425D+01  2.680936115905D+01
  2.681782129313D+01  2.682591287792D+01  2.683360514452D+01  2.684086700999D+01
  2.684766515260D+01  2.685396589092D+01  2.685973326226D+01  2.686493090544D+01
  2.686952014319D+01  2.687346186948D+01  2.687671463686D+01  2.687923654919D+01
  2.688098335501D+01  2.688191034674D+01  2.688197046109D+01  2.688111618586D+01
  2.687929766859D+01  2.687646463220D+01  2.687256449297D+01  2.686754428635D+01
  2.686134879558D+01  2.685392248888D+01  2.684520766010D+01  2.683514637850D+01
  2.682367864275D+01  2.681074434467D+01  2.679628143777D+01  2.678022791619D+01
  2.676251999902D+01  2.674309412550D+01  2.672188515625D+01  2.669882838578D+01
  2.667385776139D+01  2.664690791380D+01  2.661791239445D+01  2.658680572472D+01
  2.655352165196D+01  2.651799521742D+01  2.648016103095D+01  2.643995535747D+01
  2.639731440975D+01  2.635217645255D+01  2.630448011249D+01  2.625416649846D+01
  2.620117752679D+01  2.614545805585D+01  2.608695422412D+01  2.602561559607D+01
  2.596139350982D+01  2.589424323065D+01  2.582412230410D+01  2.575099271247D+01
  2.567481922826D+01  2.559557156814D+01  2.551322274069D+01  2.542775119129D+01
  2.533913913717D+01  2.524737469581D+01  2.515245019930D+01  2.505436429787D+01
  2.495312024493D+01  2.484872796644D+01  2.474120230715D+01  2.463056505606D+01
  2.451684314371D+01  2.440007061352D+01  2.428028675971D+01  2.415753803386D+01
  2.403187611357D+01  2.390335973358D+01  2.377205267397D+01  2.363802550702D+01
  2.350135349550D+01  2.336211824555D+01  2.322040550677D+01  2.307630672329D+01
  2.292991672884D+01  2.278133519002D+01  2.263066419154D+01  2.247800956831D+01
  2.232347837897D+01  2.216718012671D+01  2.200922412305D+01  2.184972060171D+01
  2.168877797993D+01  2.152650387594D+01  2.136300228230D+01  2.119837450632D+01
  2.103271628051D+01  2.086611865811D+01  2.069866510118D+01  2.053043238224D+01
  2.036148771347D+01  2.019188973275D+01  2.002168576999D+01  1.985091303403D+01
  1.967959615585D+01  1.950774874133D+01  1.933537138254D+01  1.916245379274D+01
  1.898897352267D+01  1.881489892602D+01  1.864018882485D+01  1.846479652230D+01
  1.828867057473D+01  1.811175991032D+01  1.793401562233D+01  1.775539691817D+01
  1.757587343084D+01  1.739543125026D+01  1.721407477231D+01  1.703183165393D+01
  1.684875296318D+01  1.666491588171D+01  1.648042119936D+01  1.629539317955D+01
  1.610997429854D+01  1.592432270332D+01  1.573860511716D+01  1.555299318922D+01
  1.536765607392D+01  1.518275719884D+01  1.499844789082D+01  1.481486565315D+01
  1.463212957782D+01  1.445034050917D+01  1.426957829342D+01  1.408990361996D+01
  1.391135671769D+01  1.373396037830D+01  1.355771956373D+01  1.338262508490D+01
  1.320865363623D+01  1.303577170702D+01  1.286393568939D+01  1.269309573745D+01
  1.252319572745D+01  1.235417689950D+01  1.218597755183D+01  1.201853638546D+01
  1.185179188373D+01  1.168568533493D+01  1.152015989017D+01  1.135516327086D+01
  1.119064652171D+01  1.102656642681D+01  1.086288398657D+01  1.069956657444D+01
  1.053658617179D+01  1.037392130012D+01  1.021155504902D+01  1.004947681836D+01
  9.887680172730D+00  9.726164425594D+00  9.564932350068D+00  9.403991632203D+00
  9.243352462560D+00  9.083028879583D+00  8.923036259034D+00  8.763392560278D+00
  8.604115721755D+00  8.445224813300D+00  8.286737335591D+00  8.128670271079D+00
  7.971037274864D+00  7.813849606812D+00  7.657113193188D+00  7.500829415377D+00
  7.344992017012D+00  7.189587766961D+00  7.034593057048D+00  6.879974575595D+00
  6.725685601732D+00
Vac0 POTENTIAL                      exc: Vosko,Wilk,Nusair      
  2.37798540  6.82500000  2.34921590
   0.00000
   2.59633   0.7247658577   0.8163257545
353
 0.25000000D-01 0.39141124D-03
 0 1
  7.465637898621D-01  7.465408886737D-01  7.465165672273D-01  7.465096754510D-01
  7.465056901093D-01  7.465041598458D-01  7.465027691599D-01  7.465029105342D-01
  7.465027997691D-01  7.465040379479D-01  7.465049405720D-01  7.465071639876D-01
  7.465090585563D-01  7.465123053128D-01  7.465152741335D-01  7.465196630851D-01
  7.465238581537D-01  7.465295735371D-01  7.465352121640D-01  7.465425064894D-01
  7.465498795946D-01  7.465590864366D-01  7.465685754829D-01  7.465801305352D-01
  7.465922329598D-01  7.466067042419D-01  7.466220690087D-01  7.466401985793D-01
  7.466596750136D-01  7.466824359619D-01  7.467071402474D-01  7.467358144065D-01
  7.467672203610D-01  7.468035043656D-01  7.468435674905D-01  7.468897178808D-01
  7.469410434832D-01  7.469999860707D-01  7.470599024963D-01  7.470847080226D-01
  7.470576105764D-01  7.470327523599D-01  7.470083718524D-01  7.469860370112D-01
  7.469640041593D-01  7.469438570909D-01  7.469238662259D-01  7.469056279181D-01
  7.468874238303D-01  7.468708603941D-01  7.468542283305D-01  7.468391422299D-01
  7.468239001711D-01  7.468101234082D-01  7.467961160502D-01  7.467835048344D-01
  7.467705988557D-01  7.467590293872D-01  7.467471096772D-01  7.467364747868D-01
  7.467254414313D-01  7.467156478633D-01  7.467054137194D-01  7.466963799404D-01
  7.466868686392D-01  7.466785230438D-01  7.466696673778D-01  7.466619468164D-01
  7.466536873905D-01  7.466465359487D-01  7.466388200752D-01  7.466321880597D-01
  7.466249688270D-01  7.466188119153D-01  7.466120474119D-01  7.466063259385D-01
  7.465999785950D-01  7.465946569476D-01  7.465886929787D-01  7.465837390835D-01
  7.465781280192D-01  7.465735129058D-01  7.465682271786D-01  7.465639245985D-01
  7.465589392019D-01  7.465549253102D-01  7.465502174927D-01  7.465464705686D-01
  7.465420195751D-01  7.465385197738D-01  7.465343066184D-01  7.465310357641D-01
  7.465270430335D-01  7.465239844309D-01  7.465201961077D-01  7.465173343789D-01
  7.465137356904D-01  7.465110566328D-01  7.465076339127D-01  7.465051243683D-01
  7.465018649385D-01  7.464995126810D-01  7.464964047426D-01  7.464941983751D-01
  7.464912309097D-01  7.464891597728D-01  7.464863224571D-01  7.464843765439D-01
  7.464816596695D-01  7.464798295495D-01  7.464772239488D-01  7.464755007002D-01
  7.464729976787D-01  7.464713728213D-01  7.464689640971D-01  7.464674295310D-01
  7.464651071745D-01  7.464636551262D-01  7.464614115051D-01  7.464600344705D-01
  7.464578621965D-01  7.464565528907D-01  7.464544447687D-01  7.464531960745D-01
  7.464511450536D-01  7.464499499731D-01  7.464479490960D-01  7.464468007010D-01
  7.464448430570D-01  7.464437344414D-01  7.464418131154D-01  7.464407373439D-01
  7.464388453687D-01  7.464377954284D-01  7.464359257319D-01  7.464348944789D-01
  7.464330398324D-01  7.464320199386D-01  7.464301729004D-01  7.464291567969D-01
  7.464273096553D-01  7.464262894720D-01  7.464244341839D-01  7.464234016871D-01
  7.464215298108D-01  7.464204763347D-01  7.464185789616D-01  7.464174953357D-01
  7.464155630143D-01  7.464144394851D-01  7.464124621387D-01  7.464112882847D-01
  7.464092551237D-01  7.464080197632D-01  7.464059191886D-01  7.464046102790D-01
  7.464024297776D-01  7.464010343063D-01  7.463987603359D-01  7.463972641999D-01
  7.463948820641D-01  7.463932699395D-01  7.463907636501D-01  7.463890188468D-01
  7.463863709731D-01  7.463844752779D-01  7.463816667803D-01  7.463796002819D-01
  7.463766103302D-01  7.463743512289D-01  7.463711570009D-01  7.463686813971D-01
  7.463652578576D-01  7.463625395199D-01  7.463588591775D-01  7.463558692868D-01
  7.463519019243D-01  7.463486087918D-01  7.463443211708D-01  7.463406899263D-01
  7.463360454594D-01  7.463320377082D-01  7.463269960987D-01  7.463225695425D-01
  7.463170863856D-01  7.463121944036D-01  7.463062207470D-01  7.463008119338D-01
  7.462942937918D-01  7.462883114474D-01  7.462811892645D-01  7.462745708301D-01
  7.462667788887D-01  7.462594553244D-01  7.462509210902D-01  7.462428161868D-01
  7.462334595859D-01  7.462244892050D-01  7.462142218249D-01  7.462042930593D-01
  7.461930172663D-01  7.461820275121D-01  7.461696354761D-01  7.461574714077D-01
  7.461438440242D-01  7.461303804611D-01  7.461153861606D-01  7.461004848151D-01
  7.460839782466D-01  7.460674863409D-01  7.460493069174D-01  7.460310556538D-01
  7.460110259447D-01  7.459908288157D-01  7.459687527699D-01  7.459464036903D-01
  7.459220646724D-01  7.458973359145D-01  7.458704945343D-01  7.458431344457D-01
  7.458135261587D-01  7.457832566402D-01  7.457505890954D-01  7.457171028122D-01
  7.456810529209D-01  7.456440102204D-01  7.456042209150D-01  7.455632464195D-01
  7.455193230711D-01  7.454740019111D-01  7.454255083688D-01  7.453753820182D-01
  7.453218362304D-01  7.452663979026D-01  7.452072670759D-01  7.451459566334D-01
  7.450806518798D-01  7.450128502055D-01  7.449407206238D-01  7.448657433972D-01
  7.447860695284D-01  7.447031603436D-01  7.446151469328D-01  7.445234696868D-01
  7.444262376798D-01  7.443248681549D-01  7.442174458444D-01  7.441053623975D-01
  7.439866756310D-01  7.438627488941D-01  7.437316102413D-01  7.435945917273D-01
  7.434496884946D-01  7.432981979905D-01  7.431380789598D-01  7.429705905762D-01
  7.427936513292D-01  7.426084780605D-01  7.424129447344D-01  7.422082213680D-01
  7.419921326727D-01  7.417657968665D-01  7.415269841723D-01  7.412767554997D-01
  7.410128207838D-01  7.407361775218D-01  7.404444689349D-01  7.401386223440D-01
  7.398162071340D-01  7.394780729499D-01  7.391217074422D-01  7.387478742631D-01
  7.383539705668D-01  7.379406647825D-01  7.375052538427D-01  7.370483007057D-01
  7.365669912796D-01  7.360617716649D-01  7.355297047378D-01  7.349711070786D-01
  7.343829051721D-01  7.337652719835D-01  7.331149827279D-01  7.324320510478D-01
  7.317130842968D-01  7.309579192662D-01  7.301629769189D-01  7.293278976026D-01
  7.284488951596D-01  7.275253915530D-01  7.265533702643D-01  7.255320102455D-01
  7.244570384988D-01  7.233273632508D-01  7.221384255878D-01  7.208888317241D-01
  7.195737035418D-01  7.181913097977D-01  7.167364153802D-01  7.152069112643D-01
  7.135971622568D-01  7.119046354605D-01  7.101232462252D-01  7.082499848227D-01
  7.062782602501D-01  7.042045247416D-01  7.020216149807D-01  6.997253739754D-01
  6.973079891218D-01  6.947646108419D-01  6.920866867942D-01  6.892685765105D-01
  6.863008808597D-01  6.831770517116D-01  6.798867155201D-01  6.764222767725D-01
  6.727722342490D-01  6.689277766745D-01  6.648760898169D-01  6.606069423160D-01
  6.561059812780D-01  6.513613056919D-01  6.463567475273D-01  6.410784294212D-01
  6.355080274519D-01  6.296293088388D-01  6.234213714882D-01  6.168651562337D-01
  6.099366568543D-01  6.026133998069D-01  5.948676166088D-01  5.866726819669D-01
  5.779962380693D-01  5.688065793628D-01  5.590657152604D-01  5.487356863888D-01
  5.377715483157D-01  5.261275996982D-01  5.137502646728D-01  5.005842078087D-01
  4.865650866354D-01  4.716255215377D-01  4.556876824787D-01  4.386690741262D-01
  4.204749125147D-01  4.010036765398D-01  3.801392255421D-01  3.577560560922D-01
  3.337110997256D-01  3.078487725688D-01  2.799919355888D-01  2.499471191268D-01
  2.174947828021D-01
Vac0 POTENTIAL                      exc: Vosko,Wilk,Nusair      
  1.80145647  6.82500000  1.81203139
   0.00000
   2.10533   0.7247658577   0.8163257545
353
 0.25000000D-01 0.31739093D-03
 0 1
  5.566124108044D-01  5.565766151573D-01  5.565395366572D-01  5.565283080390D-01
  5.565220665901D-01  5.565183484197D-01  5.565154081070D-01  5.565135673184D-01
  5.565118711865D-01  5.565109464636D-01  5.565099801475D-01  5.565096740150D-01
  5.565092584896D-01  5.565094627802D-01  5.565095357678D-01  5.565102199085D-01
  5.565107742634D-01  5.565119496211D-01  5.565130122053D-01  5.565147193389D-01
  5.565163435341D-01  5.565186483874D-01  5.565209128812D-01  5.565239073948D-01
  5.565269182929D-01  5.565307239964D-01  5.565346197394D-01  5.565393938390D-01
  5.565443526085D-01  5.565502968473D-01  5.565565469762D-01  5.565639197990D-01
  5.565717539008D-01  5.565808867921D-01  5.565906806734D-01  5.566020000308D-01
  5.566142377111D-01  5.566282789253D-01  5.566422698020D-01  5.566470310290D-01
  5.566390232793D-01  5.566317996262D-01  5.566245865038D-01  5.566181009919D-01
  5.566115747167D-01  5.566057293632D-01  5.565998006714D-01  5.565945139815D-01
  5.565891083108D-01  5.565843119369D-01  5.565793665165D-01  5.565750027060D-01
  5.565704643068D-01  5.565664839245D-01  5.565623071174D-01  5.565586680867D-01
  5.565548138477D-01  5.565514799303D-01  5.565479145554D-01  5.565448543594D-01
  5.565415485829D-01  5.565387347878D-01  5.565356630641D-01  5.565330717641D-01
  5.565302117015D-01  5.565278218931D-01  5.565251537693D-01  5.565229469173D-01
  5.565204532924D-01  5.565184129721D-01  5.565160783647D-01  5.565141899658D-01
  5.565120005775D-01  5.565102510582D-01  5.565081945487D-01  5.565065722232D-01
  5.565046375167D-01  5.565031318798D-01  5.565013090029D-01  5.564999105765D-01
  5.564981905174D-01  5.564968907264D-01  5.564952653171D-01  5.564940563732D-01
  5.564925181834D-01  5.564913929953D-01  5.564899352482D-01  5.564888873333D-01
  5.564875038252D-01  5.564865272405D-01  5.564852122727D-01  5.564843015517D-01
  5.564830498736D-01  5.564821999678D-01  5.564810067234D-01  5.564802129557D-01
  5.564790736356D-01  5.564783316559D-01  5.564772420585D-01  5.564765478028D-01
  5.564755039950D-01  5.564748536521D-01  5.564738519350D-01  5.564732419135D-01
  5.564722787941D-01  5.564717056904D-01  5.564707778512D-01  5.564702384263D-01
  5.564693426996D-01  5.564688338511D-01  5.564679671932D-01  5.564674859328D-01
  5.564666454032D-01  5.564661888317D-01  5.564653715696D-01  5.564649368574D-01
  5.564641400584D-01  5.564637244229D-01  5.564629453211D-01  5.564625460068D-01
  5.564617818511D-01  5.564613961076D-01  5.564606441432D-01  5.564602692046D-01
  5.564595266503D-01  5.564591597143D-01  5.564584237413D-01  5.564580619482D-01
  5.564573296579D-01  5.564569700652D-01  5.564562384670D-01  5.564558780282D-01
  5.564551440136D-01  5.564547795525D-01  5.564540398706D-01  5.564536680544D-01
  5.564529192835D-01  5.564525365950D-01  5.564517751147D-01  5.564513778217D-01
  5.564505997799D-01  5.564501839024D-01  5.564493851826D-01  5.564489464578D-01
  5.564481226409D-01  5.564476564841D-01  5.564468028094D-01  5.564463042727D-01
  5.564454155936D-01  5.564448793197D-01  5.564439500560D-01  5.564433702286D-01
  5.564423943141D-01  5.564417646029D-01  5.564407354281D-01  5.564400489287D-01
  5.564389592778D-01  5.564382084455D-01  5.564370504272D-01  5.564362270049D-01
  5.564349919759D-01  5.564340869138D-01  5.564327653954D-01  5.564317687627D-01
  5.564303503485D-01  5.564292512371D-01  5.564277244906D-01  5.564265109079D-01
  5.564248632506D-01  5.564235220012D-01  5.564217395888D-01  5.564202561454D-01
  5.564183237310D-01  5.564166820898D-01  5.564145828732D-01  5.564127653959D-01
  5.564104808570D-01  5.564084680958D-01  5.564059778110D-01  5.564037483153D-01
  5.564010297540D-01  5.563985598573D-01  5.563955881579D-01  5.563928517418D-01
  5.563895994640D-01  5.563865676980D-01  5.563830045492D-01  5.563796456028D-01
  5.563757381355D-01  5.563720168609D-01  5.563677281389D-01  5.563636057191D-01
  5.563588949481D-01  5.563543285097D-01  5.563491506297D-01  5.563440928135D-01
  5.563383980478D-01  5.563327965352D-01  5.563265298924D-01  5.563203268816D-01
  5.563134276050D-01  5.563065592324D-01  5.562989601916D-01  5.562913558920D-01
  5.562829829103D-01  5.562745647099D-01  5.562653358212D-01  5.562560175563D-01
  5.562458421835D-01  5.562355286365D-01  5.562243066833D-01  5.562128926284D-01
  5.562005134754D-01  5.561878826229D-01  5.561742240183D-01  5.561602478477D-01
  5.561451746807D-01  5.561297111516D-01  5.561130740958D-01  5.560959662218D-01
  5.560776002367D-01  5.560586745090D-01  5.560383971824D-01  5.560174618274D-01
  5.559950715429D-01  5.559719145950D-01  5.559471885057D-01  5.559215756773D-01
  5.558942674658D-01  5.558659397908D-01  5.558357771916D-01  5.558044484207D-01
  5.557711304808D-01  5.557364842001D-01  5.556996782489D-01  5.556613646939D-01
  5.556207029921D-01  5.555783355231D-01  5.555334115562D-01  5.554865627595D-01
  5.554369271375D-01  5.553851245129D-01  5.553302804336D-01  5.552730016229D-01
  5.552123998527D-01  5.551490673595D-01  5.550821006793D-01  5.550120760261D-01
  5.549380730841D-01  5.548606503450D-01  5.547788688525D-01  5.546932674941D-01
  5.546028866927D-01  5.545082436474D-01  5.544083559674D-01  5.543037168558D-01
  5.541933186786D-01  5.540776280862D-01  5.539556095103D-01  5.538277002154D-01
  5.536928337166D-01  5.535514147527D-01  5.534023426156D-01  5.532459860373D-01
  5.530812064201D-01  5.529083326279D-01  5.527261841066D-01  5.525350455676D-01
  5.523336899867D-01  5.521223531677D-01  5.518997566045D-01  5.516660819120D-01
  5.514199935356D-01  5.511616130328D-01  5.508895416127D-01  5.506038342506D-01
  5.503030220377D-01  5.499870861079D-01  5.496544797746D-01  5.493051022476D-01
  5.489373205309D-01  5.485509429031D-01  5.481442405464D-01  5.477169207614D-01
  5.472671482931D-01  5.467945182456D-01  5.462970770665D-01  5.457742951216D-01
  5.452240872931D-01  5.446457851693D-01  5.440371572034D-01  5.433973804656D-01
  5.427240603032D-01  5.420162015920D-01  5.412712278268D-01  5.404879518005D-01
  5.396635940421D-01  5.387967528367D-01  5.378844219138D-01  5.369249597062D-01
  5.359151061723D-01  5.348529511720D-01  5.337349502846D-01  5.325588921546D-01
  5.313209131384D-01  5.300184634429D-01  5.286473203992D-01  5.272045531778D-01
  5.256855344428D-01  5.240869033809D-01  5.224035754330D-01  5.206317033109D-01
  5.187656844363D-01  5.168011195394D-01  5.147318173441D-01  5.125527502452D-01
  5.102570556636D-01  5.078389881706D-01  5.052909167909D-01  5.026062727775D-01
  4.997765419525D-01  4.967942071244D-01  4.936497343130D-01  4.903345085275D-01
  4.868378124081D-01  4.831497537260D-01  4.792582345676D-01  4.751518684558D-01
  4.708169376704D-01  4.662402972865D-01  4.614063175303D-01  4.562997712398D-01
  4.509027572462D-01  4.451975667209D-01  4.391635823743D-01  4.327801177832D-01
  4.260232856169D-01  4.188688022236D-01  4.112888160000D-01  4.032546671105D-01
  3.947336643389D-01  3.856917866259D-01  3.760903930555D-01  3.658888486976D-01
  3.550411475303D-01  3.434984391186D-01  3.312055398365D-01  3.181033270924D-01
  3.041251015840D-01  2.891989187806D-01  2.732433917829D-01  2.561702970628D-01
  2.378798186349D-01
