In49 POTENTIAL                      exc: Vosko,Wilk,Nusair      
  2.14187055  6.17500000  2.11957662
  49.00000
   2.34253   1.0890103266   0.9652353314
353
 0.25000000D-01 0.35315022D-03
 9 1
    0  -1.96656160000D+03
    0  -2.87428550000D+02
    0  -5.37136240000D+01
    0  -7.39818510000D+00
    1  -2.68528840000D+02
    1  -4.59639090000D+01
    1  -4.86454470000D+00
    2  -3.15522220000D+01
    2  -7.38539920000D-01
  4.728031865953D+02  4.728282047114D+02  4.728537975926D+02  4.728799721388D+02
  4.729067367069D+02  4.729341048603D+02  4.729620859301D+02  4.729906936281D+02
  4.730199375501D+02  4.730498315913D+02  4.730803855508D+02  4.731116134794D+02
  4.731435253377D+02  4.731761353003D+02  4.732094534479D+02  4.732434940408D+02
  4.732782672340D+02  4.733137873287D+02  4.733500645030D+02  4.733871130461D+02
  4.734249431009D+02  4.734635688842D+02  4.735030004375D+02  4.735432518355D+02
  4.735843329435D+02  4.736262576150D+02  4.736690354541D+02  4.737126800038D+02
  4.737572005110D+02  4.738026101072D+02  4.738489175746D+02  4.738961355191D+02
  4.739442721380D+02  4.739933393841D+02  4.740433447342D+02  4.740942993462D+02
  4.741462098259D+02  4.741990863770D+02  4.742529345668D+02  4.743077634687D+02
  4.743635774344D+02  4.744203842020D+02  4.744781866839D+02  4.745369910849D+02
  4.745967986594D+02  4.746576138309D+02  4.747194359452D+02  4.747822673814D+02
  4.748461053007D+02  4.749109497493D+02  4.749767954013D+02  4.750436396531D+02
  4.751114743606D+02  4.751802939244D+02  4.752500870203D+02  4.753208446757D+02
  4.753925519922D+02  4.754651962126D+02  4.755387584363D+02  4.756132216754D+02
  4.756885625622D+02  4.757647593953D+02  4.758417838377D+02  4.759196089523D+02
  4.759982008911D+02  4.760775269193D+02  4.761575470950D+02  4.762382222821D+02
  4.763195058200D+02  4.764013515249D+02  4.764837053491D+02  4.765665133712D+02
  4.766497134448D+02  4.767332431773D+02  4.768170315677D+02  4.769010069743D+02
  4.769850887428D+02  4.770691951618D+02  4.771532350817D+02  4.772371158595D+02
  4.773207349679D+02  4.774039879307D+02  4.774867599227D+02  4.775689336968D+02
  4.776503811757D+02  4.777309713716D+02  4.778105619720D+02  4.778890072525D+02
  4.779661496588D+02  4.780418277155D+02  4.781158676053D+02  4.781880910763D+02
  4.782583070220D+02  4.783263193890D+02  4.783919187608D+02  4.784548902707D+02
  4.785150051918D+02  4.785720288587D+02  4.786257122696D+02  4.786758000204D+02
  4.787220219231D+02  4.787641009589D+02  4.788017449177D+02  4.788346543761D+02
  4.788625143646D+02  4.788850023764D+02  4.789017800699D+02  4.789125013153D+02
  4.789168039398D+02  4.789143178204D+02  4.789046566795D+02  4.788874262323D+02
  4.788622160424D+02  4.788286077327D+02  4.787861669095D+02  4.787344514468D+02
  4.786730034890D+02  4.786013578178D+02  4.785190339435D+02  4.784255445645D+02
  4.783203877566D+02  4.782030555347D+02  4.780730261493D+02  4.779297727602D+02
  4.777727558483D+02  4.776014320090D+02  4.774152464874D+02  4.772136420978D+02
  4.769960518880D+02  4.767619081894D+02  4.765106354143D+02  4.762416592383D+02
  4.759543995307D+02  4.756482796689D+02  4.753227195980D+02  4.749771452712D+02
  4.746109818316D+02  4.742236631682D+02  4.738146252061D+02  4.733833155625D+02
  4.729291869253D+02  4.724517067858D+02  4.719503508800D+02  4.714246129673D+02
  4.708739982992D+02  4.702980334055D+02  4.696962595479D+02  4.690682424654D+02
  4.684135657609D+02  4.677318405494D+02  4.670226987161D+02  4.662858024020D+02
  4.655208370634D+02  4.647275207215D+02  4.639055967460D+02  4.630548427878D+02
  4.621750632038D+02  4.612660975881D+02  4.603278127524D+02  4.593601107709D+02
  4.583629204327D+02  4.573362047204D+02  4.562799516607D+02  4.551941811690D+02
  4.540789352394D+02  4.529342841188D+02  4.517603158066D+02  4.505571415409D+02
  4.493248846379D+02  4.480636853402D+02  4.467736890710D+02  4.454550507693D+02
  4.441079227277D+02  4.427324586346D+02  4.413288012719D+02  4.398970866036D+02
  4.384374317373D+02  4.369499395294D+02  4.354346873472D+02  4.338917327870D+02
  4.323211038832D+02  4.307228066178D+02  4.290968172632D+02  4.274430923444D+02
  4.257615637072D+02  4.240521514022D+02  4.223147617662D+02  4.205493032683D+02
  4.187556873306D+02  4.169338464918D+02  4.150837369102D+02  4.132053573586D+02
  4.112987515136D+02  4.093640255427D+02  4.074013477092D+02  4.054109620089D+02
  4.033931826729D+02  4.013484017782D+02  3.992770771298D+02  3.971797330646D+02
  3.950569417965D+02  3.929093184112D+02  3.907374975451D+02  3.885421251865D+02
  3.863238338508D+02  3.840832346493D+02  3.818208944564D+02  3.795373315238D+02
  3.772329974823D+02  3.749082787552D+02  3.725634849637D+02  3.701988569905D+02
  3.678145619489D+02  3.654107074305D+02  3.629873420377D+02  3.605444743897D+02
  3.580820774777D+02  3.556001104756D+02  3.530985248458D+02  3.505772868427D+02
  3.480363832802D+02  3.454758427184D+02  3.428957390038D+02  3.402962093916D+02
  3.376774543013D+02  3.350397510329D+02  3.323834486027D+02  3.297089761796D+02
  3.270168324174D+02  3.243075883268D+02  3.215818711639D+02  3.188403621762D+02
  3.160837759027D+02  3.133128540746D+02  3.105283421177D+02  3.077309815283D+02
  3.049214863427D+02  3.021005372602D+02  2.992687617804D+02  2.964267340081D+02
  2.935749624312D+02  2.907138990795D+02  2.878439378797D+02  2.849654348489D+02
  2.820787169016D+02  2.791841106640D+02  2.762819567366D+02  2.733726396035D+02
  2.704565978180D+02  2.675343445068D+02  2.646064634867D+02  2.616736125563D+02
  2.587365014514D+02  2.557958785469D+02  2.528524961637D+02  2.499070903457D+02
  2.469603458399D+02  2.440128820176D+02  2.410652294492D+02  2.381178312413D+02
  2.351710369458D+02  2.322251212910D+02  2.292802939670D+02  2.263367315446D+02
  2.233945970286D+02  2.204540777737D+02  2.175154072891D+02  2.145789018693D+02
  2.116449779348D+02  2.087141815335D+02  2.057871963740D+02  2.028648623650D+02
  1.999481715461D+02  1.970382738155D+02  1.941364598835D+02  1.912441542020D+02
  1.883628856783D+02  1.854942693639D+02  1.826399671798D+02  1.798016612816D+02
  1.769810084289D+02  1.741796093526D+02  1.713989618930D+02  1.686404324057D+02
  1.659052147763D+02  1.631943122014D+02  1.605085117219D+02  1.578483871749D+02
  1.552143005826D+02  1.526064367925D+02  1.500248390667D+02  1.474694762367D+02
  1.449403030197D+02  1.424373370454D+02  1.399607081275D+02  1.375107010618D+02
  1.350877512594D+02  1.326924246482D+02  1.303253550538D+02  1.279871835296D+02
  1.256784804842D+02  1.233996952806D+02  1.211511080011D+02  1.189328187696D+02
  1.167447402847D+02  1.145866224057D+02  1.124580710042D+02  1.103585891621D+02
  1.082876038796D+02  1.062445081645D+02  1.042286835888D+02  1.022395350017D+02
  1.002765038429D+02  9.833909286620D+01  9.642686947422D+01  9.453948092605D+01
  9.267664902675D+01  9.083817770663D+01  8.902394120781D+01  8.723388630988D+01
  8.546801629554D+01  8.372639002721D+01  8.200910376082D+01  8.031628896535D+01
  7.864809367373D+01  7.700468051540D+01  7.538620885072D+01  7.379283404076D+01
  7.222469117772D+01  7.068189620747D+01  6.916453169561D+01  6.767265009010D+01
  6.620626168610D+01  6.476534009493D+01  6.334981240573D+01  6.195956681397D+01
  6.059444490599D+01  5.925425134998D+01  5.793874817061D+01  5.664766629726D+01
  5.538070149188D+01  5.413752720785D+01  5.291779133828D+01  5.172112921915D+01
  5.054715971993D+01  4.939549671830D+01  4.826574288689D+01  4.715749828794D+01
  4.607035107352D+01  4.500388332274D+01  4.395765871931D+01  4.293122759759D+01
  4.192411309660D+01
N_07 POTENTIAL                      exc: Vosko,Wilk,Nusair      
  1.63952924  6.17500000  1.64793099
   7.00000
   1.91467   1.0890103266   0.9652353314
353
 0.25000000D-01 0.28864751D-03
 2 1
    0  -2.69998930000D+01
    0  -4.29582100000D-01
  2.633453839559D+01  2.633490072873D+01  2.633527178300D+01  2.633567729044D+01
  2.633609778228D+01  2.633653123773D+01  2.633697627474D+01  2.633743346793D+01
  2.633790218511D+01  2.633838329833D+01  2.633887632020D+01  2.633938220507D+01
  2.633990051876D+01  2.634043225390D+01  2.634097700638D+01  2.634153579413D+01
  2.634210823558D+01  2.634269536948D+01  2.634329683405D+01  2.634391368723D+01
  2.634454558612D+01  2.634519360744D+01  2.634585742708D+01  2.634653814061D+01
  2.634723544299D+01  2.634795044908D+01  2.634868287340D+01  2.634943385066D+01
  2.635020311556D+01  2.635099182334D+01  2.635179972960D+01  2.635262801086D+01
  2.635347644437D+01  2.635434622873D+01  2.635523716367D+01  2.635615047070D+01
  2.635708597289D+01  2.635804491553D+01  2.635902714608D+01  2.636003393957D+01
  2.636106554772D+01  2.636212287456D+01  2.636320581880D+01  2.636431570270D+01
  2.636545245193D+01  2.636661741613D+01  2.636781054884D+01  2.636903322812D+01
  2.637028543635D+01  2.637156858092D+01  2.637288267406D+01  2.637422915348D+01
  2.637560806223D+01  2.637702086929D+01  2.637846764950D+01  2.637994990408D+01
  2.638146774060D+01  2.638302269350D+01  2.638461490398D+01  2.638624594061D+01
  2.638791597916D+01  2.638962662321D+01  2.639137808397D+01  2.639317200087D+01
  2.639500862138D+01  2.639688962160D+01  2.639881528603D+01  2.640078732813D+01
  2.640280607016D+01  2.640487326361D+01  2.640698926908D+01  2.640915587668D+01
  2.641137348585D+01  2.641364392579D+01  2.641596763516D+01  2.641834648256D+01
  2.642078094618D+01  2.642327293417D+01  2.642582296434D+01  2.642843298443D+01
  2.643110355174D+01  2.643383665343D+01  2.643663288601D+01  2.643949427562D+01
  2.644242145746D+01  2.644541649597D+01  2.644848006422D+01  2.645161426398D+01
  2.645481980505D+01  2.645809882527D+01  2.646145206970D+01  2.646488171052D+01
  2.646838852619D+01  2.647197472117D+01  2.647564110496D+01  2.647938991175D+01
  2.648322197927D+01  2.648713956832D+01  2.649114354147D+01  2.649523618246D+01
  2.649941837471D+01  2.650369242051D+01  2.650805921945D+01  2.651252108731D+01
  2.651707893433D+01  2.652173508393D+01  2.652649045067D+01  2.653134735878D+01
  2.653630671988D+01  2.654137085125D+01  2.654654065324D+01  2.655181842727D+01
  2.655720505297D+01  2.656270280582D+01  2.656831253398D+01  2.657403647558D+01
  2.657987543517D+01  2.658583160066D+01  2.659190571935D+01  2.659809991449D+01
  2.660441486080D+01  2.661085260065D+01  2.661741371910D+01  2.662410015950D+01
  2.663091239816D+01  2.663785225930D+01  2.664492008918D+01  2.665211757051D+01
  2.665944489595D+01  2.666690358190D+01  2.667449364130D+01  2.668221639680D+01
  2.669007165287D+01  2.669806050817D+01  2.670618252694D+01  2.671443855061D+01
  2.672282786836D+01  2.673135102786D+01  2.674000700502D+01  2.674879601384D+01
  2.675771667516D+01  2.676676882563D+01  2.677595068549D+01  2.678526166651D+01
  2.679469953874D+01  2.680426323737D+01  2.681395002843D+01  2.682375831457D+01
  2.683368479953D+01  2.684372729283D+01  2.685388187306D+01  2.686414569130D+01
  2.687451413329D+01  2.688498362152D+01  2.689554877616D+01  2.690620521593D+01
  2.691694671769D+01  2.692776801604D+01  2.693866196161D+01  2.694962231937D+01
  2.696064092564D+01  2.697171048510D+01  2.698282172648D+01  2.699396619840D+01
  2.700513342378D+01  2.701631369444D+01  2.702749522440D+01  2.703866694330D+01
  2.704981564865D+01  2.706092879823D+01  2.707199166138D+01  2.708299011049D+01
  2.709390777156D+01  2.710472881494D+01  2.711543510534D+01  2.712600899212D+01
  2.713643045889D+01  2.714667991373D+01  2.715673533868D+01  2.716657508015D+01
  2.717617499877D+01  2.718551126030D+01  2.719455748634D+01  2.720328754621D+01
  2.721167270895D+01  2.721968443681D+01  2.722729153905D+01  2.723446296768D+01
  2.724116497375D+01  2.724736390601D+01  2.725302337050D+01  2.725810703280D+01
  2.726257578186D+01  2.726639053671D+01  2.726950941537D+01  2.727189054711D+01
  2.727348924734D+01  2.727426083648D+01  2.727415782200D+01  2.727313272498D+01
  2.727113527041D+01  2.726811522270D+01  2.726401958547D+01  2.725879544722D+01
  2.725238719192D+01  2.724473935609D+01  2.723579385148D+01  2.722549283494D+01
  2.721377594441D+01  2.720058318283D+01  2.718585216876D+01  2.716952103554D+01
  2.715152569772D+01  2.713180276654D+01  2.711028683326D+01  2.708691340196D+01
  2.706161619055D+01  2.703433008167D+01  2.700498844205D+01  2.697352609192D+01
  2.693987664303D+01  2.690397548666D+01  2.686575715019D+01  2.682515830346D+01
  2.678211513322D+01  2.673656636694D+01  2.668845066412D+01  2.663770965602D+01
  2.658428535197D+01  2.652812319292D+01  2.646916947016D+01  2.640737438977D+01
  2.634268950040D+01  2.627507076477D+01  2.620447599231D+01  2.613086791301D+01
  2.605421160969D+01  2.597447758860D+01  2.589163920518D+01  2.580567572476D+01
  2.571656973477D+01  2.562431018797D+01  2.552888979307D+01  2.543030803211D+01
  2.532856852066D+01  2.522368199006D+01  2.511566360769D+01  2.500453591425D+01
  2.489032609394D+01  2.477306885656D+01  2.465280364721D+01  2.452957746246D+01
  2.440344198987D+01  2.427445634763D+01  2.414268414265D+01  2.400819612507D+01
  2.387106715569D+01  2.373137876569D+01  2.358921602537D+01  2.344467000165D+01
  2.329783452150D+01  2.314880852159D+01  2.299769270225D+01  2.284459176642D+01
  2.268961096279D+01  2.253285821496D+01  2.237444055662D+01  2.221446615649D+01
  2.205304065430D+01  2.189026909368D+01  2.172625217570D+01  2.156108812159D+01
  2.139486887199D+01  2.122768191535D+01  2.105960647785D+01  2.089071537364D+01
  2.072107125479D+01  2.055072856835D+01  2.037972996970D+01  2.020810851063D+01
  2.003588436338D+01  1.986306741139D+01  1.968965447989D+01  1.951563254671D+01
  1.934097671158D+01  1.916565426242D+01  1.898962360386D+01  1.881283935869D+01
  1.863525236086D+01  1.845681578330D+01  1.827748602957D+01  1.809722952552D+01
  1.791602392354D+01  1.773386474443D+01  1.755076588240D+01  1.736676495725D+01
  1.718192196203D+01  1.699632228861D+01  1.681007275053D+01  1.662330191286D+01
  1.643615359957D+01  1.624878512677D+01  1.606135931909D+01  1.587404196708D+01
  1.568699380205D+01  1.550036858274D+01  1.531430624185D+01  1.512893252285D+01
  1.494435388153D+01  1.476065892439D+01  1.457791502909D+01  1.439617132714D+01
  1.421545663767D+01  1.403578350913D+01  1.385714695770D+01  1.367952907738D+01
  1.350289813782D+01  1.332721337742D+01  1.315242414022D+01  1.297847459525D+01
  1.280530271398D+01  1.263284476791D+01  1.246103404103D+01  1.228980503493D+01
  1.211909187277D+01  1.194883218963D+01  1.177896522205D+01  1.160943538938D+01
  1.144019008333D+01  1.127118296061D+01  1.110237145658D+01  1.093371981555D+01
  1.076519635576D+01  1.059677626420D+01  1.042843863885D+01  1.026016907201D+01
  1.009195649112D+01  9.923795548794D+00  9.755683276540D+00  9.587621291323D+00
  9.419612267480D+00  9.251661959734D+00  9.083775488075D+00  8.915959166963D+00
  8.748216588431D+00  8.580550239203D+00  8.412957363634D+00  8.245431349071D+00
  8.077957354736D+00  7.910513538636D+00  7.743066208512D+00  7.575571212184D+00
  7.407968673662D+00
Vac0 POTENTIAL                      exc: Vosko,Wilk,Nusair      
  2.14187055  6.17500000  2.11957662
   0.00000
   2.34253   1.0890103266   0.9652353314
353
 0.25000000D-01 0.35315022D-03
 0 1
  9.366335656320D-01  9.366018102629D-01  9.365685233438D-01  9.365587704320D-01
  9.365533540703D-01  9.365508129512D-01  9.365488092687D-01  9.365484099899D-01
  9.365480037065D-01  9.365489420317D-01  9.365497493571D-01  9.365518524170D-01
  9.365538227684D-01  9.365571206375D-01  9.365603439663D-01  9.365649760995D-01
  9.365696370055D-01  9.365758321461D-01  9.365822048666D-01  9.365902861564D-01
  9.365987476743D-01  9.366091522780D-01  9.366202079402D-01  9.366335190425D-01
  9.366478413183D-01  9.366648342668D-01  9.366833173943D-01  9.367050241491D-01
  9.367288599436D-01  9.367566581052D-01  9.367874404056D-01  9.368231759220D-01
  9.368630448403D-01  9.369092014004D-01  9.369610424160D-01  9.370209757026D-01
  9.370886924641D-01  9.371668145162D-01  9.372469878860D-01  9.372834406389D-01
  9.372530057557D-01  9.372248775401D-01  9.371975045081D-01  9.371722200561D-01
  9.371474927947D-01  9.371246739580D-01  9.371022480251D-01  9.370815804041D-01
  9.370611682353D-01  9.370423882684D-01  9.370237478538D-01  9.370066329343D-01
  9.369895591515D-01  9.369739199540D-01  9.369582377827D-01  9.369439122590D-01
  9.369294714385D-01  9.369163200627D-01  9.369029908603D-01  9.368908928435D-01
  9.368785626508D-01  9.368674128835D-01  9.368559834752D-01  9.368456900545D-01
  9.368350753494D-01  9.368255575623D-01  9.368156818005D-01  9.368068684619D-01
  9.367976646881D-01  9.367894927626D-01  9.367809015766D-01  9.367733150392D-01
  9.367652835531D-01  9.367582324318D-01  9.367507133862D-01  9.367441529541D-01
  9.367371039873D-01  9.367309940852D-01  9.367243770922D-01  9.367186815456D-01
  9.367124621605D-01  9.367071482893D-01  9.367012954132D-01  9.366963336053D-01
  9.366908190246D-01  9.366861823742D-01  9.366809804102D-01  9.366766444004D-01
  9.366717316262D-01  9.366676738530D-01  9.366630288307D-01  9.366592287645D-01
  9.366548318233D-01  9.366512706039D-01  9.366471036444D-01  9.366437638900D-01
  9.366398102077D-01  9.366366758544D-01  9.366329199902D-01  9.366299761483D-01
  9.366264037499D-01  9.366236365730D-01  9.366202342709D-01  9.366176308405D-01
  9.366143861417D-01  9.366119343631D-01  9.366088355470D-01  9.366065240536D-01
  9.366035600840D-01  9.366013781503D-01  9.365985385926D-01  9.365964760538D-01
  9.365937509965D-01  9.365917981756D-01  9.365891781592D-01  9.365873257973D-01
  9.365848017458D-01  9.365830409357D-01  9.365806040953D-01  9.365789262204D-01
  9.365765680959D-01  9.365749647686D-01  9.365726770657D-01  9.365711400694D-01
  9.365689146356D-01  9.365674358679D-01  9.365652646360D-01  9.365638360505D-01
  9.365617109813D-01  9.365603245309D-01  9.365582375547D-01  9.365568851334D-01
  9.365548280919D-01  9.365535014737D-01  9.365514660590D-01  9.365501568383D-01
  9.365481345302D-01  9.365468340550D-01  9.365448160547D-01  9.365435153614D-01
  9.365414925211D-01  9.365401822612D-01  9.365381450117D-01  9.365368153757D-01
  9.365347536475D-01  9.365333942831D-01  9.365312974202D-01  9.365298973454D-01
  9.365277540149D-01  9.365263015223D-01  9.365240996163D-01  9.365225821699D-01
  9.365203086970D-01  9.365187128211D-01  9.365163537903D-01  9.365146649469D-01
  9.365122052405D-01  9.365104076966D-01  9.365078309295D-01  9.365059076106D-01
  9.365031959798D-01  9.365011283111D-01  9.364982624259D-01  9.364960301560D-01
  9.364929888557D-01  9.364905698642D-01  9.364873300159D-01  9.364847001013D-01
  9.364812363766D-01  9.364783690229D-01  9.364746536538D-01  9.364715197736D-01
  9.364675222828D-01  9.364640899343D-01  9.364597768371D-01  9.364560109111D-01
  9.364513453882D-01  9.364472072646D-01  9.364421487999D-01  9.364375959672D-01
  9.364320999490D-01  9.364270855849D-01  9.364211028649D-01  9.364155753738D-01
  9.364090517812D-01  9.364029542828D-01  9.363958300867D-01  9.363890998516D-01
  9.363813091685D-01  9.363738769951D-01  9.363653471333D-01  9.363571366593D-01
  9.363477873957D-01  9.363387143374D-01  9.363284571181D-01  9.363184284305D-01
  9.363071654872D-01  9.362960784354D-01  9.362837018106D-01  9.362714429446D-01
  9.362578334125D-01  9.362442774334D-01  9.362293033091D-01  9.362143118172D-01
  9.361978276402D-01  9.361812477506D-01  9.361630928299D-01  9.361447556437D-01
  9.361247524498D-01  9.361044713633D-01  9.360824237518D-01  9.360599925889D-01
  9.360356838362D-01  9.360108747836D-01  9.359840654165D-01  9.359566267420D-01
  9.359270521390D-01  9.358967056690D-01  9.358640734083D-01  9.358305117406D-01
  9.357944986693D-01  9.357573820911D-01  9.357176310854D-01  9.356765841671D-01
  9.356327005510D-01  9.355873083811D-01  9.355388559677D-01  9.354886599903D-01
  9.354351567049D-01  9.353796501181D-01  9.353205631604D-01  9.352591858291D-01
  9.351939263241D-01  9.351260591556D-01  9.350539762393D-01  9.349789349651D-01
  9.348993092464D-01  9.348163375462D-01  9.347283738762D-01  9.346366357752D-01
  9.345394552526D-01  9.344380267140D-01  9.343306578437D-01  9.342185174715D-01
  9.340998863869D-01  9.339759051421D-01  9.338448247904D-01  9.337077546177D-01
  9.335629127977D-01  9.334113740438D-01  9.332513201724D-01  9.330837876670D-01
  9.329069181388D-01  9.327217057940D-01  9.325262477809D-01  9.323214915493D-01
  9.321054850719D-01  9.318791240847D-01  9.316404021683D-01  9.313901578561D-01
  9.311263245611D-01  9.308496775366D-01  9.305580836314D-01  9.302522480875D-01
  9.299299641041D-01  9.295918594535D-01  9.292356458338D-01  9.288618652824D-01
  9.284681392924D-01  9.280549150018D-01  9.276197140470D-01  9.271628785008D-01
  9.266818194336D-01  9.261767625712D-01  9.256449965283D-01  9.250866181545D-01
  9.244987804010D-01  9.238814373162D-01  9.232315915026D-01  9.225490387185D-01
  9.218306148746D-01  9.210759401922D-01  9.202816656816D-01  9.194472167996D-01
  9.185690393421D-01  9.176463425339D-01  9.166753442581D-01  9.156550134992D-01
  9.145813148170D-01  9.134529500506D-01  9.122656019280D-01  9.110176749204D-01
  9.097045378573D-01  9.083242637976D-01  9.068718714949D-01  9.053450641227D-01
  9.037384694007D-01  9.020493769762D-01  9.002719769790D-01  8.984030958152D-01
  8.964364328650D-01  8.943682943845D-01  8.921918279933D-01  8.899027543035D-01
  8.874935987552D-01  8.849594204960D-01  8.822920410097D-01  8.794857696446D-01
  8.765316283375D-01  8.734230730289D-01  8.701502136021D-01  8.667055302204D-01
  8.630780873661D-01  8.592592438755D-01  8.552368596680D-01  8.510009979226D-01
  8.465381227106D-01  8.418367913398D-01  8.368818406254D-01  8.316600668956D-01
  8.261543980317D-01  8.203495579527D-01  8.142262207894D-01  8.077666558087D-01
  8.009488591150D-01  7.937521738890D-01  7.861513937766D-01  7.781223519390D-01
  7.696359887268D-01  7.606639012906D-01  7.511723661636D-01  7.411278389731D-01
  7.304909200664D-01  7.192217910919D-01  7.072741086980D-01  6.946003613161D-01
  6.811456721431D-01  6.668530552817D-01  6.516571046535D-01  6.354891237466D-01
  6.182706718867D-01  5.999185364437D-01  5.803381023739D-01  5.594281305592D-01
  5.370739117808D-01  5.131518099125D-01  4.875221655912D-01  4.600335550620D-01
  4.305154037821D-01  3.987821853448D-01  3.646249173699D-01  3.278160825779D-01
  2.881003035329D-01
Vac0 POTENTIAL                      exc: Vosko,Wilk,Nusair      
  1.63952924  6.17500000  1.64793099
   0.00000
   1.91467   1.0890103266   0.9652353314
353
 0.25000000D-01 0.28864751D-03
 0 1
  7.168304501572D-01  7.167844054142D-01  7.167367393010D-01  7.167222846134D-01
  7.167142761237D-01  7.167094879665D-01  7.167057321637D-01  7.167033659993D-01
  7.167012184518D-01  7.167000397035D-01  7.166988414682D-01  7.166984706663D-01
  7.166979954183D-01  7.166982982152D-01  7.166984714671D-01  7.166994153677D-01
  7.167002360891D-01  7.167018453219D-01  7.167033594236D-01  7.167056996075D-01
  7.167079916256D-01  7.167111662478D-01  7.167143592668D-01  7.167185123091D-01
  7.167227730264D-01  7.167280961473D-01  7.167336439908D-01  7.167403878050D-01
  7.167475085708D-01  7.167559987306D-01  7.167650634297D-01  7.167757226834D-01
  7.167872132005D-01  7.168005911652D-01  7.168151348338D-01  7.168319481605D-01
  7.168503639029D-01  7.168715237520D-01  7.168928066402D-01  7.169011704253D-01
  7.168910723013D-01  7.168819444487D-01  7.168728493960D-01  7.168646533037D-01
  7.168564252582D-01  7.168490372424D-01  7.168415635202D-01  7.168348807020D-01
  7.168280671848D-01  7.168220032803D-01  7.168157707232D-01  7.168102528355D-01
  7.168045340552D-01  7.167995001545D-01  7.167942377928D-01  7.167896347697D-01
  7.167847795740D-01  7.167805616801D-01  7.167760711042D-01  7.167721987149D-01
  7.167680358158D-01  7.167644744403D-01  7.167606069748D-01  7.167573264407D-01
  7.167537261381D-01  7.167506999355D-01  7.167473419041D-01  7.167445466309D-01
  7.167414088549D-01  7.167388237809D-01  7.167358867172D-01  7.167334934008D-01
  7.167307396343D-01  7.167285216111D-01  7.167259355640D-01  7.167238780839D-01
  7.167214457749D-01  7.167195355758D-01  7.167172444169D-01  7.167154695360D-01
  7.167133081493D-01  7.167116577619D-01  7.167096158368D-01  7.167080801131D-01
  7.167061482716D-01  7.167047182580D-01  7.167028879437D-01  7.167015554579D-01
  7.166998188411D-01  7.166985763790D-01  7.166969262664D-01  7.166957669290D-01
  7.166941966910D-01  7.166931141031D-01  7.166916176091D-01  7.166906058679D-01
  7.166891774255D-01  7.166882310380D-01  7.166868653420D-01  7.166859791783D-01
  7.166846712621D-01  7.166838405096D-01  7.166825857043D-01  7.166818058271D-01
  7.166805997216D-01  7.166798664238D-01  7.166787048277D-01  7.166780140179D-01
  7.166768929319D-01  7.166762406924D-01  7.166751562729D-01  7.166745388282D-01
  7.166734873604D-01  7.166729010492D-01  7.166718789189D-01  7.166713201672D-01
  7.166703238325D-01  7.166697891240D-01  7.166688150896D-01  7.166683009431D-01
  7.166673457332D-01  7.166668486731D-01  7.166659088059D-01  7.166654253363D-01
  7.166644972966D-01  7.166640238766D-01  7.166631040889D-01  7.166626371016D-01
  7.166617219024D-01  7.166612576292D-01  7.166603432364D-01  7.166598778249D-01
  7.166589603086D-01  7.166584897425D-01  7.166575649911D-01  7.166570850560D-01
  7.166561487428D-01  7.166556549901D-01  7.166547025355D-01  7.166541902444D-01
  7.166532167762D-01  7.166526809124D-01  7.166516812231D-01  7.166511163939D-01
  7.166500848933D-01  7.166494852988D-01  7.166484159636D-01  7.166477753435D-01
  7.166466616624D-01  7.166459732388D-01  7.166448081511D-01  7.166440645645D-01
  7.166428403947D-01  7.166420336351D-01  7.166407420198D-01  7.166398633503D-01
  7.166384951587D-01  7.166375350322D-01  7.166360802780D-01  7.166350282458D-01
  7.166334759915D-01  7.166323206009D-01  7.166306588513D-01  7.166293875351D-01
  7.166276031205D-01  7.166262020743D-01  7.166242805214D-01  7.166227345678D-01
  7.166206599582D-01  7.166189523979D-01  7.166167072106D-01  7.166148196581D-01
  7.166123845968D-01  7.166102967980D-01  7.166076506010D-01  7.166053402329D-01
  7.166024594611D-01  7.165999019105D-01  7.165967607155D-01  7.165939288346D-01
  7.165904987014D-01  7.165873625372D-01  7.165836120005D-01  7.165801384972D-01
  7.165760328279D-01  7.165721854965D-01  7.165676863552D-01  7.165634249102D-01
  7.165584899645D-01  7.165537699213D-01  7.165483524231D-01  7.165431246534D-01
  7.165371729717D-01  7.165313832126D-01  7.165248403170D-01  7.165184286281D-01
  7.165112315185D-01  7.165041316823D-01  7.164962107582D-01  7.164883496171D-01
  7.164796279807D-01  7.164709247045D-01  7.164613173908D-01  7.164516826669D-01
  7.164410957921D-01  7.164304309306D-01  7.164187607517D-01  7.164069566963D-01
  7.163940885706D-01  7.163810248052D-01  7.163668320411D-01  7.163523753811D-01
  7.163367179674D-01  7.163207212238D-01  7.163034444247D-01  7.162857449273D-01
  7.162666777297D-01  7.162470956939D-01  7.162260490910D-01  7.162043858131D-01
  7.161811509059D-01  7.161571867674D-01  7.161315326665D-01  7.161050249275D-01
  7.160766964331D-01  7.160473767928D-01  7.160160918288D-01  7.159836637276D-01
  7.159491105053D-01  7.159132461414D-01  7.158750800221D-01  7.158354170529D-01
  7.157932570783D-01  7.157493949713D-01  7.157028200266D-01  7.156543160240D-01
  7.156028605930D-01  7.155492252475D-01  7.154923747179D-01  7.154330669544D-01
  7.153702524233D-01  7.153046740752D-01  7.152352666018D-01  7.151627563655D-01
  7.150860606118D-01  7.150058873562D-01  7.149211345482D-01  7.148324899103D-01
  7.147388300478D-01  7.146408202354D-01  7.145373134670D-01  7.144289501835D-01
  7.143145572565D-01  7.141947476510D-01  7.140683193351D-01  7.139358548708D-01
  7.137961202417D-01  7.136496643635D-01  7.134952178209D-01  7.133332922889D-01
  7.131625791682D-01  7.129835489078D-01  7.127948495277D-01  7.125969058310D-01
  7.123883178015D-01  7.121694596926D-01  7.119388782853D-01  7.116968918404D-01
  7.114419882007D-01  7.111744235896D-01  7.108926205402D-01  7.105967665231D-01
  7.102852116805D-01  7.099580672636D-01  7.096136031492D-01  7.092518460627D-01
  7.088709768518D-01  7.084709284686D-01  7.080497829711D-01  7.076073692344D-01
  7.071416596464D-01  7.066523675141D-01  7.061373434142D-01  7.055961722572D-01
  7.050265692472D-01  7.044279765589D-01  7.037979588571D-01  7.031357995335D-01
  7.024388957277D-01  7.017063540634D-01  7.009353851029D-01  7.001248985127D-01
  6.992718968721D-01  6.983750701862D-01  6.974311889549D-01  6.964386979373D-01
  6.953941083720D-01  6.942955908781D-01  6.931393666969D-01  6.919232995944D-01
  6.906432859700D-01  6.892968455969D-01  6.878795104145D-01  6.863884139112D-01
  6.848186783773D-01  6.831670026940D-01  6.814280477779D-01  6.795980224887D-01
  6.776710669379D-01  6.756428361613D-01  6.735068808929D-01  6.712582285686D-01
  6.688897610712D-01  6.663957925294D-01  6.637684434243D-01  6.610012145177D-01
  6.580853565608D-01  6.550134395208D-01  6.517757169458D-01  6.483636894456D-01
  6.447664625266D-01  6.409743030145D-01  6.369749888646D-01  6.327573568691D-01
  6.283076425554D-01  6.236130170760D-01  6.186579148020D-01  6.134275567250D-01
  6.079042627017D-01  6.020709579619D-01  5.959074661210D-01  5.893939944398D-01
  5.825074026375D-01  5.752246613200D-01  5.675190902249D-01  5.593637826438D-01
  5.507278049146D-01  5.415795776039D-01  5.318830257147D-01  5.216009047332D-01
  5.106908879926D-01  4.991088222725D-01  4.868047348676D-01  4.737259991242D-01
  4.598132388748D-01  4.450033781032D-01  4.292254178873D-01  4.124033327643D-01
  3.944516808551D-01  3.752784951136D-01  3.547800533475D-01  3.328443877567D-01
  3.093452555986D-01
