In49 POTENTIAL                      exc: Vosko,Wilk,Nusair      
  2.14187055  6.17500000  2.11957662
  49.00000
   2.34253   1.0890036194   0.9652355902
353
 0.25000000D-01 0.35315022D-03
 9 1
    0  -1.96656160000D+03
    0  -2.87428550000D+02
    0  -5.37136240000D+01
    0  -7.39818510000D+00
    1  -2.68528840000D+02
    1  -4.59639090000D+01
    1  -4.86454470000D+00
    2  -3.15522220000D+01
    2  -7.38539920000D-01
  4.728031833668D+02  4.728282014830D+02  4.728537943641D+02  4.728799689103D+02
  4.729067334784D+02  4.729341016317D+02  4.729620827015D+02  4.729906903995D+02
  4.730199343215D+02  4.730498283626D+02  4.730803823222D+02  4.731116102507D+02
  4.731435221090D+02  4.731761320716D+02  4.732094502192D+02  4.732434908120D+02
  4.732782640052D+02  4.733137840999D+02  4.733500612742D+02  4.733871098173D+02
  4.734249398721D+02  4.734635656553D+02  4.735029972086D+02  4.735432486066D+02
  4.735843297145D+02  4.736262543860D+02  4.736690322251D+02  4.737126767747D+02
  4.737571972820D+02  4.738026068781D+02  4.738489143455D+02  4.738961322900D+02
  4.739442689089D+02  4.739933361549D+02  4.740433415051D+02  4.740942961170D+02
  4.741462065966D+02  4.741990831477D+02  4.742529313375D+02  4.743077602394D+02
  4.743635742051D+02  4.744203809726D+02  4.744781834545D+02  4.745369878555D+02
  4.745967954300D+02  4.746576106015D+02  4.747194327157D+02  4.747822641519D+02
  4.748461020712D+02  4.749109465198D+02  4.749767921717D+02  4.750436364235D+02
  4.751114711310D+02  4.751802906948D+02  4.752500837907D+02  4.753208414461D+02
  4.753925487626D+02  4.754651929830D+02  4.755387552066D+02  4.756132184457D+02
  4.756885593325D+02  4.757647561656D+02  4.758417806080D+02  4.759196057226D+02
  4.759981976614D+02  4.760775236896D+02  4.761575438653D+02  4.762382190525D+02
  4.763195025904D+02  4.764013482952D+02  4.764837021194D+02  4.765665101415D+02
  4.766497102152D+02  4.767332399477D+02  4.768170283381D+02  4.769010037448D+02
  4.769850855133D+02  4.770691919324D+02  4.771532318524D+02  4.772371126302D+02
  4.773207317387D+02  4.774039847015D+02  4.774867566936D+02  4.775689304677D+02
  4.776503779468D+02  4.777309681428D+02  4.778105587432D+02  4.778890040238D+02
  4.779661464303D+02  4.780418244871D+02  4.781158643770D+02  4.781880878482D+02
  4.782583037940D+02  4.783263161611D+02  4.783919155332D+02  4.784548870432D+02
  4.785150019645D+02  4.785720256317D+02  4.786257090428D+02  4.786757967938D+02
  4.787220186969D+02  4.787640977329D+02  4.788017416920D+02  4.788346511507D+02
  4.788625111396D+02  4.788849991517D+02  4.789017768456D+02  4.789124980913D+02
  4.789168007163D+02  4.789143145973D+02  4.789046534569D+02  4.788874230102D+02
  4.788622128209D+02  4.788286045117D+02  4.787861636891D+02  4.787344482269D+02
  4.786730002697D+02  4.786013545992D+02  4.785190307256D+02  4.784255413474D+02
  4.783203845403D+02  4.782030523192D+02  4.780730229346D+02  4.779297695464D+02
  4.777727526355D+02  4.776014287971D+02  4.774152432766D+02  4.772136388880D+02
  4.769960486793D+02  4.767619049819D+02  4.765106322080D+02  4.762416560332D+02
  4.759543963270D+02  4.756482764667D+02  4.753227163972D+02  4.749771420719D+02
  4.746109786338D+02  4.742236599721D+02  4.738146220118D+02  4.733833123699D+02
  4.729291837346D+02  4.724517035970D+02  4.719503476933D+02  4.714246097827D+02
  4.708739951168D+02  4.702980302254D+02  4.696962563701D+02  4.690682392901D+02
  4.684135625882D+02  4.677318373794D+02  4.670226955489D+02  4.662857992376D+02
  4.655208339020D+02  4.647275175632D+02  4.639055935910D+02  4.630548396362D+02
  4.621750600558D+02  4.612660944437D+02  4.603278096118D+02  4.593601076342D+02
  4.583629173002D+02  4.573362015922D+02  4.562799485370D+02  4.551941780499D+02
  4.540789321252D+02  4.529342810096D+02  4.517603127026D+02  4.505571384424D+02
  4.493248815451D+02  4.480636822534D+02  4.467736859904D+02  4.454550476951D+02
  4.441079196603D+02  4.427324555741D+02  4.413287982188D+02  4.398970835581D+02
  4.384374286998D+02  4.369499365002D+02  4.354346843267D+02  4.338917297755D+02
  4.323211008812D+02  4.307228036255D+02  4.290968142812D+02  4.274430893730D+02
  4.257615607468D+02  4.240521484532D+02  4.223147588291D+02  4.205493003436D+02
  4.187556844186D+02  4.169338435929D+02  4.150837340249D+02  4.132053544873D+02
  4.112987486566D+02  4.093640227005D+02  4.074013448822D+02  4.054109591974D+02
  4.033931798773D+02  4.013483989989D+02  3.992770743671D+02  3.971797303187D+02
  3.950569390679D+02  3.929093157002D+02  3.907374948520D+02  3.885421225117D+02
  3.863238311945D+02  3.840832320120D+02  3.818208918385D+02  3.795373289255D+02
  3.772329949041D+02  3.749082761974D+02  3.725634824267D+02  3.701988544746D+02
  3.678145594546D+02  3.654107049582D+02  3.629873395877D+02  3.605444719624D+02
  3.580820750733D+02  3.556001080946D+02  3.530985224884D+02  3.505772845090D+02
  3.480363809705D+02  3.454758404327D+02  3.428957367423D+02  3.402962071543D+02
  3.376774520882D+02  3.350397488438D+02  3.323834464376D+02  3.297089740382D+02
  3.270168302995D+02  3.243075862319D+02  3.215818690918D+02  3.188403601264D+02
  3.160837738748D+02  3.133128520681D+02  3.105283401322D+02  3.077309795632D+02
  3.049214843976D+02  3.021005353348D+02  2.992687598742D+02  2.964267321209D+02
  2.935749605628D+02  2.907138972299D+02  2.878439360488D+02  2.849654330369D+02
  2.820787151086D+02  2.791841088904D+02  2.762819549828D+02  2.733726378700D+02
  2.704565961052D+02  2.675343428153D+02  2.646064618172D+02  2.616736109091D+02
  2.587364998273D+02  2.557958769463D+02  2.528524945873D+02  2.499070887940D+02
  2.469603443137D+02  2.440128805174D+02  2.410652279758D+02  2.381178297956D+02
  2.351710355286D+02  2.322251199034D+02  2.292802926101D+02  2.263367302196D+02
  2.233945957368D+02  2.204540765164D+02  2.175154060677D+02  2.145789006850D+02
  2.116449767891D+02  2.087141804277D+02  2.057871953093D+02  2.028648613426D+02
  1.999481705670D+02  1.970382728807D+02  1.941364589939D+02  1.912441533584D+02
  1.883628848815D+02  1.854942686146D+02  1.826399664788D+02  1.798016606297D+02
  1.769810078272D+02  1.741796088023D+02  1.713989613957D+02  1.686404319633D+02
  1.659052143913D+02  1.631943118766D+02  1.605085114609D+02  1.578483869816D+02
  1.552143004615D+02  1.526064367484D+02  1.500248391045D+02  1.474694763611D+02
  1.449403032352D+02  1.424373373556D+02  1.399607085353D+02  1.375107015689D+02
  1.350877518667D+02  1.326924253556D+02  1.303253558606D+02  1.279871844346D+02
  1.256784814860D+02  1.233996963778D+02  1.211511091924D+02  1.189328200539D+02
  1.167447416609D+02  1.145866238727D+02  1.124580725607D+02  1.103585908064D+02
  1.082876056099D+02  1.062445099779D+02  1.042286854819D+02  1.022395369703D+02
  1.002765058816D+02  9.833909496866D+01  9.642687163311D+01  9.453948313296D+01
  9.267665127233D+01  9.083817998057D+01  8.902394349903D+01  8.723388860655D+01
  8.546801858532D+01  8.372639229733D+01  8.200910599829D+01  8.031629115708D+01
  7.864809580675D+01  7.700468257699D+01  7.538621082859D+01  7.379283592321D+01
  7.222469295380D+01  7.068189786711D+01  6.916453322980D+01  6.767265149103D+01
  6.620626294737D+01  6.476534121170D+01  6.334981337500D+01  6.195956763475D+01
  6.059444557965D+01  5.925425188048D+01  5.793874856486D+01  5.664766656525D+01
  5.538070164689D+01  5.413752726637D+01  5.291779131975D+01  5.172112914543D+01
  5.054715961444D+01  4.939549660493D+01  4.826574278877D+01  4.715749822609D+01
  4.607035106578D+01  4.500388338283D+01  4.395765885635D+01  4.293122781605D+01
  4.192411339665D+01
N_07 POTENTIAL                      exc: Vosko,Wilk,Nusair      
  1.63952924  6.17500000  1.64793099
   7.00000
   1.91467   1.0890036194   0.9652355902
353
 0.25000000D-01 0.28864751D-03
 2 1
    0  -2.69998930000D+01
    0  -4.29582100000D-01
  2.633453836901D+01  2.633490070198D+01  2.633527175604D+01  2.633567726342D+01
  2.633609775523D+01  2.633653121066D+01  2.633697624766D+01  2.633743344085D+01
  2.633790215803D+01  2.633838327126D+01  2.633887629312D+01  2.633938217800D+01
  2.633990049170D+01  2.634043222684D+01  2.634097697933D+01  2.634153576709D+01
  2.634210820855D+01  2.634269534246D+01  2.634329680703D+01  2.634391366022D+01
  2.634454555913D+01  2.634519358046D+01  2.634585740011D+01  2.634653811365D+01
  2.634723541604D+01  2.634795042215D+01  2.634868284648D+01  2.634943382375D+01
  2.635020308867D+01  2.635099179647D+01  2.635179970275D+01  2.635262798402D+01
  2.635347641755D+01  2.635434620192D+01  2.635523713689D+01  2.635615044393D+01
  2.635708594616D+01  2.635804488881D+01  2.635902711939D+01  2.636003391289D+01
  2.636106552107D+01  2.636212284793D+01  2.636320579219D+01  2.636431567612D+01
  2.636545242537D+01  2.636661738959D+01  2.636781052234D+01  2.636903320164D+01
  2.637028540990D+01  2.637156855449D+01  2.637288264767D+01  2.637422912712D+01
  2.637560803589D+01  2.637702084299D+01  2.637846762322D+01  2.637994987784D+01
  2.638146771440D+01  2.638302266732D+01  2.638461487784D+01  2.638624591450D+01
  2.638791595310D+01  2.638962659718D+01  2.639137805798D+01  2.639317197491D+01
  2.639500859547D+01  2.639688959573D+01  2.639881526020D+01  2.640078730234D+01
  2.640280604441D+01  2.640487323791D+01  2.640698924342D+01  2.640915585107D+01
  2.641137346029D+01  2.641364390027D+01  2.641596760969D+01  2.641834645714D+01
  2.642078092081D+01  2.642327290885D+01  2.642582293908D+01  2.642843295921D+01
  2.643110352658D+01  2.643383662832D+01  2.643663286097D+01  2.643949425063D+01
  2.644242143253D+01  2.644541647110D+01  2.644848003941D+01  2.645161423922D+01
  2.645481978037D+01  2.645809880065D+01  2.646145204514D+01  2.646488168602D+01
  2.646838850176D+01  2.647197469680D+01  2.647564108067D+01  2.647938988752D+01
  2.648322195512D+01  2.648713954423D+01  2.649114351746D+01  2.649523615852D+01
  2.649941835084D+01  2.650369239672D+01  2.650805919573D+01  2.651252106367D+01
  2.651707891077D+01  2.652173506044D+01  2.652649042725D+01  2.653134733544D+01
  2.653630669662D+01  2.654137082806D+01  2.654654063014D+01  2.655181840425D+01
  2.655720503003D+01  2.656270278296D+01  2.656831251120D+01  2.657403645287D+01
  2.657987541254D+01  2.658583157811D+01  2.659190569688D+01  2.659809989209D+01
  2.660441483849D+01  2.661085257841D+01  2.661741369693D+01  2.662410013741D+01
  2.663091237614D+01  2.663785223734D+01  2.664492006729D+01  2.665211754869D+01
  2.665944487420D+01  2.666690356020D+01  2.667449361966D+01  2.668221637522D+01
  2.669007163134D+01  2.669806048669D+01  2.670618250550D+01  2.671443852922D+01
  2.672282784700D+01  2.673135100653D+01  2.674000698372D+01  2.674879599255D+01
  2.675771665388D+01  2.676676880436D+01  2.677595066422D+01  2.678526164523D+01
  2.679469951744D+01  2.680426321604D+01  2.681395000707D+01  2.682375829315D+01
  2.683368477806D+01  2.684372727128D+01  2.685388185143D+01  2.686414566957D+01
  2.687451411145D+01  2.688498359955D+01  2.689554875405D+01  2.690620519366D+01
  2.691694669524D+01  2.692776799339D+01  2.693866193874D+01  2.694962229627D+01
  2.696064090228D+01  2.697171046144D+01  2.698282170252D+01  2.699396617409D+01
  2.700513339911D+01  2.701631366937D+01  2.702749519890D+01  2.703866691733D+01
  2.704981562219D+01  2.706092877123D+01  2.707199163381D+01  2.708299008230D+01
  2.709390774271D+01  2.710472878539D+01  2.711543507504D+01  2.712600896101D+01
  2.713643042693D+01  2.714667988086D+01  2.715673530485D+01  2.716657504529D+01
  2.717617496281D+01  2.718551122318D+01  2.719455744800D+01  2.720328750657D+01
  2.721167266794D+01  2.721968439433D+01  2.722729149504D+01  2.723446292203D+01
  2.724116492639D+01  2.724736385683D+01  2.725302331941D+01  2.725810697970D+01
  2.726257572663D+01  2.726639047924D+01  2.726950935555D+01  2.727189048482D+01
  2.727348918244D+01  2.727426076885D+01  2.727415775150D+01  2.727313265146D+01
  2.727113519373D+01  2.726811514270D+01  2.726401950200D+01  2.725879536010D+01
  2.725238710099D+01  2.724473926116D+01  2.723579375239D+01  2.722549273148D+01
  2.721377583639D+01  2.720058307004D+01  2.718585205100D+01  2.716952091259D+01
  2.715152556936D+01  2.713180263254D+01  2.711028669339D+01  2.708691325596D+01
  2.706161603818D+01  2.703432992267D+01  2.700498827616D+01  2.697352591888D+01
  2.693987646255D+01  2.690397529846D+01  2.686575695400D+01  2.682515809897D+01
  2.678211492013D+01  2.673656614495D+01  2.668845043293D+01  2.663770941530D+01
  2.658428510142D+01  2.652812293221D+01  2.646916919898D+01  2.640737410778D+01
  2.634268920727D+01  2.627507046018D+01  2.620447567593D+01  2.613086758451D+01
  2.605421126876D+01  2.597447723490D+01  2.589163883841D+01  2.580567534459D+01
  2.571656934092D+01  2.562430978011D+01  2.552888937094D+01  2.543030759542D+01
  2.532856806916D+01  2.522368152349D+01  2.511566312583D+01  2.500453541687D+01
  2.489032558087D+01  2.477306832762D+01  2.465280310225D+01  2.452957690138D+01
  2.440344141258D+01  2.427445575406D+01  2.414268353280D+01  2.400819549894D+01
  2.387106651334D+01  2.373137810721D+01  2.358921535092D+01  2.344466931140D+01
  2.329783381568D+01  2.314880780050D+01  2.299769196621D+01  2.284459101582D+01
  2.268961019809D+01  2.253285743665D+01  2.237443976528D+01  2.221446535273D+01
  2.205303983882D+01  2.189026826724D+01  2.172625133914D+01  2.156108727582D+01
  2.139486801799D+01  2.122768105418D+01  2.105960561070D+01  2.089071450178D+01
  2.072107037961D+01  2.055072769136D+01  2.037972909258D+01  2.020810763521D+01
  2.003588349170D+01  1.986306654569D+01  1.968965362267D+01  1.951563170071D+01
  1.934097587983D+01  1.916565344824D+01  1.898962281084D+01  1.881283859066D+01
  1.863525162182D+01  1.845681507733D+01  1.827748536067D+01  1.809722889743D+01
  1.791602333949D+01  1.773386420687D+01  1.755076539274D+01  1.736676451557D+01
  1.718192156685D+01  1.699632193674D+01  1.681007243701D+01  1.662330163101D+01
  1.643615334118D+01  1.624878488237D+01  1.606135907835D+01  1.587404171920D+01
  1.568699353617D+01  1.550036828833D+01  1.531430590905D+01  1.512893214270D+01
  1.494435344613D+01  1.476065842700D+01  1.457791446416D+01  1.439617069026D+01
  1.421545592555D+01  1.403578271947D+01  1.385714608914D+01  1.367952812938D+01
  1.350289711060D+01  1.332721227186D+01  1.315242295783D+01  1.297847333811D+01
  1.280530138471D+01  1.263284336964D+01  1.246103257742D+01  1.228980351012D+01
  1.211909029143D+01  1.194883055691D+01  1.177896354366D+01  1.160943367153D+01
  1.144018833277D+01  1.127118118460D+01  1.110236966292D+01  1.093371801255D+01
  1.076519455220D+01  1.059677446930D+01  1.042843686226D+01  1.026016732368D+01
  1.009195478133D+01  9.923793887950D+00  9.755681675176D+00  9.587619759930D+00
  9.419610816404D+00  9.251660599016D+00  9.083774227313D+00  8.915958015129D+00
  8.748215553703D+00  8.580549328761D+00  8.412956583475D+00  8.245430703783D+00
  8.077956847311D+00  7.910513170240D+00  7.743065978295D+00  7.575571117088D+00
  7.407968708254D+00
Vac0 POTENTIAL                      exc: Vosko,Wilk,Nusair      
  2.14187055  6.17500000  2.11957662
   0.00000
   2.34253   1.0890036194   0.9652355902
353
 0.25000000D-01 0.35315022D-03
 0 1
  9.366338372618D-01  9.366020824271D-01  9.365687960694D-01  9.365590428587D-01
  9.365536262793D-01  9.365510851291D-01  9.365490813389D-01  9.365486820079D-01
  9.365482756532D-01  9.365492139510D-01  9.365500212548D-01  9.365521242447D-01
  9.365540946109D-01  9.365573924433D-01  9.365606157681D-01  9.365652478887D-01
  9.365699088475D-01  9.365761039775D-01  9.365824767549D-01  9.365905581052D-01
  9.365990197184D-01  9.366094244388D-01  9.366204802743D-01  9.366337915776D-01
  9.366481141009D-01  9.366651073751D-01  9.366835909080D-01  9.367052981865D-01
  9.367291345772D-01  9.367569334887D-01  9.367877167368D-01  9.368234533674D-01
  9.368633236671D-01  9.369094818808D-01  9.369613249011D-01  9.370212606194D-01
  9.370889803083D-01  9.371671058660D-01  9.372472829683D-01  9.372837377943D-01
  9.372533019875D-01  9.372251729014D-01  9.371977990582D-01  9.371725138183D-01
  9.371477858224D-01  9.371249662734D-01  9.371025396767D-01  9.370818714160D-01
  9.370614586431D-01  9.370426780874D-01  9.370240371269D-01  9.370069216730D-01
  9.369898473932D-01  9.369742077070D-01  9.369585250814D-01  9.369441991104D-01
  9.369297578714D-01  9.369166060851D-01  9.369032765060D-01  9.368911781087D-01
  9.368788475707D-01  9.368676974503D-01  9.368562677183D-01  9.368459739756D-01
  9.368353589730D-01  9.368258408926D-01  9.368159648582D-01  9.368071512395D-01
  9.367979472146D-01  9.367897750300D-01  9.367811836138D-01  9.367735968423D-01
  9.367655651347D-01  9.367585137942D-01  9.367509945501D-01  9.367444339135D-01
  9.367373847631D-01  9.367312746698D-01  9.367246575085D-01  9.367189617831D-01
  9.367127422419D-01  9.367074282064D-01  9.367015751845D-01  9.366966132242D-01
  9.366910985093D-01  9.366864617171D-01  9.366812596304D-01  9.366769234866D-01
  9.366720105992D-01  9.366679527045D-01  9.366633075788D-01  9.366595073979D-01
  9.366551103617D-01  9.366515490362D-01  9.366473819896D-01  9.366440421371D-01
  9.366400883758D-01  9.366369539327D-01  9.366331979958D-01  9.366302540710D-01
  9.366266816068D-01  9.366239143544D-01  9.366205119925D-01  9.366179084947D-01
  9.366146637427D-01  9.366122119005D-01  9.366091130379D-01  9.366068014877D-01
  9.366038374784D-01  9.366016554941D-01  9.365988159012D-01  9.365967533159D-01
  9.365940282294D-01  9.365920753694D-01  9.365894553285D-01  9.365876029309D-01
  9.365850788614D-01  9.365833180219D-01  9.365808811675D-01  9.365792032681D-01
  9.365768451357D-01  9.365752417885D-01  9.365729540818D-01  9.365714170713D-01
  9.365691916382D-01  9.365677128613D-01  9.365655416360D-01  9.365641130455D-01
  9.365619879873D-01  9.365606015368D-01  9.365585145766D-01  9.365571621603D-01
  9.365551051397D-01  9.365537785317D-01  9.365517431429D-01  9.365504339365D-01
  9.365484116594D-01  9.365471112048D-01  9.365450932396D-01  9.365437925720D-01
  9.365417697728D-01  9.365404595433D-01  9.365384223400D-01  9.365370927397D-01
  9.365350310629D-01  9.365336717401D-01  9.365315749340D-01  9.365301749063D-01
  9.365280316387D-01  9.365265791991D-01  9.365243773618D-01  9.365228599741D-01
  9.365205865762D-01  9.365189907651D-01  9.365166318161D-01  9.365149430439D-01
  9.365124834258D-01  9.365106859600D-01  9.365081092881D-01  9.365061860543D-01
  9.365034745259D-01  9.365014069499D-01  9.364985411747D-01  9.364963090053D-01
  9.364932678228D-01  9.364908489402D-01  9.364876092179D-01  9.364849794207D-01
  9.364815158309D-01  9.364786486036D-01  9.364749333788D-01  9.364717996348D-01
  9.364678022980D-01  9.364643700955D-01  9.364600571629D-01  9.364562913938D-01
  9.364516260464D-01  9.364474880909D-01  9.364424298135D-01  9.364378771608D-01
  9.364323813424D-01  9.364273671713D-01  9.364213846641D-01  9.364158573796D-01
  9.364093340139D-01  9.364032367366D-01  9.363961127824D-01  9.363893827838D-01
  9.363815923586D-01  9.363741604382D-01  9.363656308511D-01  9.363574206476D-01
  9.363480716772D-01  9.363389989083D-01  9.363287420015D-01  9.363187136233D-01
  9.363074510134D-01  9.362963642927D-01  9.362839880234D-01  9.362717295115D-01
  9.362581203589D-01  9.362445647586D-01  9.362295910394D-01  9.362145999529D-01
  9.361981162085D-01  9.361815367529D-01  9.361633822943D-01  9.361450455726D-01
  9.361250428727D-01  9.361047622837D-01  9.360827152003D-01  9.360602845703D-01
  9.360359763825D-01  9.360111679009D-01  9.359843591384D-01  9.359569210761D-01
  9.359273471203D-01  9.358970013069D-01  9.358643697394D-01  9.358308087761D-01
  9.357947964477D-01  9.357576806253D-01  9.357179304161D-01  9.356768843094D-01
  9.356330015477D-01  9.355876102495D-01  9.355391587529D-01  9.354889637123D-01
  9.354354614114D-01  9.353799558315D-01  9.353208699313D-01  9.352594936830D-01
  9.351942353144D-01  9.351263693110D-01  9.350542876168D-01  9.349792475966D-01
  9.348996231924D-01  9.348166528424D-01  9.347286905869D-01  9.346369539403D-01
  9.345397749406D-01  9.344383479691D-01  9.343309807391D-01  9.342188420559D-01
  9.341002127385D-01  9.339762333150D-01  9.338451548679D-01  9.337080866595D-01
  9.335632468928D-01  9.334117102579D-01  9.332516586009D-01  9.330841283819D-01
  9.329072612423D-01  9.327220513651D-01  9.325265959289D-01  9.323218423607D-01
  9.321058386638D-01  9.318794805516D-01  9.316407616355D-01  9.313905204268D-01
  9.311266903695D-01  9.308500466950D-01  9.305584562835D-01  9.302526243553D-01
  9.299303441412D-01  9.295922433924D-01  9.292360338387D-01  9.288622574965D-01
  9.284685358912D-01  9.280553161399D-01  9.276201199114D-01  9.271632892582D-01
  9.266822352831D-01  9.261771836917D-01  9.256454231315D-01  9.250870504317D-01
  9.244992185768D-01  9.238818815947D-01  9.232320421212D-01  9.225494958941D-01
  9.218310788572D-01  9.210764112114D-01  9.202821439999D-01  9.194477026585D-01
  9.185695330156D-01  9.176468442749D-01  9.166758543512D-01  9.156555322071D-01
  9.145818424333D-01  9.134534868461D-01  9.122661482033D-01  9.110182309518D-01
  9.097051039495D-01  9.083248402293D-01  9.068724585712D-01  9.053456621206D-01
  9.037390786212D-01  9.020499976895D-01  9.002726094763D-01  8.984037403536D-01
  8.964370897192D-01  8.943689637911D-01  8.921925102020D-01  8.899034495212D-01
  8.874943071971D-01  8.849601423289D-01  8.822927764027D-01  8.794865187123D-01
  8.765323911897D-01  8.734238497139D-01  8.701510041559D-01  8.667063346091D-01
  8.630789055349D-01  8.592600756909D-01  8.552377049662D-01  8.510018564511D-01
  8.465389941767D-01  8.418376753514D-01  8.368827367396D-01  8.316609745591D-01
  8.261553166293D-01  8.203504867476D-01  8.142271589716D-01  8.077676024357D-01
  8.009498131602D-01  7.937531341829D-01  7.861523590557D-01  7.781233207875D-01
  7.696369596268D-01  7.606648725646D-01  7.511733360262D-01  7.411288054751D-01
  7.304918811485D-01  7.192227445314D-01  7.072750521654D-01  6.946012923245D-01
  6.811465881098D-01  6.668539534820D-01  6.516579822874D-01  6.354899779000D-01
  6.182714996063D-01  5.999193347069D-01  5.803388681756D-01  5.594288608949D-01
  5.370746037500D-01  5.131524607197D-01  4.875227726723D-01  4.600341161101D-01
  4.305159169029D-01  3.987826491240D-01  3.646253310384D-01  3.278164461311D-01
  2.881006179215D-01
Vac0 POTENTIAL                      exc: Vosko,Wilk,Nusair      
  1.63952924  6.17500000  1.64793099
   0.00000
   1.91467   1.0890036194   0.9652355902
353
 0.25000000D-01 0.28864751D-03
 0 1
  7.168324103361D-01  7.167863641401D-01  7.167386965349D-01  7.167242420769D-01
  7.167162337949D-01  7.167114455529D-01  7.167076898784D-01  7.167053237909D-01
  7.167031762496D-01  7.167019974998D-01  7.167007993381D-01  7.167004285646D-01
  7.166999533653D-01  7.167002562265D-01  7.167004294988D-01  7.167013734591D-01
  7.167021942217D-01  7.167038035121D-01  7.167053176708D-01  7.167076579456D-01
  7.167099500135D-01  7.167131247263D-01  7.167163178421D-01  7.167204709956D-01
  7.167247318375D-01  7.167300550974D-01  7.167356031189D-01  7.167423471073D-01
  7.167494681113D-01  7.167579585103D-01  7.167670235234D-01  7.167776831253D-01
  7.167891740450D-01  7.168025524833D-01  7.168170967071D-01  7.168339106786D-01
  7.168523271692D-01  7.168734878909D-01  7.168947716945D-01  7.169031359514D-01
  7.168930375658D-01  7.168839094729D-01  7.168748141861D-01  7.168666178790D-01
  7.168583896271D-01  7.168510014215D-01  7.168435275052D-01  7.168368445145D-01
  7.168300308180D-01  7.168239667553D-01  7.168177340493D-01  7.168122160131D-01
  7.168064970912D-01  7.168014630575D-01  7.167962005672D-01  7.167915974220D-01
  7.167867421118D-01  7.167825241036D-01  7.167780334208D-01  7.167741609348D-01
  7.167699979305D-01  7.167664364656D-01  7.167625689075D-01  7.167592882887D-01
  7.167556879026D-01  7.167526616203D-01  7.167493035120D-01  7.167465081661D-01
  7.167433703236D-01  7.167407851803D-01  7.167378480531D-01  7.167354546732D-01
  7.167327008487D-01  7.167304827703D-01  7.167278966682D-01  7.167258391348D-01
  7.167234067800D-01  7.167214965340D-01  7.167192053269D-01  7.167174304041D-01
  7.167152689736D-01  7.167136185486D-01  7.167115765864D-01  7.167100408248D-01
  7.167081089484D-01  7.167066789014D-01  7.167048485579D-01  7.167035160425D-01
  7.167017793972D-01  7.167005369096D-01  7.166988867706D-01  7.166977274083D-01
  7.166961571471D-01  7.166950745409D-01  7.166935780259D-01  7.166925662656D-01
  7.166911378063D-01  7.166901914045D-01  7.166888256920D-01  7.166879395160D-01
  7.166866315871D-01  7.166858008246D-01  7.166845460079D-01  7.166837661242D-01
  7.166825600095D-01  7.166818267061D-01  7.166806651038D-01  7.166799742914D-01
  7.166788532015D-01  7.166782009608D-01  7.166771165393D-01  7.166764990949D-01
  7.166754476275D-01  7.166748613216D-01  7.166738391929D-01  7.166732804469D-01
  7.166722841164D-01  7.166717494165D-01  7.166707753889D-01  7.166702612522D-01
  7.166693060516D-01  7.166688090043D-01  7.166678691477D-01  7.166673856930D-01
  7.166664576673D-01  7.166659842639D-01  7.166650644928D-01  7.166645975252D-01
  7.166636823440D-01  7.166632180927D-01  7.166623037209D-01  7.166618383340D-01
  7.166609208408D-01  7.166604503018D-01  7.166595255767D-01  7.166590456717D-01
  7.166581093874D-01  7.166576156673D-01  7.166566632441D-01  7.166561509890D-01
  7.166551775551D-01  7.166546417300D-01  7.166536420785D-01  7.166530772916D-01
  7.166520458319D-01  7.166514462827D-01  7.166503769922D-01  7.166497364209D-01
  7.166486227881D-01  7.166479344167D-01  7.166467693812D-01  7.166460258509D-01
  7.166448017372D-01  7.166439950383D-01  7.166427034833D-01  7.166418248790D-01
  7.166404567521D-01  7.166394966954D-01  7.166380420111D-01  7.166369900535D-01
  7.166354378742D-01  7.166342825635D-01  7.166326208943D-01  7.166313496638D-01
  7.166295653354D-01  7.166281643806D-01  7.166262429203D-01  7.166246970648D-01
  7.166226225542D-01  7.166209150988D-01  7.166186700177D-01  7.166167825773D-01
  7.166143476302D-01  7.166122599514D-01  7.166096138762D-01  7.166073036365D-01
  7.166044229957D-01  7.166018655826D-01  7.165987245276D-01  7.165958927940D-01
  7.165924628110D-01  7.165893268047D-01  7.165855764290D-01  7.165821030949D-01
  7.165779975982D-01  7.165741504482D-01  7.165696514921D-01  7.165653902414D-01
  7.165604554946D-01  7.165557356597D-01  7.165503183752D-01  7.165450908291D-01
  7.165391393768D-01  7.165333498577D-01  7.165268072087D-01  7.165203957777D-01
  7.165131989330D-01  7.165060993739D-01  7.164981787349D-01  7.164903178916D-01
  7.164815965620D-01  7.164728936063D-01  7.164632866228D-01  7.164536522438D-01
  7.164430657247D-01  7.164324012347D-01  7.164207314391D-01  7.164089277839D-01
  7.163960600715D-01  7.163829967376D-01  7.163688044193D-01  7.163543482249D-01
  7.163386912923D-01  7.163226950511D-01  7.163054187716D-01  7.162877198166D-01
  7.162686531806D-01  7.162490717309D-01  7.162280257350D-01  7.162063630907D-01
  7.161831288400D-01  7.161591653869D-01  7.161335119965D-01  7.161070049992D-01
  7.160786772741D-01  7.160493584368D-01  7.160180743062D-01  7.159856470749D-01
  7.159510947559D-01  7.159152313348D-01  7.158770661950D-01  7.158374042481D-01
  7.157952453361D-01  7.157513843383D-01  7.157048105467D-01  7.156563077479D-01
  7.156048535690D-01  7.155512195306D-01  7.154943703611D-01  7.154350640175D-01
  7.153722509642D-01  7.153066741591D-01  7.152372682922D-01  7.151647597332D-01
  7.150880657263D-01  7.150078942947D-01  7.149231433868D-01  7.148345007329D-01
  7.147408429377D-01  7.146428352841D-01  7.145393307653D-01  7.144309698312D-01
  7.143165793530D-01  7.141967723048D-01  7.140703466549D-01  7.139378849746D-01
  7.137981532482D-01  7.136517004012D-01  7.134972570194D-01  7.133353347878D-01
  7.131646251089D-01  7.129855984422D-01  7.127969028097D-01  7.125989630259D-01
  7.123903790767D-01  7.121715252274D-01  7.119409482620D-01  7.116989664535D-01
  7.114440676481D-01  7.111765080821D-01  7.108947102926D-01  7.105988617634D-01
  7.102873126413D-01  7.099601741914D-01  7.096157162955D-01  7.092539656933D-01
  7.088731032380D-01  7.084730618968D-01  7.080519237332D-01  7.076095176381D-01
  7.071438160052D-01  7.066545321573D-01  7.061395166778D-01  7.055983544926D-01
  7.050287608128D-01  7.044301778286D-01  7.038001702118D-01  7.031380213694D-01
  7.024411284475D-01  7.017085980847D-01  7.009376408491D-01  7.001271664217D-01
  6.992741773863D-01  6.983773637611D-01  6.974334960492D-01  6.964410190211D-01
  6.953964439164D-01  6.942979413632D-01  6.931417326011D-01  6.919256814017D-01
  6.906456841588D-01  6.892992606476D-01  6.878819427970D-01  6.863908640918D-01
  6.848211468061D-01  6.831694898109D-01  6.814305539994D-01  6.796005482126D-01
  6.776736125297D-01  6.756454019581D-01  6.735094671885D-01  6.712608356164D-01
  6.688923890683D-01  6.663984416186D-01  6.637711136766D-01  6.610039059330D-01
  6.580880690497D-01  6.550161729033D-01  6.517784709318D-01  6.483664636326D-01
  6.447692563785D-01  6.409771158575D-01  6.369778198652D-01  6.327602050284D-01
  6.283105066850D-01  6.236158957919D-01  6.186608064988D-01  6.134304595688D-01
  6.079071746031D-01  6.020738765681D-01  5.959103887881D-01  5.893969182242D-01
  5.825103242688D-01  5.752275771916D-01  5.675219963676D-01  5.593666747172D-01
  5.507306781817D-01  5.415824269246D-01  5.318858455222D-01  5.216036890298D-01
  5.106936303296D-01  4.991115157497D-01  4.868073721176D-01  4.737285723170D-01
  4.598157397075D-01  4.450057978112D-01  4.292277472412D-01  4.124055620889D-01
  3.944538000349D-01  3.752804936301D-01  3.547819202707D-01  3.328461118137D-01
  3.093468251686D-01
