In49 POTENTIAL                      exc: Vosko,Wilk,Nusair      
  2.37798540  6.82500000  2.34921590
  49.00000
   2.59633   0.7247658344   0.8163257573
353
 0.25000000D-01 0.39141124D-03
 9 1
    0  -1.96656160000D+03
    0  -2.87428550000D+02
    0  -5.37136240000D+01
    0  -7.39818510000D+00
    1  -2.68528840000D+02
    1  -4.59639090000D+01
    1  -4.86454470000D+00
    2  -3.15522220000D+01
    2  -7.38539920000D-01
  4.724081916688D+02  4.724359157516D+02  4.724642699945D+02  4.724932602337D+02
  4.725228954728D+02  4.725531898397D+02  4.725841532597D+02  4.726157999554D+02
  4.726481400693D+02  4.726811879419D+02  4.727149538580D+02  4.727494522399D+02
  4.727846934596D+02  4.728206919782D+02  4.728574581996D+02  4.728950065726D+02
  4.729333474721D+02  4.729724952745D+02  4.730124602583D+02  4.730532566583D+02
  4.730948945800D+02  4.731373880373D+02  4.731807468771D+02  4.732249848022D+02
  4.732701113041D+02  4.733161396729D+02  4.733630789358D+02  4.734109418561D+02
  4.734597368747D+02  4.735094760993D+02  4.735601672488D+02  4.736118216319D+02
  4.736644460930D+02  4.737180509819D+02  4.737726420998D+02  4.738282286597D+02
  4.738848152318D+02  4.739424096951D+02  4.740010151810D+02  4.740606380164D+02
  4.741212796728D+02  4.741829446751D+02  4.742456325656D+02  4.743093458198D+02
  4.743740817804D+02  4.744398405736D+02  4.745066170377D+02  4.745744086301D+02
  4.746432073507D+02  4.747130076392D+02  4.747837982923D+02  4.748555703510D+02
  4.749283090114D+02  4.750020015017D+02  4.750766289853D+02  4.751521744276D+02
  4.752286144911D+02  4.753059273910D+02  4.753840847827D+02  4.754630596053D+02
  4.755428179604D+02  4.756233269445D+02  4.757045465181D+02  4.757864373266D+02
  4.758689525592D+02  4.759520457587D+02  4.760356626700D+02  4.761197490378D+02
  4.762042424454D+02  4.762890801001D+02  4.763741906619D+02  4.764595020174D+02
  4.765449330982D+02  4.766304016437D+02  4.767158160095D+02  4.768010829189D+02
  4.768860992630D+02  4.769707598418D+02  4.770549491550D+02  4.771385491351D+02
  4.772214309303D+02  4.773034626293D+02  4.773845010394D+02  4.774643994039D+02
  4.775429991766D+02  4.776201377350D+02  4.776956401524D+02  4.777693269099D+02
  4.778410056687D+02  4.779104789835D+02  4.779775360786D+02  4.780419605657D+02
  4.781035222277D+02  4.781619847456D+02  4.782170974931D+02  4.782686032777D+02
  4.783162301518D+02  4.783596991724D+02  4.783987162342D+02  4.784329798545D+02
  4.784621730346D+02  4.784859710759D+02  4.785040334771D+02  4.785160117884D+02
  4.785215415526D+02  4.785202502056D+02  4.785117490688D+02  4.784956413051D+02
  4.784715139717D+02  4.784389460400D+02  4.783975005188D+02  4.783467325478D+02
  4.782861816001D+02  4.782153796595D+02  4.781338435124D+02  4.780410830190D+02
  4.779365935034D+02  4.778198641288D+02  4.776903703955D+02  4.775475826287D+02
  4.773909585937D+02  4.772199521034D+02  4.770340057585D+02  4.768325596819D+02
  4.766150443887D+02  4.763808896525D+02  4.761295175087D+02  4.758603512542D+02
  4.755728085843D+02  4.752663107252D+02  4.749402757000D+02  4.745941275879D+02
  4.742272899128D+02  4.738391950179D+02  4.734292775625D+02  4.729969839957D+02
  4.725417661423D+02  4.720630907518D+02  4.715604331455D+02  4.710332868104D+02
  4.704811570729D+02  4.699035706978D+02  4.693000695440D+02  4.686702201212D+02
  4.680136071756D+02  4.673298431458D+02  4.666185616163D+02  4.658794266074D+02
  4.651121258258D+02  4.643163797134D+02  4.634919344174D+02  4.626385705167D+02
  4.617560956278D+02  4.608443527240D+02  4.599032122905D+02  4.589325801510D+02
  4.579323890895D+02  4.569026061034D+02  4.558432234172D+02  4.547542650967D+02
  4.536357773963D+02  4.524878346970D+02  4.513105291599D+02  4.501039759733D+02
  4.488683023434D+02  4.476036521032D+02  4.463101741193D+02  4.449880263917D+02
  4.436373640495D+02  4.422583431668D+02  4.408511086309D+02  4.394157980190D+02
  4.379525297507D+02  4.364614075040D+02  4.349425091954D+02  4.333958925402D+02
  4.318215855130D+02  4.302195937358D+02  4.285898931097D+02  4.269324396920D+02
  4.252471650859D+02  4.235339892672D+02  4.217928190050D+02  4.200235636550D+02
  4.182261363085D+02  4.164004718735D+02  4.145465298543D+02  4.126643131903D+02
  4.107538707294D+02  4.088153145499D+02  4.068488196291D+02  4.048546370945D+02
  4.028330886782D+02  4.007845738487D+02  3.987095575807D+02  3.966085706537D+02
  3.944821909005D+02  3.923310377544D+02  3.901557489290D+02  3.879569719013D+02
  3.857353392380D+02  3.834914605075D+02  3.812258997567D+02  3.789391711122D+02
  3.766317212158D+02  3.743039307191D+02  3.719561031846D+02  3.695884732627D+02
  3.672012021556D+02  3.647943919509D+02  3.623680865988D+02  3.599222909344D+02
  3.574569753941D+02  3.549720977501D+02  3.524676094786D+02  3.499434780856D+02
  3.473996930375D+02  3.448362866722D+02  3.422533378108D+02  3.396509895189D+02
  3.370294488580D+02  3.343890001748D+02  3.317299998792D+02  3.290528844146D+02
  3.263581595074D+02  3.236464025678D+02  3.209182465093D+02  3.181743770584D+02
  3.154155120465D+02  3.126423949608D+02  3.098557715520D+02  3.070563820024D+02
  3.042449376694D+02  3.014221151913D+02  2.985885371050D+02  2.957447718434D+02
  2.928913221879D+02  2.900286347777D+02  2.871570992296D+02  2.842770686785D+02
  2.813888692238D+02  2.784928288274D+02  2.755892918165D+02  2.726786483697D+02
  2.697613443872D+02  2.668379010416D+02  2.639089101695D+02  2.609750364027D+02
  2.580369944460D+02  2.550955349275D+02  2.521514095579D+02  2.492053507239D+02
  2.462580370204D+02  2.433100796194D+02  2.403619998803D+02  2.374142314263D+02
  2.344671151766D+02  2.315209187244D+02  2.285758470076D+02  2.256320745391D+02
  2.226897654577D+02  2.197491113513D+02  2.168103531704D+02  2.138738174100D+02
  2.109399332519D+02  2.080092613629D+02  2.050825015293D+02  2.021605103504D+02
  1.992442966806D+02  1.963350264706D+02  1.934340052402D+02  1.905426701718D+02
  1.876625604357D+02  1.847952981728D+02  1.819425489964D+02  1.791059948524D+02
  1.762872884025D+02  1.734880221613D+02  1.707096819670D+02  1.679536185267D+02
  1.652210071886D+02  1.625128303469D+02  1.598298532677D+02  1.571726282190D+02
  1.545414976576D+02  1.519366303860D+02  1.493580589430D+02  1.468057477555D+02
  1.442796540687D+02  1.417798041209D+02  1.393063407780D+02  1.368595633429D+02
  1.344399201789D+02  1.320479855256D+02  1.296843951597D+02  1.273497849466D+02
  1.250447138677D+02  1.227696150610D+02  1.205247498518D+02  1.183101989285D+02
  1.161258567863D+02  1.139714573505D+02  1.118465937601D+02  1.097507596760D+02
  1.076833761585D+02  1.056438333071D+02  1.036315126220D+02  1.016458210645D+02
  9.968620409540D+01  9.775216975795D+01  9.584329180997D+01  9.395922440356D+01
  9.209969670839D+01  9.026452011120D+01  8.845357648832D+01  8.666682020126D+01
  8.490426229140D+01  8.316596945999D+01  8.145204623254D+01  7.976263278998D+01
  7.809788676404D+01  7.645798136012D+01  7.484308799879D+01  7.325337572153D+01
  7.168899545504D+01  7.015008127513D+01  6.863673668655D+01  6.714903797554D+01
  6.568702259763D+01  6.425069459644D+01  6.284001498755D+01  6.145490906446D+01
  6.009525855350D+01  5.876091055198D+01  5.745167118071D+01  5.616731586486D+01
  5.490758417260D+01  5.367219108778D+01  5.246082261959D+01  5.127314755669D+01
  5.010881321773D+01  4.896745692808D+01  4.784870104692D+01  4.675216325974D+01
  4.567745003477D+01  4.462416506668D+01  4.359190079799D+01  4.258024501495D+01
  4.158877080840D+01  4.061704210096D+01  3.966460252026D+01  3.873098116196D+01
  3.781568110147D+01
N_07 POTENTIAL                      exc: Vosko,Wilk,Nusair      
  1.80145647  6.82500000  1.81203139
   7.00000
   2.10533   0.7247658344   0.8163257573
353
 0.25000000D-01 0.31739093D-03
 2 1
    0  -2.69998930000D+01
    0  -4.29582100000D-01
  2.594276434972D+01  2.594316540405D+01  2.594357625568D+01  2.594402308828D+01
  2.594448618157D+01  2.594496322958D+01  2.594545308033D+01  2.594595609399D+01
  2.594647188922D+01  2.594700113234D+01  2.594754359148D+01  2.594810001832D+01
  2.594867023649D+01  2.594925503783D+01  2.594985427775D+01  2.595046877499D+01
  2.595109840902D+01  2.595174402089D+01  2.595240551136D+01  2.595308374214D+01
  2.595377863438D+01  2.595449107006D+01  2.595522099060D+01  2.595596929839D+01
  2.595673595547D+01  2.595752188508D+01  2.595832707040D+01  2.595915245612D+01
  2.595999804723D+01  2.596086481058D+01  2.596175277374D+01  2.596266292651D+01
  2.596359531982D+01  2.596455096725D+01  2.596552994396D+01  2.596653328821D+01
  2.596756110024D+01  2.596861444388D+01  2.596969344556D+01  2.597079919821D+01
  2.597193224364D+01  2.597309330150D+01  2.597428255321D+01  2.597550114518D+01
  2.597674928765D+01  2.597802815630D+01  2.597933799116D+01  2.598067999818D+01
  2.598205444815D+01  2.598346257824D+01  2.598490469098D+01  2.598638205575D+01
  2.598789500775D+01  2.598944484950D+01  2.599103194981D+01  2.599265764531D+01
  2.599432233932D+01  2.599602740343D+01  2.599777327636D+01  2.599956136554D+01
  2.600139214591D+01  2.600326706153D+01  2.600518662435D+01  2.600715231579D+01
  2.600916468552D+01  2.601122525298D+01  2.601333460618D+01  2.601549430318D+01
  2.601770497084D+01  2.601996820628D+01  2.602228467564D+01  2.602465601545D+01
  2.602708293140D+01  2.602956709962D+01  2.603210926545D+01  2.603471114467D+01
  2.603737352219D+01  2.604009815325D+01  2.604288586208D+01  2.604573844300D+01
  2.604865675901D+01  2.605164264287D+01  2.605469699557D+01  2.605782168736D+01
  2.606101765613D+01  2.606428680836D+01  2.606763011738D+01  2.607104952425D+01
  2.607454603593D+01  2.607812162601D+01  2.608177733276D+01  2.608551515978D+01
  2.608933617390D+01  2.609324240567D+01  2.609723494715D+01  2.610131585219D+01
  2.610548623413D+01  2.610974816586D+01  2.611410277732D+01  2.611855215544D+01
  2.612309744139D+01  2.612774073028D+01  2.613248316824D+01  2.613732685188D+01
  2.614227292511D+01  2.614732347832D+01  2.615247964495D+01  2.615774350041D+01
  2.616311615830D+01  2.616859966905D+01  2.617419511580D+01  2.617990451270D+01
  2.618572890042D+01  2.619167024407D+01  2.619772952836D+01  2.620390865503D+01
  2.621020853763D+01  2.621663099851D+01  2.622317686308D+01  2.622984785635D+01
  2.623664469668D+01  2.624356899174D+01  2.625062133177D+01  2.625780318494D+01
  2.626511498994D+01  2.627255805083D+01  2.628013262891D+01  2.628783983691D+01
  2.629567973016D+01  2.630365320005D+01  2.631176006445D+01  2.632000096040D+01
  2.632837543373D+01  2.633688383089D+01  2.634552538773D+01  2.635430012043D+01
  2.636320691336D+01  2.637224540910D+01  2.638141409528D+01  2.639071219362D+01
  2.640013774576D+01  2.640968950122D+01  2.641936500214D+01  2.642916247017D+01
  2.643907889006D+01  2.644911189535D+01  2.645925785086D+01  2.646951373713D+01
  2.647987523170D+01  2.649033859227D+01  2.650089873679D+01  2.651155112532D+01
  2.652228983882D+01  2.653310945975D+01  2.654400314952D+01  2.655496452786D+01
  2.656598574892D+01  2.657705937935D+01  2.658817647313D+01  2.659932844841D+01
  2.661050516109D+01  2.662169678040D+01  2.663289186135D+01  2.664407921918D+01
  2.665524600064D+01  2.666637955749D+01  2.667746551681D+01  2.668848965353D+01
  2.669943595999D+01  2.671028851776D+01  2.672102956659D+01  2.673164137570D+01
  2.674210431241D+01  2.675239871325D+01  2.676250295247D+01  2.677239531330D+01
  2.678205205681D+01  2.679144929363D+01  2.680056105358D+01  2.680936115836D+01
  2.681782129242D+01  2.682591287720D+01  2.683360514377D+01  2.684086700923D+01
  2.684766515180D+01  2.685396589010D+01  2.685973326142D+01  2.686493090457D+01
  2.686952014230D+01  2.687346186856D+01  2.687671463590D+01  2.687923654820D+01
  2.688098335399D+01  2.688191034569D+01  2.688197045999D+01  2.688111618472D+01
  2.687929766741D+01  2.687646463098D+01  2.687256449170D+01  2.686754428503D+01
  2.686134879421D+01  2.685392248746D+01  2.684520765862D+01  2.683514637696D+01
  2.682367864115D+01  2.681074434301D+01  2.679628143605D+01  2.678022791440D+01
  2.676251999715D+01  2.674309412356D+01  2.672188515423D+01  2.669882838368D+01
  2.667385775921D+01  2.664690791153D+01  2.661791239209D+01  2.658680572227D+01
  2.655352164941D+01  2.651799521477D+01  2.648016102820D+01  2.643995535461D+01
  2.639731440678D+01  2.635217644946D+01  2.630448010930D+01  2.625416649514D+01
  2.620117752335D+01  2.614545805228D+01  2.608695422042D+01  2.602561559224D+01
  2.596139350585D+01  2.589424322654D+01  2.582412229984D+01  2.575099270807D+01
  2.567481922371D+01  2.559557156343D+01  2.551322273583D+01  2.542775118626D+01
  2.533913913199D+01  2.524737469046D+01  2.515245019379D+01  2.505436429219D+01
  2.495312023908D+01  2.484872796042D+01  2.474120230096D+01  2.463056504970D+01
  2.451684313717D+01  2.440007060681D+01  2.428028675283D+01  2.415753802680D+01
  2.403187610634D+01  2.390335972618D+01  2.377205266640D+01  2.363802549928D+01
  2.350135348760D+01  2.336211823749D+01  2.322040549855D+01  2.307630671492D+01
  2.292991672032D+01  2.278133518136D+01  2.263066418274D+01  2.247800955938D+01
  2.232347836992D+01  2.216718011754D+01  2.200922411377D+01  2.184972059233D+01
  2.168877797046D+01  2.152650386639D+01  2.136300227267D+01  2.119837449664D+01
  2.103271627078D+01  2.086611864833D+01  2.069866509137D+01  2.053043237241D+01
  2.036148770364D+01  2.019188972292D+01  2.002168576018D+01  1.985091302424D+01
  1.967959614609D+01  1.950774873161D+01  1.933537137286D+01  1.916245378312D+01
  1.898897351310D+01  1.881489891651D+01  1.864018881539D+01  1.846479651290D+01
  1.828867056538D+01  1.811175990101D+01  1.793401561306D+01  1.775539690892D+01
  1.757587342161D+01  1.739543124103D+01  1.721407476306D+01  1.703183164465D+01
  1.684875295386D+01  1.666491587234D+01  1.648042118992D+01  1.629539317004D+01
  1.610997428895D+01  1.592432269364D+01  1.573860510739D+01  1.555299317936D+01
  1.536765606398D+01  1.518275718883D+01  1.499844788074D+01  1.481486564302D+01
  1.463212956764D+01  1.445034049895D+01  1.426957828318D+01  1.408990360970D+01
  1.391135670743D+01  1.373396036804D+01  1.355771955349D+01  1.338262507468D+01
  1.320865362604D+01  1.303577169687D+01  1.286393567928D+01  1.269309572739D+01
  1.252319571744D+01  1.235417688956D+01  1.218597754194D+01  1.201853637565D+01
  1.185179187398D+01  1.168568532525D+01  1.152015988056D+01  1.135516326133D+01
  1.119064651227D+01  1.102656641746D+01  1.086288397731D+01  1.069956656527D+01
  1.053658616273D+01  1.037392129117D+01  1.021155504019D+01  1.004947680965D+01
  9.887680164167D+00  9.726164417183D+00  9.564932341822D+00  9.403991624137D+00
  9.243352454691D+00  9.083028871927D+00  8.923036251609D+00  8.763392553104D+00
  8.604115714852D+00  8.445224806689D+00  8.286737329294D+00  8.128670265117D+00
  7.971037269259D+00  7.813849601586D+00  7.657113188362D+00  7.500829410969D+00
  7.344992013042D+00  7.189587763445D+00  7.034593054001D+00  6.879974573029D+00
  6.725685599656D+00
Vac0 POTENTIAL                      exc: Vosko,Wilk,Nusair      
  2.37798540  6.82500000  2.34921590
   0.00000
   2.59633   0.7247658344   0.8163257573
353
 0.25000000D-01 0.39141124D-03
 0 1
  7.465637906344D-01  7.465408892069D-01  7.465165675154D-01  7.465096756690D-01
  7.465056903566D-01  7.465041600526D-01  7.465027693814D-01  7.465029107441D-01
  7.465027999918D-01  7.465040381623D-01  7.465049407905D-01  7.465071642057D-01
  7.465090587715D-01  7.465123055386D-01  7.465152743577D-01  7.465196633047D-01
  7.465238583732D-01  7.465295737605D-01  7.465352123851D-01  7.465425067094D-01
  7.465498798123D-01  7.465590866564D-01  7.465685757052D-01  7.465801307576D-01
  7.465922331751D-01  7.466067044588D-01  7.466220692243D-01  7.466401987926D-01
  7.466596752277D-01  7.466824361738D-01  7.467071404525D-01  7.467358146097D-01
  7.467672205618D-01  7.468035045646D-01  7.468435676833D-01  7.468897180677D-01
  7.469410436616D-01  7.469999862473D-01  7.470599026576D-01  7.470847081801D-01
  7.470576107348D-01  7.470327525195D-01  7.470083720151D-01  7.469860371744D-01
  7.469640043230D-01  7.469438572572D-01  7.469238663905D-01  7.469056280853D-01
  7.468874239964D-01  7.468708605635D-01  7.468542285028D-01  7.468391424017D-01
  7.468239003442D-01  7.468101235819D-01  7.467961162251D-01  7.467835050103D-01
  7.467705990307D-01  7.467590295636D-01  7.467471098513D-01  7.467364749632D-01
  7.467254416101D-01  7.467156480416D-01  7.467054138967D-01  7.466963801187D-01
  7.466868688189D-01  7.466785232237D-01  7.466696675586D-01  7.466619469962D-01
  7.466536875712D-01  7.466465361298D-01  7.466388202562D-01  7.466321882415D-01
  7.466249690089D-01  7.466188120982D-01  7.466120475946D-01  7.466063261230D-01
  7.465999787781D-01  7.465946571314D-01  7.465886931638D-01  7.465837392686D-01
  7.465781282047D-01  7.465735130901D-01  7.465682273641D-01  7.465639247840D-01
  7.465589393874D-01  7.465549254971D-01  7.465502176792D-01  7.465464707551D-01
  7.465420197612D-01  7.465385199610D-01  7.465343068059D-01  7.465310359515D-01
  7.465270432211D-01  7.465239846185D-01  7.465201962958D-01  7.465173345672D-01
  7.465137358787D-01  7.465110568211D-01  7.465076341012D-01  7.465051245571D-01
  7.465018651272D-01  7.464995128703D-01  7.464964049320D-01  7.464941985644D-01
  7.464912310996D-01  7.464891599619D-01  7.464863226470D-01  7.464843767338D-01
  7.464816598595D-01  7.464798297395D-01  7.464772241388D-01  7.464755008906D-01
  7.464729978694D-01  7.464713730115D-01  7.464689642876D-01  7.464674297217D-01
  7.464651073656D-01  7.464636553174D-01  7.464614116962D-01  7.464600346617D-01
  7.464578623877D-01  7.464565530821D-01  7.464544449603D-01  7.464531962661D-01
  7.464511452452D-01  7.464499501647D-01  7.464479492880D-01  7.464468008933D-01
  7.464448432492D-01  7.464437346335D-01  7.464418133077D-01  7.464407375363D-01
  7.464388455612D-01  7.464377956207D-01  7.464359259246D-01  7.464348946715D-01
  7.464330400250D-01  7.464320201313D-01  7.464301730935D-01  7.464291569897D-01
  7.464273098485D-01  7.464262896653D-01  7.464244343772D-01  7.464234018804D-01
  7.464215300042D-01  7.464204765280D-01  7.464185791551D-01  7.464174955294D-01
  7.464155632080D-01  7.464144396789D-01  7.464124623325D-01  7.464112884787D-01
  7.464092553177D-01  7.464080199572D-01  7.464059193828D-01  7.464046104733D-01
  7.464024299719D-01  7.464010345008D-01  7.463987605303D-01  7.463972643947D-01
  7.463948822588D-01  7.463932701344D-01  7.463907638451D-01  7.463890190419D-01
  7.463863711683D-01  7.463844754730D-01  7.463816669757D-01  7.463796004774D-01
  7.463766105259D-01  7.463743514247D-01  7.463711571968D-01  7.463686815930D-01
  7.463652580538D-01  7.463625397161D-01  7.463588593739D-01  7.463558694833D-01
  7.463519021211D-01  7.463486089886D-01  7.463443213678D-01  7.463406901234D-01
  7.463360456567D-01  7.463320379057D-01  7.463269962964D-01  7.463225697404D-01
  7.463170865836D-01  7.463121946018D-01  7.463062209453D-01  7.463008121324D-01
  7.462942939906D-01  7.462883116465D-01  7.462811894638D-01  7.462745710297D-01
  7.462667790885D-01  7.462594555245D-01  7.462509212906D-01  7.462428163874D-01
  7.462334597868D-01  7.462244894062D-01  7.462142220264D-01  7.462042932611D-01
  7.461930174685D-01  7.461820277147D-01  7.461696356791D-01  7.461574716111D-01
  7.461438442280D-01  7.461303806652D-01  7.461153863652D-01  7.461004850202D-01
  7.460839784522D-01  7.460674865470D-01  7.460493071240D-01  7.460310558610D-01
  7.460110261524D-01  7.459908290241D-01  7.459687529789D-01  7.459464038999D-01
  7.459220648827D-01  7.458973361255D-01  7.458704947461D-01  7.458431346583D-01
  7.458135263720D-01  7.457832568544D-01  7.457505893105D-01  7.457171030282D-01
  7.456810531379D-01  7.456440104384D-01  7.456042211341D-01  7.455632466398D-01
  7.455193232925D-01  7.454740021337D-01  7.454255085927D-01  7.453753822434D-01
  7.453218364570D-01  7.452663981307D-01  7.452072673056D-01  7.451459568646D-01
  7.450806521128D-01  7.450128504401D-01  7.449407208604D-01  7.448657436357D-01
  7.447860697689D-01  7.447031605861D-01  7.446151471777D-01  7.445234699339D-01
  7.444262379293D-01  7.443248684070D-01  7.442174460992D-01  7.441053626551D-01
  7.439866758915D-01  7.438627491577D-01  7.437316105081D-01  7.435945919974D-01
  7.434496887682D-01  7.432981982678D-01  7.431380792410D-01  7.429705908614D-01
  7.427936516187D-01  7.426084783544D-01  7.424129450330D-01  7.422082216714D-01
  7.419921329812D-01  7.417657971803D-01  7.415269844917D-01  7.412767558250D-01
  7.410128211152D-01  7.407361778595D-01  7.404444692794D-01  7.401386226955D-01
  7.398162074928D-01  7.394780733163D-01  7.391217078168D-01  7.387478746460D-01
  7.383539709585D-01  7.379406651834D-01  7.375052542532D-01  7.370483011263D-01
  7.365669917106D-01  7.360617721070D-01  7.355297051913D-01  7.349711075441D-01
  7.343829056501D-01  7.337652724746D-01  7.331149832327D-01  7.324320515668D-01
  7.317130848307D-01  7.309579198155D-01  7.301629774844D-01  7.293278981850D-01
  7.284488957595D-01  7.275253921712D-01  7.265533709014D-01  7.255320109024D-01
  7.244570391763D-01  7.233273639496D-01  7.221384263087D-01  7.208888324681D-01
  7.195737043097D-01  7.181913105903D-01  7.167364161985D-01  7.152069121091D-01
  7.135971631290D-01  7.119046363611D-01  7.101232471551D-01  7.082499857827D-01
  7.062782612413D-01  7.042045257647D-01  7.020216160368D-01  6.997253750652D-01
  6.973079902462D-01  6.947646120018D-01  6.920866879903D-01  6.892685777435D-01
  6.863008821302D-01  6.831770530205D-01  6.798867168677D-01  6.764222781594D-01
  6.727722356755D-01  6.689277781411D-01  6.648760913236D-01  6.606069438630D-01
  6.561059828652D-01  6.513613073191D-01  6.463567491943D-01  6.410784311274D-01
  6.355080291967D-01  6.296293106213D-01  6.234213733076D-01  6.168651580886D-01
  6.099366587435D-01  6.026134017288D-01  5.948676185616D-01  5.866726839488D-01
  5.779962400782D-01  5.688065813963D-01  5.590657173160D-01  5.487356884640D-01
  5.377715504078D-01  5.261276018044D-01  5.137502667903D-01  5.005842099347D-01
  4.865650887672D-01  4.716255236727D-01  4.556876846146D-01  4.386690762609D-01
  4.204749146467D-01  4.010036786680D-01  3.801392276666D-01  3.577560582137D-01
  3.337111018462D-01  3.078487746921D-01  2.799919377200D-01  2.499471212734D-01
  2.174947849741D-01
Vac0 POTENTIAL                      exc: Vosko,Wilk,Nusair      
  1.80145647  6.82500000  1.81203139
   0.00000
   2.10533   0.7247658344   0.8163257573
353
 0.25000000D-01 0.31739093D-03
 0 1
  5.566124134860D-01  5.565766174944D-01  5.565395386410D-01  5.565283100837D-01
  5.565220686031D-01  5.565183504184D-01  5.565154101135D-01  5.565135693158D-01
  5.565118731862D-01  5.565109484663D-01  5.565099821549D-01  5.565096760100D-01
  5.565092604913D-01  5.565094647810D-01  5.565095377682D-01  5.565102219134D-01
  5.565107762631D-01  5.565119516189D-01  5.565130142075D-01  5.565147213377D-01
  5.565163455366D-01  5.565186503873D-01  5.565209148758D-01  5.565239093912D-01
  5.565269202878D-01  5.565307259901D-01  5.565346217307D-01  5.565393958305D-01
  5.565443545970D-01  5.565502988354D-01  5.565565489634D-01  5.565639217792D-01
  5.565717558806D-01  5.565808887667D-01  5.565906826421D-01  5.566020019964D-01
  5.566142396702D-01  5.566282808710D-01  5.566422717397D-01  5.566470329591D-01
  5.566390252148D-01  5.566318015641D-01  5.566245884456D-01  5.566181029357D-01
  5.566115766633D-01  5.566057313114D-01  5.565998026206D-01  5.565945159345D-01
  5.565891102642D-01  5.565843138920D-01  5.565793684722D-01  5.565750046651D-01
  5.565704662687D-01  5.565664858879D-01  5.565623090805D-01  5.565586700524D-01
  5.565548158145D-01  5.565514818979D-01  5.565479165247D-01  5.565448563315D-01
  5.565415505548D-01  5.565387367607D-01  5.565356650379D-01  5.565330737392D-01
  5.565302136778D-01  5.565278238702D-01  5.565251557472D-01  5.565229488960D-01
  5.565204552723D-01  5.565184149528D-01  5.565160803462D-01  5.565141919477D-01
  5.565120025596D-01  5.565102530422D-01  5.565081965322D-01  5.565065742081D-01
  5.565046395023D-01  5.565031338656D-01  5.565013109897D-01  5.564999125637D-01
  5.564981925052D-01  5.564968927145D-01  5.564952673055D-01  5.564940583622D-01
  5.564925201726D-01  5.564913949854D-01  5.564899372386D-01  5.564888893248D-01
  5.564875058170D-01  5.564865292325D-01  5.564852142654D-01  5.564843035440D-01
  5.564830518669D-01  5.564822019611D-01  5.564810087172D-01  5.564802149497D-01
  5.564790756305D-01  5.564783336507D-01  5.564772440537D-01  5.564765497986D-01
  5.564755059905D-01  5.564748556482D-01  5.564738539317D-01  5.564732439098D-01
  5.564722807911D-01  5.564717076877D-01  5.564707798486D-01  5.564702404246D-01
  5.564693446974D-01  5.564688358495D-01  5.564679691915D-01  5.564674879315D-01
  5.564666474023D-01  5.564661908310D-01  5.564653735686D-01  5.564649388567D-01
  5.564641420585D-01  5.564637264228D-01  5.564629473213D-01  5.564625480068D-01
  5.564617838515D-01  5.564613981083D-01  5.564606461440D-01  5.564602712056D-01
  5.564595286512D-01  5.564591617159D-01  5.564584257428D-01  5.564580639496D-01
  5.564573316596D-01  5.564569720669D-01  5.564562404690D-01  5.564558800304D-01
  5.564551460160D-01  5.564547815550D-01  5.564540418731D-01  5.564536700571D-01
  5.564529212863D-01  5.564525385981D-01  5.564517771179D-01  5.564513798250D-01
  5.564506017834D-01  5.564501859061D-01  5.564493871864D-01  5.564489484616D-01
  5.564481246449D-01  5.564476584882D-01  5.564468048136D-01  5.564463062768D-01
  5.564454175981D-01  5.564448813242D-01  5.564439520607D-01  5.564433722334D-01
  5.564423963191D-01  5.564417666079D-01  5.564407374333D-01  5.564400509338D-01
  5.564389612831D-01  5.564382104511D-01  5.564370524328D-01  5.564362290107D-01
  5.564349939819D-01  5.564340889197D-01  5.564327674016D-01  5.564317707690D-01
  5.564303523550D-01  5.564292532437D-01  5.564277264974D-01  5.564265129148D-01
  5.564248652575D-01  5.564235240084D-01  5.564217415962D-01  5.564202581529D-01
  5.564183257386D-01  5.564166840976D-01  5.564145848812D-01  5.564127674040D-01
  5.564104828654D-01  5.564084701043D-01  5.564059798197D-01  5.564037503242D-01
  5.564010317631D-01  5.563985618666D-01  5.563955901675D-01  5.563928537516D-01
  5.563896014741D-01  5.563865697083D-01  5.563830065597D-01  5.563796476136D-01
  5.563757401467D-01  5.563720188723D-01  5.563677301505D-01  5.563636077311D-01
  5.563588969604D-01  5.563543305223D-01  5.563491526427D-01  5.563440948269D-01
  5.563384000615D-01  5.563327985493D-01  5.563265319069D-01  5.563203288966D-01
  5.563134296205D-01  5.563065612483D-01  5.562989622080D-01  5.562913579089D-01
  5.562829849277D-01  5.562745667279D-01  5.562653378398D-01  5.562560195755D-01
  5.562458442034D-01  5.562355306571D-01  5.562243087046D-01  5.562128946505D-01
  5.562005154983D-01  5.561878846465D-01  5.561742260428D-01  5.561602498731D-01
  5.561451767070D-01  5.561297131789D-01  5.561130761242D-01  5.560959682512D-01
  5.560776022673D-01  5.560586765407D-01  5.560383992154D-01  5.560174638617D-01
  5.559950735785D-01  5.559719166321D-01  5.559471905443D-01  5.559215777175D-01
  5.558942695076D-01  5.558659418343D-01  5.558357792370D-01  5.558044504679D-01
  5.557711325300D-01  5.557364862515D-01  5.556996803024D-01  5.556613667498D-01
  5.556207050504D-01  5.555783375839D-01  5.555334136197D-01  5.554865648257D-01
  5.554369292067D-01  5.553851265852D-01  5.553302825091D-01  5.552730037018D-01
  5.552124019352D-01  5.551490694457D-01  5.550821027694D-01  5.550120781203D-01
  5.549380751826D-01  5.548606524480D-01  5.547788709603D-01  5.546932696069D-01
  5.546028888107D-01  5.545082457709D-01  5.544083580966D-01  5.543037189910D-01
  5.541933208202D-01  5.540776302344D-01  5.539556116655D-01  5.538277023779D-01
  5.536928358868D-01  5.535514169309D-01  5.534023448023D-01  5.532459882328D-01
  5.530812086250D-01  5.529083348425D-01  5.527261863314D-01  5.525350478031D-01
  5.523336922335D-01  5.521223554262D-01  5.518997588753D-01  5.516660841958D-01
  5.514199958330D-01  5.511616153443D-01  5.508895439391D-01  5.506038365927D-01
  5.503030243961D-01  5.499870884834D-01  5.496544821681D-01  5.493051046599D-01
  5.489373229629D-01  5.485509453557D-01  5.481442430206D-01  5.477169232581D-01
  5.472671508134D-01  5.467945207907D-01  5.462970796373D-01  5.457742977195D-01
  5.452240899193D-01  5.446457878249D-01  5.440371598899D-01  5.433973831843D-01
  5.427240630556D-01  5.420162043794D-01  5.412712306509D-01  5.404879546628D-01
  5.396635969443D-01  5.387967557804D-01  5.378844249008D-01  5.369249627382D-01
  5.359151092512D-01  5.348529542997D-01  5.337349534630D-01  5.325588953857D-01
  5.313209164243D-01  5.300184667857D-01  5.286473238009D-01  5.272045566406D-01
  5.256855379690D-01  5.240869069726D-01  5.224035790924D-01  5.206317070404D-01
  5.187656882381D-01  5.168011234158D-01  5.147318212973D-01  5.125527542775D-01
  5.102570597773D-01  5.078389923678D-01  5.052909210738D-01  5.026062771482D-01
  4.997765464130D-01  4.967942116766D-01  4.936497389589D-01  4.903345132686D-01
  4.868378172460D-01  4.831497586621D-01  4.792582396032D-01  4.751518735919D-01
  4.708169429080D-01  4.662403026260D-01  4.614063229722D-01  4.562997767842D-01
  4.509027628929D-01  4.451975724694D-01  4.391635882238D-01  4.327801237327D-01
  4.260232916649D-01  4.188688083683D-01  4.112888222395D-01  4.032546734421D-01
  3.947336707601D-01  3.856917931336D-01  3.760903996464D-01  3.658888553682D-01
  3.550411542770D-01  3.434984459374D-01  3.312055467237D-01  3.181033340441D-01
  3.041251085966D-01  2.891989258507D-01  2.732433989075D-01  2.561703042396D-01
  2.378798258623D-01
