In49 POTENTIAL                      exc: Vosko,Wilk,Nusair      
  2.37798540  6.82500000  2.34921590
  49.00000
   2.59633   0.7247658577   0.8163257545
353
 0.25000000D-01 0.39141124D-03
 9 1
    0  -1.96656160000D+03
    0  -2.87428550000D+02
    0  -5.37136240000D+01
    0  -7.39818510000D+00
    1  -2.68528840000D+02
    1  -4.59639090000D+01
    1  -4.86454470000D+00
    2  -3.15522220000D+01
    2  -7.38539920000D-01
  4.724081916717D+02  4.724359157545D+02  4.724642699975D+02  4.724932602366D+02
  4.725228954757D+02  4.725531898426D+02  4.725841532626D+02  4.726157999583D+02
  4.726481400722D+02  4.726811879448D+02  4.727149538609D+02  4.727494522428D+02
  4.727846934625D+02  4.728206919812D+02  4.728574582025D+02  4.728950065755D+02
  4.729333474750D+02  4.729724952774D+02  4.730124602612D+02  4.730532566612D+02
  4.730948945829D+02  4.731373880402D+02  4.731807468800D+02  4.732249848051D+02
  4.732701113070D+02  4.733161396758D+02  4.733630789387D+02  4.734109418590D+02
  4.734597368776D+02  4.735094761023D+02  4.735601672518D+02  4.736118216348D+02
  4.736644460959D+02  4.737180509848D+02  4.737726421027D+02  4.738282286627D+02
  4.738848152348D+02  4.739424096980D+02  4.740010151839D+02  4.740606380193D+02
  4.741212796757D+02  4.741829446780D+02  4.742456325685D+02  4.743093458227D+02
  4.743740817833D+02  4.744398405765D+02  4.745066170406D+02  4.745744086330D+02
  4.746432073536D+02  4.747130076421D+02  4.747837982952D+02  4.748555703539D+02
  4.749283090143D+02  4.750020015046D+02  4.750766289882D+02  4.751521744305D+02
  4.752286144940D+02  4.753059273939D+02  4.753840847856D+02  4.754630596082D+02
  4.755428179633D+02  4.756233269475D+02  4.757045465211D+02  4.757864373295D+02
  4.758689525621D+02  4.759520457616D+02  4.760356626729D+02  4.761197490407D+02
  4.762042424483D+02  4.762890801030D+02  4.763741906648D+02  4.764595020203D+02
  4.765449331011D+02  4.766304016466D+02  4.767158160124D+02  4.768010829218D+02
  4.768860992659D+02  4.769707598447D+02  4.770549491580D+02  4.771385491380D+02
  4.772214309332D+02  4.773034626322D+02  4.773845010423D+02  4.774643994068D+02
  4.775429991795D+02  4.776201377379D+02  4.776956401553D+02  4.777693269128D+02
  4.778410056716D+02  4.779104789864D+02  4.779775360815D+02  4.780419605686D+02
  4.781035222306D+02  4.781619847485D+02  4.782170974960D+02  4.782686032806D+02
  4.783162301548D+02  4.783596991753D+02  4.783987162371D+02  4.784329798574D+02
  4.784621730376D+02  4.784859710788D+02  4.785040334800D+02  4.785160117913D+02
  4.785215415555D+02  4.785202502085D+02  4.785117490717D+02  4.784956413081D+02
  4.784715139746D+02  4.784389460430D+02  4.783975005217D+02  4.783467325508D+02
  4.782861816030D+02  4.782153796624D+02  4.781338435153D+02  4.780410830220D+02
  4.779365935064D+02  4.778198641317D+02  4.776903703984D+02  4.775475826317D+02
  4.773909585966D+02  4.772199521064D+02  4.770340057615D+02  4.768325596849D+02
  4.766150443917D+02  4.763808896555D+02  4.761295175116D+02  4.758603512571D+02
  4.755728085873D+02  4.752663107282D+02  4.749402757029D+02  4.745941275908D+02
  4.742272899158D+02  4.738391950209D+02  4.734292775655D+02  4.729969839987D+02
  4.725417661453D+02  4.720630907548D+02  4.715604331485D+02  4.710332868134D+02
  4.704811570759D+02  4.699035707008D+02  4.693000695470D+02  4.686702201242D+02
  4.680136071787D+02  4.673298431489D+02  4.666185616194D+02  4.658794266105D+02
  4.651121258288D+02  4.643163797165D+02  4.634919344205D+02  4.626385705198D+02
  4.617560956309D+02  4.608443527271D+02  4.599032122936D+02  4.589325801541D+02
  4.579323890926D+02  4.569026061065D+02  4.558432234203D+02  4.547542650998D+02
  4.536357773994D+02  4.524878347002D+02  4.513105291630D+02  4.501039759765D+02
  4.488683023465D+02  4.476036521063D+02  4.463101741224D+02  4.449880263948D+02
  4.436373640527D+02  4.422583431700D+02  4.408511086340D+02  4.394157980222D+02
  4.379525297539D+02  4.364614075071D+02  4.349425091986D+02  4.333958925434D+02
  4.318215855162D+02  4.302195937389D+02  4.285898931129D+02  4.269324396952D+02
  4.252471650891D+02  4.235339892704D+02  4.217928190082D+02  4.200235636582D+02
  4.182261363117D+02  4.164004718767D+02  4.145465298575D+02  4.126643131935D+02
  4.107538707327D+02  4.088153145531D+02  4.068488196323D+02  4.048546370977D+02
  4.028330886814D+02  4.007845738519D+02  3.987095575839D+02  3.966085706569D+02
  3.944821909037D+02  3.923310377576D+02  3.901557489323D+02  3.879569719045D+02
  3.857353392412D+02  3.834914605107D+02  3.812258997599D+02  3.789391711154D+02
  3.766317212190D+02  3.743039307223D+02  3.719561031879D+02  3.695884732659D+02
  3.672012021588D+02  3.647943919541D+02  3.623680866021D+02  3.599222909376D+02
  3.574569753973D+02  3.549720977533D+02  3.524676094818D+02  3.499434780888D+02
  3.473996930407D+02  3.448362866754D+02  3.422533378139D+02  3.396509895221D+02
  3.370294488612D+02  3.343890001780D+02  3.317299998824D+02  3.290528844177D+02
  3.263581595105D+02  3.236464025710D+02  3.209182465125D+02  3.181743770615D+02
  3.154155120496D+02  3.126423949639D+02  3.098557715551D+02  3.070563820055D+02
  3.042449376725D+02  3.014221151944D+02  2.985885371081D+02  2.957447718464D+02
  2.928913221910D+02  2.900286347808D+02  2.871570992327D+02  2.842770686815D+02
  2.813888692268D+02  2.784928288304D+02  2.755892918194D+02  2.726786483727D+02
  2.697613443901D+02  2.668379010445D+02  2.639089101723D+02  2.609750364056D+02
  2.580369944488D+02  2.550955349302D+02  2.521514095606D+02  2.492053507266D+02
  2.462580370231D+02  2.433100796220D+02  2.403619998829D+02  2.374142314288D+02
  2.344671151792D+02  2.315209187269D+02  2.285758470101D+02  2.256320745415D+02
  2.226897654601D+02  2.197491113537D+02  2.168103531727D+02  2.138738174123D+02
  2.109399332542D+02  2.080092613651D+02  2.050825015314D+02  2.021605103525D+02
  1.992442966827D+02  1.963350264727D+02  1.934340052422D+02  1.905426701738D+02
  1.876625604377D+02  1.847952981747D+02  1.819425489982D+02  1.791059948542D+02
  1.762872884043D+02  1.734880221630D+02  1.707096819686D+02  1.679536185283D+02
  1.652210071901D+02  1.625128303484D+02  1.598298532691D+02  1.571726282204D+02
  1.545414976589D+02  1.519366303872D+02  1.493580589441D+02  1.468057477566D+02
  1.442796540697D+02  1.417798041218D+02  1.393063407788D+02  1.368595633436D+02
  1.344399201795D+02  1.320479855260D+02  1.296843951601D+02  1.273497849469D+02
  1.250447138679D+02  1.227696150611D+02  1.205247498517D+02  1.183101989283D+02
  1.161258567860D+02  1.139714573501D+02  1.118465937596D+02  1.097507596754D+02
  1.076833761577D+02  1.056438333062D+02  1.036315126209D+02  1.016458210633D+02
  9.968620409403D+01  9.775216975644D+01  9.584329180834D+01  9.395922440180D+01
  9.209969670651D+01  9.026452010920D+01  8.845357648622D+01  8.666682019906D+01
  8.490426228911D+01  8.316596945763D+01  8.145204623012D+01  7.976263278751D+01
  7.809788676154D+01  7.645798135760D+01  7.484308799626D+01  7.325337571901D+01
  7.168899545254D+01  7.015008127265D+01  6.863673668411D+01  6.714903797315D+01
  6.568702259529D+01  6.425069459416D+01  6.284001498532D+01  6.145490906229D+01
  6.009525855138D+01  5.876091054990D+01  5.745167117867D+01  5.616731586284D+01
  5.490758417060D+01  5.367219108578D+01  5.246082261757D+01  5.127314755464D+01
  5.010881321565D+01  4.896745692595D+01  4.784870104474D+01  4.675216325751D+01
  4.567745003249D+01  4.462416506436D+01  4.359190079565D+01  4.258024501263D+01
  4.158877080612D+01  4.061704209877D+01  3.966460251819D+01  3.873098116008D+01
  3.781568109983D+01
N_07 POTENTIAL                      exc: Vosko,Wilk,Nusair      
  1.80145647  6.82500000  1.81203139
   7.00000
   2.10533   0.7247658577   0.8163257545
353
 0.25000000D-01 0.31739093D-03
 2 1
    0  -2.69998930000D+01
    0  -4.29582100000D-01
  2.594276435035D+01  2.594316540468D+01  2.594357625631D+01  2.594402308892D+01
  2.594448618220D+01  2.594496323021D+01  2.594545308096D+01  2.594595609462D+01
  2.594647188985D+01  2.594700113297D+01  2.594754359211D+01  2.594810001895D+01
  2.594867023712D+01  2.594925503846D+01  2.594985427837D+01  2.595046877561D+01
  2.595109840965D+01  2.595174402152D+01  2.595240551198D+01  2.595308374277D+01
  2.595377863501D+01  2.595449107068D+01  2.595522099122D+01  2.595596929901D+01
  2.595673595610D+01  2.595752188571D+01  2.595832707103D+01  2.595915245674D+01
  2.595999804785D+01  2.596086481121D+01  2.596175277436D+01  2.596266292714D+01
  2.596359532044D+01  2.596455096787D+01  2.596552994458D+01  2.596653328883D+01
  2.596756110086D+01  2.596861444450D+01  2.596969344618D+01  2.597079919883D+01
  2.597193224426D+01  2.597309330211D+01  2.597428255383D+01  2.597550114580D+01
  2.597674928826D+01  2.597802815691D+01  2.597933799177D+01  2.598067999879D+01
  2.598205444876D+01  2.598346257886D+01  2.598490469159D+01  2.598638205636D+01
  2.598789500836D+01  2.598944485011D+01  2.599103195042D+01  2.599265764592D+01
  2.599432233993D+01  2.599602740403D+01  2.599777327697D+01  2.599956136614D+01
  2.600139214652D+01  2.600326706213D+01  2.600518662496D+01  2.600715231639D+01
  2.600916468612D+01  2.601122525358D+01  2.601333460678D+01  2.601549430378D+01
  2.601770497143D+01  2.601996820687D+01  2.602228467623D+01  2.602465601605D+01
  2.602708293199D+01  2.602956710021D+01  2.603210926604D+01  2.603471114526D+01
  2.603737352277D+01  2.604009815384D+01  2.604288586267D+01  2.604573844359D+01
  2.604865675960D+01  2.605164264345D+01  2.605469699615D+01  2.605782168794D+01
  2.606101765671D+01  2.606428680894D+01  2.606763011796D+01  2.607104952483D+01
  2.607454603651D+01  2.607812162658D+01  2.608177733333D+01  2.608551516035D+01
  2.608933617447D+01  2.609324240624D+01  2.609723494771D+01  2.610131585276D+01
  2.610548623469D+01  2.610974816642D+01  2.611410277788D+01  2.611855215600D+01
  2.612309744194D+01  2.612774073083D+01  2.613248316879D+01  2.613732685243D+01
  2.614227292566D+01  2.614732347887D+01  2.615247964550D+01  2.615774350095D+01
  2.616311615884D+01  2.616859966959D+01  2.617419511634D+01  2.617990451323D+01
  2.618572890095D+01  2.619167024460D+01  2.619772952889D+01  2.620390865556D+01
  2.621020853816D+01  2.621663099904D+01  2.622317686360D+01  2.622984785687D+01
  2.623664469719D+01  2.624356899226D+01  2.625062133229D+01  2.625780318545D+01
  2.626511499045D+01  2.627255805134D+01  2.628013262942D+01  2.628783983742D+01
  2.629567973067D+01  2.630365320055D+01  2.631176006495D+01  2.632000096090D+01
  2.632837543423D+01  2.633688383139D+01  2.634552538823D+01  2.635430012092D+01
  2.636320691386D+01  2.637224540959D+01  2.638141409577D+01  2.639071219411D+01
  2.640013774625D+01  2.640968950171D+01  2.641936500263D+01  2.642916247066D+01
  2.643907889054D+01  2.644911189583D+01  2.645925785135D+01  2.646951373762D+01
  2.647987523219D+01  2.649033859276D+01  2.650089873728D+01  2.651155112581D+01
  2.652228983931D+01  2.653310946024D+01  2.654400315001D+01  2.655496452836D+01
  2.656598574942D+01  2.657705937985D+01  2.658817647363D+01  2.659932844891D+01
  2.661050516160D+01  2.662169678091D+01  2.663289186187D+01  2.664407921970D+01
  2.665524600117D+01  2.666637955803D+01  2.667746551735D+01  2.668848965408D+01
  2.669943596055D+01  2.671028851833D+01  2.672102956716D+01  2.673164137628D+01
  2.674210431301D+01  2.675239871385D+01  2.676250295308D+01  2.677239531393D+01
  2.678205205746D+01  2.679144929429D+01  2.680056105425D+01  2.680936115905D+01
  2.681782129313D+01  2.682591287792D+01  2.683360514452D+01  2.684086700999D+01
  2.684766515260D+01  2.685396589092D+01  2.685973326226D+01  2.686493090544D+01
  2.686952014319D+01  2.687346186948D+01  2.687671463686D+01  2.687923654919D+01
  2.688098335501D+01  2.688191034674D+01  2.688197046109D+01  2.688111618586D+01
  2.687929766859D+01  2.687646463220D+01  2.687256449297D+01  2.686754428635D+01
  2.686134879558D+01  2.685392248888D+01  2.684520766010D+01  2.683514637850D+01
  2.682367864275D+01  2.681074434467D+01  2.679628143777D+01  2.678022791619D+01
  2.676251999902D+01  2.674309412550D+01  2.672188515625D+01  2.669882838578D+01
  2.667385776139D+01  2.664690791380D+01  2.661791239445D+01  2.658680572472D+01
  2.655352165196D+01  2.651799521742D+01  2.648016103095D+01  2.643995535747D+01
  2.639731440975D+01  2.635217645255D+01  2.630448011249D+01  2.625416649846D+01
  2.620117752679D+01  2.614545805585D+01  2.608695422412D+01  2.602561559607D+01
  2.596139350982D+01  2.589424323065D+01  2.582412230410D+01  2.575099271247D+01
  2.567481922826D+01  2.559557156814D+01  2.551322274069D+01  2.542775119129D+01
  2.533913913718D+01  2.524737469581D+01  2.515245019930D+01  2.505436429787D+01
  2.495312024493D+01  2.484872796645D+01  2.474120230715D+01  2.463056505606D+01
  2.451684314371D+01  2.440007061352D+01  2.428028675972D+01  2.415753803386D+01
  2.403187611357D+01  2.390335973358D+01  2.377205267397D+01  2.363802550702D+01
  2.350135349551D+01  2.336211824555D+01  2.322040550677D+01  2.307630672329D+01
  2.292991672885D+01  2.278133519003D+01  2.263066419155D+01  2.247800956831D+01
  2.232347837898D+01  2.216718012672D+01  2.200922412305D+01  2.184972060171D+01
  2.168877797993D+01  2.152650387595D+01  2.136300228230D+01  2.119837450633D+01
  2.103271628052D+01  2.086611865811D+01  2.069866510118D+01  2.053043238224D+01
  2.036148771348D+01  2.019188973276D+01  2.002168577000D+01  1.985091303404D+01
  1.967959615586D+01  1.950774874134D+01  1.933537138254D+01  1.916245379275D+01
  1.898897352267D+01  1.881489892603D+01  1.864018882485D+01  1.846479652231D+01
  1.828867057473D+01  1.811175991032D+01  1.793401562234D+01  1.775539691817D+01
  1.757587343085D+01  1.739543125026D+01  1.721407477231D+01  1.703183165393D+01
  1.684875296318D+01  1.666491588171D+01  1.648042119936D+01  1.629539317956D+01
  1.610997429855D+01  1.592432270333D+01  1.573860511716D+01  1.555299318922D+01
  1.536765607392D+01  1.518275719884D+01  1.499844789083D+01  1.481486565316D+01
  1.463212957783D+01  1.445034050917D+01  1.426957829343D+01  1.408990361996D+01
  1.391135671770D+01  1.373396037831D+01  1.355771956374D+01  1.338262508491D+01
  1.320865363624D+01  1.303577170703D+01  1.286393568939D+01  1.269309573746D+01
  1.252319572745D+01  1.235417689951D+01  1.218597755183D+01  1.201853638547D+01
  1.185179188374D+01  1.168568533493D+01  1.152015989017D+01  1.135516327086D+01
  1.119064652172D+01  1.102656642682D+01  1.086288398658D+01  1.069956657444D+01
  1.053658617179D+01  1.037392130013D+01  1.021155504903D+01  1.004947681836D+01
  9.887680172735D+00  9.726164425600D+00  9.564932350073D+00  9.403991632208D+00
  9.243352462565D+00  9.083028879588D+00  8.923036259039D+00  8.763392560282D+00
  8.604115721759D+00  8.445224813303D+00  8.286737335594D+00  8.128670271082D+00
  7.971037274867D+00  7.813849606815D+00  7.657113193191D+00  7.500829415379D+00
  7.344992017014D+00  7.189587766962D+00  7.034593057050D+00  6.879974575597D+00
  6.725685601733D+00
Vac0 POTENTIAL                      exc: Vosko,Wilk,Nusair      
  2.37798540  6.82500000  2.34921590
   0.00000
   2.59633   0.7247658577   0.8163257545
353
 0.25000000D-01 0.39141124D-03
 0 1
  7.465637907651D-01  7.465408891649D-01  7.465165672963D-01  7.465096754458D-01
  7.465056901441D-01  7.465041598454D-01  7.465027691749D-01  7.465029105388D-01
  7.465027997739D-01  7.465040379533D-01  7.465049405720D-01  7.465071639919D-01
  7.465090585588D-01  7.465123053079D-01  7.465152741406D-01  7.465196630839D-01
  7.465238581504D-01  7.465295735398D-01  7.465352121651D-01  7.465425064893D-01
  7.465498795939D-01  7.465590864347D-01  7.465685754823D-01  7.465801305381D-01
  7.465922329617D-01  7.466067042399D-01  7.466220690103D-01  7.466401985806D-01
  7.466596750154D-01  7.466824359637D-01  7.467071402477D-01  7.467358144039D-01
  7.467672203594D-01  7.468035043654D-01  7.468435674898D-01  7.468897178821D-01
  7.469410434808D-01  7.469999860718D-01  7.470599024907D-01  7.470847080199D-01
  7.470576105754D-01  7.470327523577D-01  7.470083718494D-01  7.469860370068D-01
  7.469640041591D-01  7.469438570890D-01  7.469238662237D-01  7.469056279149D-01
  7.468874238266D-01  7.468708603934D-01  7.468542283283D-01  7.468391422293D-01
  7.468239001710D-01  7.468101234084D-01  7.467961160509D-01  7.467835048356D-01
  7.467705988540D-01  7.467590293875D-01  7.467471096755D-01  7.467364747851D-01
  7.467254414327D-01  7.467156478627D-01  7.467054137191D-01  7.466963799396D-01
  7.466868686390D-01  7.466785230423D-01  7.466696673773D-01  7.466619468153D-01
  7.466536873901D-01  7.466465359482D-01  7.466388200747D-01  7.466321880594D-01
  7.466249688267D-01  7.466188119153D-01  7.466120474113D-01  7.466063259386D-01
  7.465999785953D-01  7.465946569467D-01  7.465886929793D-01  7.465837390845D-01
  7.465781280202D-01  7.465735129055D-01  7.465682271787D-01  7.465639245985D-01
  7.465589392021D-01  7.465549253108D-01  7.465502174928D-01  7.465464705689D-01
  7.465420195747D-01  7.465385197740D-01  7.465343066186D-01  7.465310357643D-01
  7.465270430341D-01  7.465239844315D-01  7.465201961081D-01  7.465173343794D-01
  7.465137356910D-01  7.465110566330D-01  7.465076339130D-01  7.465051243687D-01
  7.465018649392D-01  7.464995126814D-01  7.464964047432D-01  7.464941983758D-01
  7.464912309107D-01  7.464891597732D-01  7.464863224577D-01  7.464843765442D-01
  7.464816596699D-01  7.464798295501D-01  7.464772239492D-01  7.464755007007D-01
  7.464729976795D-01  7.464713728215D-01  7.464689640977D-01  7.464674295314D-01
  7.464651071752D-01  7.464636551269D-01  7.464614115056D-01  7.464600344711D-01
  7.464578621970D-01  7.464565528913D-01  7.464544447694D-01  7.464531960752D-01
  7.464511450543D-01  7.464499499737D-01  7.464479490968D-01  7.464468007019D-01
  7.464448430576D-01  7.464437344420D-01  7.464418131162D-01  7.464407373448D-01
  7.464388453693D-01  7.464377954291D-01  7.464359257327D-01  7.464348944796D-01
  7.464330398330D-01  7.464320199393D-01  7.464301729012D-01  7.464291567975D-01
  7.464273096562D-01  7.464262894730D-01  7.464244341847D-01  7.464234016879D-01
  7.464215298115D-01  7.464204763354D-01  7.464185789624D-01  7.464174953366D-01
  7.464155630150D-01  7.464144394859D-01  7.464124621395D-01  7.464112882855D-01
  7.464092551245D-01  7.464080197640D-01  7.464059191895D-01  7.464046102797D-01
  7.464024297784D-01  7.464010343071D-01  7.463987603366D-01  7.463972642008D-01
  7.463948820650D-01  7.463932699403D-01  7.463907636510D-01  7.463890188477D-01
  7.463863709740D-01  7.463844752787D-01  7.463816667811D-01  7.463796002828D-01
  7.463766103310D-01  7.463743512298D-01  7.463711570018D-01  7.463686813980D-01
  7.463652578585D-01  7.463625395208D-01  7.463588591783D-01  7.463558692877D-01
  7.463519019252D-01  7.463486087927D-01  7.463443211717D-01  7.463406899272D-01
  7.463360454603D-01  7.463320377092D-01  7.463269960996D-01  7.463225695435D-01
  7.463170863865D-01  7.463121944045D-01  7.463062207478D-01  7.463008119347D-01
  7.462942937927D-01  7.462883114483D-01  7.462811892653D-01  7.462745708310D-01
  7.462667788896D-01  7.462594553253D-01  7.462509210911D-01  7.462428161877D-01
  7.462334595868D-01  7.462244892059D-01  7.462142218258D-01  7.462042930602D-01
  7.461930172672D-01  7.461820275131D-01  7.461696354770D-01  7.461574714087D-01
  7.461438440252D-01  7.461303804620D-01  7.461153861615D-01  7.461004848160D-01
  7.460839782475D-01  7.460674863418D-01  7.460493069183D-01  7.460310556548D-01
  7.460110259456D-01  7.459908288167D-01  7.459687527708D-01  7.459464036913D-01
  7.459220646734D-01  7.458973359155D-01  7.458704945352D-01  7.458431344467D-01
  7.458135261596D-01  7.457832566411D-01  7.457505890963D-01  7.457171028131D-01
  7.456810529218D-01  7.456440102213D-01  7.456042209159D-01  7.455632464205D-01
  7.455193230720D-01  7.454740019120D-01  7.454255083697D-01  7.453753820191D-01
  7.453218362313D-01  7.452663979035D-01  7.452072670768D-01  7.451459566343D-01
  7.450806518808D-01  7.450128502064D-01  7.449407206247D-01  7.448657433982D-01
  7.447860695293D-01  7.447031603445D-01  7.446151469337D-01  7.445234696877D-01
  7.444262376807D-01  7.443248681558D-01  7.442174458453D-01  7.441053623984D-01
  7.439866756319D-01  7.438627488950D-01  7.437316102422D-01  7.435945917282D-01
  7.434496884955D-01  7.432981979913D-01  7.431380789607D-01  7.429705905771D-01
  7.427936513301D-01  7.426084780614D-01  7.424129447353D-01  7.422082213689D-01
  7.419921326735D-01  7.417657968673D-01  7.415269841731D-01  7.412767555006D-01
  7.410128207846D-01  7.407361775226D-01  7.404444689358D-01  7.401386223449D-01
  7.398162071348D-01  7.394780729507D-01  7.391217074430D-01  7.387478742639D-01
  7.383539705675D-01  7.379406647833D-01  7.375052538434D-01  7.370483007065D-01
  7.365669912803D-01  7.360617716657D-01  7.355297047385D-01  7.349711070793D-01
  7.343829051728D-01  7.337652719842D-01  7.331149827286D-01  7.324320510484D-01
  7.317130842975D-01  7.309579192668D-01  7.301629769195D-01  7.293278976032D-01
  7.284488951602D-01  7.275253915536D-01  7.265533702649D-01  7.255320102460D-01
  7.244570384993D-01  7.233273632513D-01  7.221384255882D-01  7.208888317246D-01
  7.195737035423D-01  7.181913097981D-01  7.167364153806D-01  7.152069112647D-01
  7.135971622571D-01  7.119046354608D-01  7.101232462254D-01  7.082499848229D-01
  7.062782602503D-01  7.042045247417D-01  7.020216149808D-01  6.997253739755D-01
  6.973079891219D-01  6.947646108420D-01  6.920866867942D-01  6.892685765105D-01
  6.863008808596D-01  6.831770517115D-01  6.798867155199D-01  6.764222767723D-01
  6.727722342487D-01  6.689277766742D-01  6.648760898165D-01  6.606069423156D-01
  6.561059812776D-01  6.513613056914D-01  6.463567475268D-01  6.410784294206D-01
  6.355080274513D-01  6.296293088381D-01  6.234213714875D-01  6.168651562329D-01
  6.099366568534D-01  6.026133998061D-01  5.948676166078D-01  5.866726819660D-01
  5.779962380683D-01  5.688065793618D-01  5.590657152593D-01  5.487356863877D-01
  5.377715483145D-01  5.261275996969D-01  5.137502646715D-01  5.005842078073D-01
  4.865650866341D-01  4.716255215363D-01  4.556876824773D-01  4.386690741248D-01
  4.204749125133D-01  4.010036765383D-01  3.801392255406D-01  3.577560560907D-01
  3.337110997241D-01  3.078487725674D-01  2.799919355874D-01  2.499471191254D-01
  2.174947828007D-01
Vac0 POTENTIAL                      exc: Vosko,Wilk,Nusair      
  1.80145647  6.82500000  1.81203139
   0.00000
   2.10533   0.7247658577   0.8163257545
353
 0.25000000D-01 0.31739093D-03
 0 1
  5.566124101237D-01  5.565766147800D-01  5.565395365910D-01  5.565283080386D-01
  5.565220665699D-01  5.565183484235D-01  5.565154081117D-01  5.565135673180D-01
  5.565118711899D-01  5.565109464558D-01  5.565099801407D-01  5.565096740108D-01
  5.565092584881D-01  5.565094627806D-01  5.565095357636D-01  5.565102199075D-01
  5.565107742617D-01  5.565119496164D-01  5.565130122026D-01  5.565147193348D-01
  5.565163435343D-01  5.565186483832D-01  5.565209128789D-01  5.565239073912D-01
  5.565269182881D-01  5.565307239967D-01  5.565346197365D-01  5.565393938353D-01
  5.565443526058D-01  5.565502968455D-01  5.565565469724D-01  5.565639197949D-01
  5.565717538964D-01  5.565808867870D-01  5.565906806660D-01  5.566020000217D-01
  5.566142377025D-01  5.566282789152D-01  5.566422697894D-01  5.566470310142D-01
  5.566390232651D-01  5.566317996147D-01  5.566245864941D-01  5.566181009803D-01
  5.566115747048D-01  5.566057293515D-01  5.565998006588D-01  5.565945139710D-01
  5.565891082990D-01  5.565843119281D-01  5.565793665046D-01  5.565750026961D-01
  5.565704642983D-01  5.565664839153D-01  5.565623071079D-01  5.565586680783D-01
  5.565548138399D-01  5.565514799222D-01  5.565479145479D-01  5.565448543522D-01
  5.565415485762D-01  5.565387347810D-01  5.565356630577D-01  5.565330717568D-01
  5.565302116950D-01  5.565278218866D-01  5.565251537634D-01  5.565229469104D-01
  5.565204532866D-01  5.565184129658D-01  5.565160783589D-01  5.565141899604D-01
  5.565120005714D-01  5.565102510524D-01  5.565081945428D-01  5.565065722176D-01
  5.565046375116D-01  5.565031318739D-01  5.565013089977D-01  5.564999105715D-01
  5.564981905126D-01  5.564968907215D-01  5.564952653115D-01  5.564940563685D-01
  5.564925181786D-01  5.564913929905D-01  5.564899352433D-01  5.564888873288D-01
  5.564875038204D-01  5.564865272357D-01  5.564852122685D-01  5.564843015473D-01
  5.564830498690D-01  5.564821999633D-01  5.564810067191D-01  5.564802129513D-01
  5.564790736315D-01  5.564783316518D-01  5.564772420543D-01  5.564765477990D-01
  5.564755039911D-01  5.564748536481D-01  5.564738519313D-01  5.564732419093D-01
  5.564722787901D-01  5.564717056864D-01  5.564707778473D-01  5.564702384227D-01
  5.564693426957D-01  5.564688338470D-01  5.564679671898D-01  5.564674859293D-01
  5.564666453995D-01  5.564661888281D-01  5.564653715659D-01  5.564649368538D-01
  5.564641400549D-01  5.564637244193D-01  5.564629453176D-01  5.564625460031D-01
  5.564617818478D-01  5.564613961042D-01  5.564606441396D-01  5.564602692013D-01
  5.564595266469D-01  5.564591597112D-01  5.564584237380D-01  5.564580619447D-01
  5.564573296546D-01  5.564569700619D-01  5.564562384637D-01  5.564558780250D-01
  5.564551440105D-01  5.564547795493D-01  5.564540398673D-01  5.564536680512D-01
  5.564529192803D-01  5.564525365919D-01  5.564517751115D-01  5.564513778185D-01
  5.564505997769D-01  5.564501838996D-01  5.564493851795D-01  5.564489464547D-01
  5.564481226379D-01  5.564476564811D-01  5.564468028064D-01  5.564463042697D-01
  5.564454155906D-01  5.564448793167D-01  5.564439500530D-01  5.564433702256D-01
  5.564423943111D-01  5.564417646000D-01  5.564407354252D-01  5.564400489257D-01
  5.564389592748D-01  5.564382084425D-01  5.564370504243D-01  5.564362270020D-01
  5.564349919730D-01  5.564340869109D-01  5.564327653926D-01  5.564317687598D-01
  5.564303503456D-01  5.564292512343D-01  5.564277244877D-01  5.564265109050D-01
  5.564248632477D-01  5.564235219984D-01  5.564217395860D-01  5.564202561427D-01
  5.564183237282D-01  5.564166820870D-01  5.564145828704D-01  5.564127653930D-01
  5.564104808543D-01  5.564084680930D-01  5.564059778082D-01  5.564037483125D-01
  5.564010297512D-01  5.563985598545D-01  5.563955881552D-01  5.563928517390D-01
  5.563895994613D-01  5.563865676953D-01  5.563830045464D-01  5.563796456001D-01
  5.563757381328D-01  5.563720168582D-01  5.563677281361D-01  5.563636057164D-01
  5.563588949454D-01  5.563543285070D-01  5.563491506270D-01  5.563440928108D-01
  5.563383980451D-01  5.563327965325D-01  5.563265298897D-01  5.563203268789D-01
  5.563134276023D-01  5.563065592297D-01  5.562989601889D-01  5.562913558893D-01
  5.562829829076D-01  5.562745647072D-01  5.562653358185D-01  5.562560175536D-01
  5.562458421808D-01  5.562355286339D-01  5.562243066806D-01  5.562128926258D-01
  5.562005134728D-01  5.561878826202D-01  5.561742240157D-01  5.561602478451D-01
  5.561451746780D-01  5.561297111489D-01  5.561130740932D-01  5.560959662191D-01
  5.560776002341D-01  5.560586745064D-01  5.560383971798D-01  5.560174618248D-01
  5.559950715402D-01  5.559719145924D-01  5.559471885030D-01  5.559215756747D-01
  5.558942674631D-01  5.558659397882D-01  5.558357771889D-01  5.558044484181D-01
  5.557711304781D-01  5.557364841975D-01  5.556996782462D-01  5.556613646913D-01
  5.556207029895D-01  5.555783355204D-01  5.555334115536D-01  5.554865627568D-01
  5.554369271348D-01  5.553851245103D-01  5.553302804309D-01  5.552730016203D-01
  5.552123998500D-01  5.551490673569D-01  5.550821006766D-01  5.550120760235D-01
  5.549380730815D-01  5.548606503424D-01  5.547788688499D-01  5.546932674914D-01
  5.546028866900D-01  5.545082436447D-01  5.544083559648D-01  5.543037168531D-01
  5.541933186760D-01  5.540776280835D-01  5.539556095076D-01  5.538277002127D-01
  5.536928337139D-01  5.535514147500D-01  5.534023426130D-01  5.532459860346D-01
  5.530812064174D-01  5.529083326253D-01  5.527261841039D-01  5.525350455649D-01
  5.523336899840D-01  5.521223531650D-01  5.518997566018D-01  5.516660819093D-01
  5.514199935329D-01  5.511616130301D-01  5.508895416100D-01  5.506038342479D-01
  5.503030220350D-01  5.499870861051D-01  5.496544797718D-01  5.493051022449D-01
  5.489373205281D-01  5.485509429003D-01  5.481442405436D-01  5.477169207586D-01
  5.472671482903D-01  5.467945182428D-01  5.462970770636D-01  5.457742951187D-01
  5.452240872903D-01  5.446457851664D-01  5.440371572005D-01  5.433973804627D-01
  5.427240603003D-01  5.420162015890D-01  5.412712278239D-01  5.404879517975D-01
  5.396635940392D-01  5.387967528337D-01  5.378844219108D-01  5.369249597032D-01
  5.359151061693D-01  5.348529511689D-01  5.337349502815D-01  5.325588921515D-01
  5.313209131352D-01  5.300184634398D-01  5.286473203960D-01  5.272045531746D-01
  5.256855344396D-01  5.240869033776D-01  5.224035754297D-01  5.206317033076D-01
  5.187656844329D-01  5.168011195360D-01  5.147318173407D-01  5.125527502417D-01
  5.102570556601D-01  5.078389881671D-01  5.052909167873D-01  5.026062727739D-01
  4.997765419489D-01  4.967942071207D-01  4.936497343094D-01  4.903345085238D-01
  4.868378124044D-01  4.831497537222D-01  4.792582345637D-01  4.751518684519D-01
  4.708169376665D-01  4.662402972825D-01  4.614063175263D-01  4.562997712358D-01
  4.509027572422D-01  4.451975667168D-01  4.391635823702D-01  4.327801177790D-01
  4.260232856127D-01  4.188688022194D-01  4.112888159958D-01  4.032546671062D-01
  3.947336643346D-01  3.856917866217D-01  3.760903930513D-01  3.658888486933D-01
  3.550411475261D-01  3.434984391144D-01  3.312055398323D-01  3.181033270882D-01
  3.041251015799D-01  2.891989187765D-01  2.732433917789D-01  2.561702970588D-01
  2.378798186310D-01
