In49 POTENTIAL                      exc: Vosko,Wilk,Nusair      
  2.14187055  6.17500000  2.11957662
  49.00000
   2.34253   1.0890124270   0.9652353652
353
 0.25000000D-01 0.35315022D-03
 9 1
    0  -1.96656160000D+03
    0  -2.87428550000D+02
    0  -5.37136240000D+01
    0  -7.39818510000D+00
    1  -2.68528840000D+02
    1  -4.59639090000D+01
    1  -4.86454470000D+00
    2  -3.15522220000D+01
    2  -7.38539920000D-01
  4.728031842100D+02  4.728282023261D+02  4.728537952072D+02  4.728799697534D+02
  4.729067343215D+02  4.729341024748D+02  4.729620835446D+02  4.729906912426D+02
  4.730199351646D+02  4.730498292057D+02  4.730803831653D+02  4.731116110938D+02
  4.731435229521D+02  4.731761329147D+02  4.732094510623D+02  4.732434916551D+02
  4.732782648483D+02  4.733137849430D+02  4.733500621173D+02  4.733871106604D+02
  4.734249407152D+02  4.734635664985D+02  4.735029980517D+02  4.735432494497D+02
  4.735843305577D+02  4.736262552292D+02  4.736690330683D+02  4.737126776179D+02
  4.737571981252D+02  4.738026077213D+02  4.738489151887D+02  4.738961331332D+02
  4.739442697520D+02  4.739933369981D+02  4.740433423482D+02  4.740942969602D+02
  4.741462074398D+02  4.741990839909D+02  4.742529321807D+02  4.743077610827D+02
  4.743635750483D+02  4.744203818159D+02  4.744781842977D+02  4.745369886987D+02
  4.745967962732D+02  4.746576114447D+02  4.747194335590D+02  4.747822649952D+02
  4.748461029145D+02  4.749109473631D+02  4.749767930150D+02  4.750436372668D+02
  4.751114719743D+02  4.751802915381D+02  4.752500846340D+02  4.753208422894D+02
  4.753925496058D+02  4.754651938263D+02  4.755387560499D+02  4.756132192890D+02
  4.756885601758D+02  4.757647570089D+02  4.758417814513D+02  4.759196065659D+02
  4.759981985047D+02  4.760775245329D+02  4.761575447086D+02  4.762382198958D+02
  4.763195034337D+02  4.764013491385D+02  4.764837029627D+02  4.765665109848D+02
  4.766497110585D+02  4.767332407909D+02  4.768170291814D+02  4.769010045881D+02
  4.769850863566D+02  4.770691927756D+02  4.771532326956D+02  4.772371134734D+02
  4.773207325819D+02  4.774039855447D+02  4.774867575368D+02  4.775689313109D+02
  4.776503787899D+02  4.777309689859D+02  4.778105595863D+02  4.778890048669D+02
  4.779661472733D+02  4.780418253301D+02  4.781158652200D+02  4.781880886912D+02
  4.782583046369D+02  4.783263170040D+02  4.783919163760D+02  4.784548878860D+02
  4.785150028073D+02  4.785720264744D+02  4.786257098855D+02  4.786757976365D+02
  4.787220195394D+02  4.787640985754D+02  4.788017425345D+02  4.788346519931D+02
  4.788625119819D+02  4.788849999939D+02  4.789017776877D+02  4.789124989334D+02
  4.789168015583D+02  4.789143154392D+02  4.789046542987D+02  4.788874238519D+02
  4.788622136624D+02  4.788286053532D+02  4.787861645304D+02  4.787344490682D+02
  4.786730011108D+02  4.786013554401D+02  4.785190315664D+02  4.784255421880D+02
  4.783203853807D+02  4.782030531595D+02  4.780730237748D+02  4.779297703863D+02
  4.777727534752D+02  4.776014296366D+02  4.774152441158D+02  4.772136397271D+02
  4.769960495181D+02  4.767619058205D+02  4.765106330463D+02  4.762416568713D+02
  4.759543971647D+02  4.756482773041D+02  4.753227172343D+02  4.749771429087D+02
  4.746109794703D+02  4.742236608082D+02  4.738146228475D+02  4.733833132053D+02
  4.729291845695D+02  4.724517044315D+02  4.719503485273D+02  4.714246106162D+02
  4.708739959498D+02  4.702980310579D+02  4.696962572021D+02  4.690682401216D+02
  4.684135634190D+02  4.677318382096D+02  4.670226963785D+02  4.662858000666D+02
  4.655208347303D+02  4.647275183908D+02  4.639055944178D+02  4.630548404622D+02
  4.621750608809D+02  4.612660952680D+02  4.603278104352D+02  4.593601084567D+02
  4.583629181216D+02  4.573362024126D+02  4.562799493563D+02  4.551941788681D+02
  4.540789329422D+02  4.529342818255D+02  4.517603135172D+02  4.505571392556D+02
  4.493248823569D+02  4.480636830637D+02  4.467736867991D+02  4.454550485023D+02
  4.441079204657D+02  4.427324563778D+02  4.413287990206D+02  4.398970843580D+02
  4.384374294977D+02  4.369499372959D+02  4.354346851202D+02  4.338917305667D+02
  4.323211016700D+02  4.307228044118D+02  4.290968150649D+02  4.274430901540D+02
  4.257615615250D+02  4.240521492286D+02  4.223147596015D+02  4.205493011128D+02
  4.187556851846D+02  4.169338443557D+02  4.150837347843D+02  4.132053552432D+02
  4.112987494091D+02  4.093640234493D+02  4.074013456273D+02  4.054109599388D+02
  4.033931806148D+02  4.013483997325D+02  3.992770750968D+02  3.971797310444D+02
  3.950569397895D+02  3.929093164176D+02  3.907374955653D+02  3.885421232207D+02
  3.863238318992D+02  3.840832327123D+02  3.818208925343D+02  3.795373296167D+02
  3.772329955907D+02  3.749082768793D+02  3.725634831037D+02  3.701988551467D+02
  3.678145601217D+02  3.654107056201D+02  3.629873402443D+02  3.605444726136D+02
  3.580820757191D+02  3.556001087347D+02  3.530985231227D+02  3.505772851375D+02
  3.480363815930D+02  3.454758410491D+02  3.428957373524D+02  3.402962077580D+02
  3.376774526854D+02  3.350397494343D+02  3.323834470212D+02  3.297089746148D+02
  3.270168308688D+02  3.243075867939D+02  3.215818696462D+02  3.188403606729D+02
  3.160837744132D+02  3.133128525981D+02  3.105283406536D+02  3.077309800757D+02
  3.049214849009D+02  3.021005358284D+02  2.992687603579D+02  2.964267325943D+02
  2.935749610253D+02  2.907138976813D+02  2.878439364887D+02  2.849654334647D+02
  2.820787155240D+02  2.791841092930D+02  2.762819553721D+02  2.733726382456D+02
  2.704565964668D+02  2.675343431625D+02  2.646064621494D+02  2.616736112260D+02
  2.587365001284D+02  2.557958772313D+02  2.528524948557D+02  2.499070890453D+02
  2.469603445472D+02  2.440128807328D+02  2.410652281724D+02  2.381178299729D+02
  2.351710356859D+02  2.322251200402D+02  2.292802927257D+02  2.263367303134D+02
  2.233945958082D+02  2.204540765648D+02  2.175154060925D+02  2.145789006858D+02
  2.116449767653D+02  2.087141803790D+02  2.057871952353D+02  2.028648612430D+02
  1.999481704415D+02  1.970382727292D+02  1.941364588163D+02  1.912441531545D+02
  1.883628846514D+02  1.854942683584D+02  1.826399661965D+02  1.798016603215D+02
  1.769810074933D+02  1.741796084428D+02  1.713989610108D+02  1.686404315533D+02
  1.659052139563D+02  1.631943114169D+02  1.605085109766D+02  1.578483864730D+02
  1.552142999286D+02  1.526064361915D+02  1.500248385238D+02  1.474694757570D+02
  1.449403026081D+02  1.424373367061D+02  1.399607078642D+02  1.375107008771D+02
  1.350877511551D+02  1.326924246255D+02  1.303253551131D+02  1.279871836711D+02
  1.256784807077D+02  1.233996955859D+02  1.211511083882D+02  1.189328192384D+02
  1.167447408352D+02  1.145866230378D+02  1.124580717175D+02  1.103585899560D+02
  1.082876047529D+02  1.062445091151D+02  1.042286846140D+02  1.022395360979D+02
  1.002765050052D+02  9.833909408886D+01  9.642687075012D+01  9.453948224705D+01
  9.267665038360D+01  9.083817908910D+01  8.902394260475D+01  8.723388770943D+01
  8.546801768523D+01  8.372639139426D+01  8.200910509227D+01  8.031629024832D+01
  7.864809489566D+01  7.700468166430D+01  7.538620991536D+01  7.379283501095D+01
  7.222469204449D+01  7.068189696325D+01  6.916453233442D+01  6.767265060774D+01
  6.620626208025D+01  6.476534036532D+01  6.334981255425D+01  6.195956684478D+01
  6.059444482564D+01  5.925425116752D+01  5.793874789763D+01  5.664766594791D+01
  5.538070108277D+01  5.413752675784D+01  5.291779086798D+01  5.172112875035D+01
  5.054715927461D+01  4.939549631758D+01  4.826574254977D+01  4.715749803005D+01
  4.607035090603D+01  4.500388325147D+01  4.395765874413D+01  4.293122771236D+01
  4.192411328912D+01
N_07 POTENTIAL                      exc: Vosko,Wilk,Nusair      
  1.63952924  6.17500000  1.64793099
   7.00000
   1.91467   1.0890124270   0.9652353652
353
 0.25000000D-01 0.28864751D-03
 2 1
    0  -2.69998930000D+01
    0  -4.29582100000D-01
  2.633453892934D+01  2.633490126190D+01  2.633527231570D+01  2.633567782300D+01
  2.633609831476D+01  2.633653177016D+01  2.633697680712D+01  2.633743400028D+01
  2.633790271743D+01  2.633838383064D+01  2.633887685248D+01  2.633938273733D+01
  2.633990105101D+01  2.634043278613D+01  2.634097753859D+01  2.634153632633D+01
  2.634210876777D+01  2.634269590166D+01  2.634329736621D+01  2.634391421938D+01
  2.634454611826D+01  2.634519413958D+01  2.634585795920D+01  2.634653867272D+01
  2.634723597509D+01  2.634795098117D+01  2.634868340548D+01  2.634943438273D+01
  2.635020364762D+01  2.635099235540D+01  2.635180026165D+01  2.635262854290D+01
  2.635347697640D+01  2.635434676075D+01  2.635523769568D+01  2.635615100270D+01
  2.635708650489D+01  2.635804544753D+01  2.635902767807D+01  2.636003447155D+01
  2.636106607969D+01  2.636212340652D+01  2.636320635076D+01  2.636431623466D+01
  2.636545298387D+01  2.636661794807D+01  2.636781108078D+01  2.636903376005D+01
  2.637028596827D+01  2.637156911283D+01  2.637288320597D+01  2.637422968538D+01
  2.637560859412D+01  2.637702140118D+01  2.637846818137D+01  2.637995043596D+01
  2.638146827247D+01  2.638302322536D+01  2.638461543583D+01  2.638624647245D+01
  2.638791651100D+01  2.638962715504D+01  2.639137861579D+01  2.639317253268D+01
  2.639500915319D+01  2.639689015340D+01  2.639881581781D+01  2.640078785991D+01
  2.640280660193D+01  2.640487379538D+01  2.640698980083D+01  2.640915640843D+01
  2.641137401759D+01  2.641364445751D+01  2.641596816687D+01  2.641834701427D+01
  2.642078147787D+01  2.642327346586D+01  2.642582349602D+01  2.642843351609D+01
  2.643110408340D+01  2.643383718507D+01  2.643663341764D+01  2.643949480725D+01
  2.644242198908D+01  2.644541702757D+01  2.644848059581D+01  2.645161479555D+01
  2.645482033662D+01  2.645809935683D+01  2.646145260124D+01  2.646488224205D+01
  2.646838905770D+01  2.647197525267D+01  2.647564163645D+01  2.647939044323D+01
  2.648322251073D+01  2.648714009976D+01  2.649114407290D+01  2.649523671388D+01
  2.649941890611D+01  2.650369295190D+01  2.650805975082D+01  2.651252161867D+01
  2.651707946567D+01  2.652173561526D+01  2.652649098198D+01  2.653134789007D+01
  2.653630725115D+01  2.654137138251D+01  2.654654118448D+01  2.655181895850D+01
  2.655720558418D+01  2.656270333702D+01  2.656831306515D+01  2.657403700674D+01
  2.657987596630D+01  2.658583213177D+01  2.659190625045D+01  2.659810044557D+01
  2.660441539186D+01  2.661085313169D+01  2.661741425012D+01  2.662410069051D+01
  2.663091292914D+01  2.663785279026D+01  2.664492062012D+01  2.665211810144D+01
  2.665944542686D+01  2.666690411278D+01  2.667449417216D+01  2.668221692765D+01
  2.669007218369D+01  2.669806103898D+01  2.670618305773D+01  2.671443908138D+01
  2.672282839910D+01  2.673135155859D+01  2.674000753574D+01  2.674879654454D+01
  2.675771720583D+01  2.676676935629D+01  2.677595121613D+01  2.678526219714D+01
  2.679470006935D+01  2.680426376796D+01  2.681395055901D+01  2.682375884514D+01
  2.683368533009D+01  2.684372782337D+01  2.685388240359D+01  2.686414622182D+01
  2.687451466380D+01  2.688498415202D+01  2.689554930665D+01  2.690620574642D+01
  2.691694724818D+01  2.692776854653D+01  2.693866249209D+01  2.694962284986D+01
  2.696064145613D+01  2.697171101559D+01  2.698282225698D+01  2.699396672891D+01
  2.700513395430D+01  2.701631422498D+01  2.702749575495D+01  2.703866747387D+01
  2.704981617925D+01  2.706092932886D+01  2.707199219203D+01  2.708299064119D+01
  2.709390830228D+01  2.710472934571D+01  2.711543563615D+01  2.712600952298D+01
  2.713643098981D+01  2.714668044471D+01  2.715673586973D+01  2.716657561127D+01
  2.717617552996D+01  2.718551179158D+01  2.719455801770D+01  2.720328807767D+01
  2.721167324051D+01  2.721968496848D+01  2.722729207084D+01  2.723446349959D+01
  2.724116550579D+01  2.724736443820D+01  2.725302390283D+01  2.725810756530D+01
  2.726257631452D+01  2.726639106955D+01  2.726950994840D+01  2.727189108034D+01
  2.727348978077D+01  2.727426137014D+01  2.727415835589D+01  2.727313325911D+01
  2.727113580480D+01  2.726811575736D+01  2.726402012040D+01  2.725879598245D+01
  2.725238772745D+01  2.724473989194D+01  2.723579438767D+01  2.722549337148D+01
  2.721377648132D+01  2.720058372011D+01  2.718585270644D+01  2.716952157363D+01
  2.715152623623D+01  2.713180330550D+01  2.711028737268D+01  2.708691394184D+01
  2.706161673092D+01  2.703433062254D+01  2.700498898344D+01  2.697352663385D+01
  2.693987718550D+01  2.690397602969D+01  2.686575769380D+01  2.682515884766D+01
  2.678211567802D+01  2.673656691236D+01  2.668845121016D+01  2.663771020270D+01
  2.658428589930D+01  2.652812374091D+01  2.646917001881D+01  2.640737493910D+01
  2.634269005040D+01  2.627507131545D+01  2.620447654366D+01  2.613086846504D+01
  2.605421216240D+01  2.597447814198D+01  2.589163975922D+01  2.580567627946D+01
  2.571657029011D+01  2.562431074393D+01  2.552889034963D+01  2.543030858926D+01
  2.532856907837D+01  2.522368254830D+01  2.511566416643D+01  2.500453647344D+01
  2.489032665356D+01  2.477306941655D+01  2.465280420753D+01  2.452957802306D+01
  2.440344255069D+01  2.427445690860D+01  2.414268470371D+01  2.400819668615D+01
  2.387106771671D+01  2.373137932657D+01  2.358921658602D+01  2.344467056200D+01
  2.329783508143D+01  2.314880908103D+01  2.299769326107D+01  2.284459232454D+01
  2.268961152009D+01  2.253285877133D+01  2.237444111196D+01  2.221446671067D+01
  2.205304120722D+01  2.189026964523D+01  2.172625272577D+01  2.156108867009D+01
  2.139486941881D+01  2.122768246042D+01  2.105960702110D+01  2.089071591503D+01
  2.072107179431D+01  2.055072910601D+01  2.037973050556D+01  2.020810904481D+01
  2.003588489606D+01  1.986306794286D+01  1.968965501051D+01  1.951563307699D+01
  1.934097724214D+01  1.916565479408D+01  1.898962413762D+01  1.881283989572D+01
  1.863525290255D+01  1.845681633123D+01  1.827748658547D+01  1.809723009122D+01
  1.791602450089D+01  1.773386533518D+01  1.755076648806D+01  1.736676557896D+01
  1.718192260036D+01  1.699632294346D+01  1.681007342100D+01  1.662330259722D+01
  1.643615429522D+01  1.624878583039D+01  1.606136002671D+01  1.587404267428D+01
  1.568699450415D+01  1.550036927500D+01  1.531430691964D+01  1.512893318179D+01
  1.494435451761D+01  1.476065953403D+01  1.457791560919D+01  1.439617187505D+01
  1.421545715123D+01  1.403578398661D+01  1.385714739778D+01  1.367952947911D+01
  1.350289850059D+01  1.332721370093D+01  1.315242442446D+01  1.297847484049D+01
  1.280530292073D+01  1.263284493695D+01  1.246103417341D+01  1.228980513193D+01
  1.211909193596D+01  1.194883222083D+01  1.177896522339D+01  1.160943536327D+01
  1.144019003248D+01  1.127118288805D+01  1.110237136566D+01  1.093371970994D+01
  1.076519623946D+01  1.059677614153D+01  1.042843851443D+01  1.026016895077D+01
  1.009195637827D+01  9.923795449759D+00  9.755683196967D+00  9.587621237016D+00
  9.419612244319D+00  9.251661973629D+00  9.083775544843D+00  8.915959272250D+00
  8.748216747551D+00  8.580550457010D+00  8.412957644314D+00  8.245431695949D+00
  8.077957770004D+00  7.910514023091D+00  7.743066761181D+00  7.575571829997D+00
  7.407969350981D+00
Vac0 POTENTIAL                      exc: Vosko,Wilk,Nusair      
  2.14187055  6.17500000  2.11957662
   0.00000
   2.34253   1.0890124270   0.9652353652
353
 0.25000000D-01 0.35315022D-03
 0 1
  9.366336823800D-01  9.366019250059D-01  9.365686360094D-01  9.365588821295D-01
  9.365534651411D-01  9.365509236951D-01  9.365489196943D-01  9.365485201694D-01
  9.365481136454D-01  9.365490517888D-01  9.365498588934D-01  9.365519617778D-01
  9.365539319428D-01  9.365572296125D-01  9.365604527635D-01  9.365650847269D-01
  9.365697454482D-01  9.365759404127D-01  9.365823129628D-01  9.365903941002D-01
  9.365988554714D-01  9.366092599691D-01  9.366203155246D-01  9.366336265765D-01
  9.366479488305D-01  9.366649418377D-01  9.366834250859D-01  9.367051320787D-01
  9.367289681916D-01  9.367567668553D-01  9.367875498154D-01  9.368232862339D-01
  9.368631563091D-01  9.369093143809D-01  9.369611572922D-01  9.370210929867D-01
  9.370888127358D-01  9.371669385062D-01  9.372471158299D-01  9.372835714347D-01
  9.372531366258D-01  9.372250085129D-01  9.371976355523D-01  9.371723511897D-01
  9.371476239889D-01  9.371248052340D-01  9.371023793627D-01  9.370817118167D-01
  9.370612996990D-01  9.370425198022D-01  9.370238794341D-01  9.370067645812D-01
  9.369896908410D-01  9.369740517051D-01  9.369583695719D-01  9.369440441057D-01
  9.369296033219D-01  9.369164520001D-01  9.369031228305D-01  9.368910248657D-01
  9.368786947048D-01  9.368675449830D-01  9.368561156037D-01  9.368458222303D-01
  9.368352075503D-01  9.368256898083D-01  9.368158140676D-01  9.368070007726D-01
  9.367977970180D-01  9.367896251347D-01  9.367810339683D-01  9.367734474711D-01
  9.367654160022D-01  9.367583649198D-01  9.367508458914D-01  9.367442854967D-01
  9.367372365442D-01  9.367311266781D-01  9.367245097004D-01  9.367188141875D-01
  9.367125948168D-01  9.367072809783D-01  9.367014281168D-01  9.366964663423D-01
  9.366909517725D-01  9.366863151550D-01  9.366811132033D-01  9.366767772248D-01
  9.366718644617D-01  9.366678067199D-01  9.366631617076D-01  9.366593616736D-01
  9.366549647427D-01  9.366514035542D-01  9.366472366043D-01  9.366438968803D-01
  9.366399432075D-01  9.366368088849D-01  9.366330530299D-01  9.366301092185D-01
  9.366265368290D-01  9.366237696828D-01  9.366203673901D-01  9.366177639909D-01
  9.366145193006D-01  9.366120675530D-01  9.366089687464D-01  9.366066572835D-01
  9.366036933237D-01  9.366015114206D-01  9.365986718726D-01  9.365966093649D-01
  9.365938843177D-01  9.365919315289D-01  9.365893115221D-01  9.365874591921D-01
  9.365849351514D-01  9.365831743739D-01  9.365807375449D-01  9.365790597027D-01
  9.365767015903D-01  9.365750982961D-01  9.365728106060D-01  9.365712736436D-01
  9.365690482231D-01  9.365675694900D-01  9.365653982723D-01  9.365639697224D-01
  9.365618446680D-01  9.365604582540D-01  9.365583712935D-01  9.365570189092D-01
  9.365549618846D-01  9.365536353047D-01  9.365515999081D-01  9.365502907266D-01
  9.365482684374D-01  9.365469680033D-01  9.365449500226D-01  9.365436493715D-01
  9.365416265525D-01  9.365403163359D-01  9.365382791094D-01  9.365369495181D-01
  9.365348878142D-01  9.365335284963D-01  9.365314316592D-01  9.365300316325D-01
  9.365278883298D-01  9.365264358870D-01  9.365242340105D-01  9.365227166158D-01
  9.365204431745D-01  9.365188473522D-01  9.365164883553D-01  9.365147995677D-01
  9.365123398972D-01  9.365105424113D-01  9.365079656827D-01  9.365060424247D-01
  9.365033308347D-01  9.365012632294D-01  9.364983973878D-01  9.364961651841D-01
  9.364931239303D-01  9.364907050080D-01  9.364874652092D-01  9.364848353670D-01
  9.364813716951D-01  9.364785044173D-01  9.364747891046D-01  9.364716553039D-01
  9.364676578731D-01  9.364642256079D-01  9.364599125748D-01  9.364561467363D-01
  9.364514812817D-01  9.364473432500D-01  9.364422848582D-01  9.364377321220D-01
  9.364322361815D-01  9.364272219190D-01  9.364212392819D-01  9.364157118977D-01
  9.364091883935D-01  9.364030910077D-01  9.363959669059D-01  9.363892367895D-01
  9.363814462070D-01  9.363740141588D-01  9.363654844044D-01  9.363572740625D-01
  9.363479249135D-01  9.363388519948D-01  9.363285948977D-01  9.363185663576D-01
  9.363073035449D-01  9.362962166492D-01  9.362838401636D-01  9.362715814628D-01
  9.362579720794D-01  9.362444162753D-01  9.362294423099D-01  9.362144510034D-01
  9.361979669960D-01  9.361813873032D-01  9.361632325638D-01  9.361448955863D-01
  9.361248925862D-01  9.361046117214D-01  9.360825643171D-01  9.360601333897D-01
  9.360358248586D-01  9.360110160564D-01  9.359842069264D-01  9.359567685183D-01
  9.359271941690D-01  9.358968479828D-01  9.358642159936D-01  9.358306546281D-01
  9.357946418476D-01  9.357575255915D-01  9.357177748972D-01  9.356767283225D-01
  9.356328450402D-01  9.355874532370D-01  9.355390011813D-01  9.354888055955D-01
  9.354353026936D-01  9.353797965253D-01  9.353207099789D-01  9.352593330949D-01
  9.351940740312D-01  9.351262073412D-01  9.350541248987D-01  9.349790841365D-01
  9.348994589264D-01  9.348164877744D-01  9.347285246505D-01  9.346367871367D-01
  9.345396072008D-01  9.344381792916D-01  9.343308110517D-01  9.342186713542D-01
  9.341000409471D-01  9.339760604259D-01  9.338449808024D-01  9.337079114061D-01
  9.335630703690D-01  9.334115324482D-01  9.332514794187D-01  9.330839478076D-01
  9.329070791848D-01  9.327218678001D-01  9.325264107606D-01  9.323216555599D-01
  9.321056501296D-01  9.318792902494D-01  9.316405694588D-01  9.313903263353D-01
  9.311264942508D-01  9.308498485025D-01  9.305582558985D-01  9.302524217247D-01
  9.299301391394D-01  9.295920359592D-01  9.292358238412D-01  9.288620448671D-01
  9.284683204893D-01  9.280550978900D-01  9.276198986647D-01  9.271630649308D-01
  9.266820077177D-01  9.261769527956D-01  9.256451887385D-01  9.250868124401D-01
  9.244989768110D-01  9.238816359436D-01  9.232317923997D-01  9.225492419816D-01
  9.218308205590D-01  9.210761483971D-01  9.202818764651D-01  9.194474302632D-01
  9.185692555462D-01  9.176465615820D-01  9.166755662120D-01  9.156552384635D-01
  9.145815428541D-01  9.134531812654D-01  9.122658363825D-01  9.110179127182D-01
  9.097047790587D-01  9.083245085038D-01  9.068721197626D-01  9.053453160488D-01
  9.037387250365D-01  9.020496364118D-01  9.002722402582D-01  8.984033630190D-01
  8.964367040267D-01  8.943685695732D-01  8.921921072285D-01  8.899030376390D-01
  8.874938861933D-01  8.849597120713D-01  8.822923367034D-01  8.794860694678D-01
  8.765319322455D-01  8.734233810048D-01  8.701505255706D-01  8.667058461311D-01
  8.630784071078D-01  8.592595673590D-01  8.552371867399D-01  8.510013284489D-01
  8.465384564897D-01  8.418371281860D-01  8.368821802824D-01  8.316604091190D-01
  8.261547425029D-01  8.203499043611D-01  8.142265687458D-01  8.077670049275D-01
  8.009492089273D-01  7.937525239244D-01  7.861517434758D-01  7.781227007347D-01
  7.696363359560D-01  7.606642462745D-01  7.511727081187D-01  7.411281770899D-01
  7.304912534189D-01  7.192221187144D-01  7.072744294926D-01  6.946006741261D-01
  6.811459756578D-01  6.668533481060D-01  6.516573852078D-01  6.354893903309D-01
  6.182709225746D-01  5.999187691383D-01  5.803383146926D-01  5.594283198788D-01
  5.370740751094D-01  5.131519439173D-01  4.875222664515D-01  4.600336184707D-01
  4.305154247655D-01  3.987821582445D-01  3.646248355471D-01  3.278159383675D-01
  2.881000878292D-01
Vac0 POTENTIAL                      exc: Vosko,Wilk,Nusair      
  1.63952924  6.17500000  1.64793099
   0.00000
   1.91467   1.0890124270   0.9652353652
353
 0.25000000D-01 0.28864751D-03
 0 1
  7.168302207198D-01  7.167841738732D-01  7.167365055958D-01  7.167220501576D-01
  7.167140412382D-01  7.167092527313D-01  7.167054967375D-01  7.167031303819D-01
  7.167009826699D-01  7.166998037944D-01  7.166986054720D-01  7.166982345532D-01
  7.166977592144D-01  7.166980619378D-01  7.166982351110D-01  7.166991789517D-01
  7.166999996169D-01  7.167016088122D-01  7.167031228646D-01  7.167054630384D-01
  7.167077550201D-01  7.167109296289D-01  7.167141226598D-01  7.167182757269D-01
  7.167225364823D-01  7.167278596693D-01  7.167334075920D-01  7.167401515254D-01
  7.167472724326D-01  7.167557627866D-01  7.167648277188D-01  7.167754872719D-01
  7.167869781402D-01  7.168003565536D-01  7.168149007556D-01  7.168317147235D-01
  7.168501312341D-01  7.168712920042D-01  7.168925758630D-01  7.169009403750D-01
  7.168908424096D-01  7.168817147162D-01  7.168726198041D-01  7.168644238556D-01
  7.168561959318D-01  7.168488080453D-01  7.168413344405D-01  7.168346517385D-01
  7.168278383244D-01  7.168217745303D-01  7.168155420698D-01  7.168100242799D-01
  7.168043055847D-01  7.167992717744D-01  7.167940094950D-01  7.167894065537D-01
  7.167845514340D-01  7.167803336139D-01  7.167758431075D-01  7.167719707910D-01
  7.167678079531D-01  7.167642466463D-01  7.167603792369D-01  7.167570987666D-01
  7.167534985188D-01  7.167504723735D-01  7.167471143914D-01  7.167443191738D-01
  7.167411814444D-01  7.167385964220D-01  7.167356594020D-01  7.167332661350D-01
  7.167305124089D-01  7.167282944324D-01  7.167257084226D-01  7.167236509862D-01
  7.167212187128D-01  7.167193085555D-01  7.167170174286D-01  7.167152425891D-01
  7.167130812340D-01  7.167114308844D-01  7.167093889887D-01  7.167078533012D-01
  7.167059214882D-01  7.167044915083D-01  7.167026612222D-01  7.167013287693D-01
  7.166995921769D-01  7.166983497484D-01  7.166966996590D-01  7.166955403517D-01
  7.166939701370D-01  7.166928875799D-01  7.166913911072D-01  7.166903793955D-01
  7.166889509743D-01  7.166880046152D-01  7.166866389392D-01  7.166857528031D-01
  7.166844449071D-01  7.166836141813D-01  7.166823593953D-01  7.166815795445D-01
  7.166803734578D-01  7.166796401855D-01  7.166784786086D-01  7.166777878242D-01
  7.166766667562D-01  7.166760145417D-01  7.166749301401D-01  7.166743127201D-01
  7.166732612701D-01  7.166726749841D-01  7.166716528714D-01  7.166710941443D-01
  7.166700978268D-01  7.166695631437D-01  7.166685891270D-01  7.166680750051D-01
  7.166671198130D-01  7.166666227778D-01  7.166656829283D-01  7.166651994840D-01
  7.166642714626D-01  7.166637980678D-01  7.166628782988D-01  7.166624113375D-01
  7.166614961571D-01  7.166610319102D-01  7.166601175368D-01  7.166596521523D-01
  7.166587346560D-01  7.166582641174D-01  7.166573393866D-01  7.166568594797D-01
  7.166559231878D-01  7.166554294642D-01  7.166544770317D-01  7.166539647707D-01
  7.166529913255D-01  7.166524554928D-01  7.166514558274D-01  7.166508910304D-01
  7.166498595550D-01  7.166492599937D-01  7.166481906849D-01  7.166475500995D-01
  7.166464364462D-01  7.166457480586D-01  7.166445830003D-01  7.166438394512D-01
  7.166426153126D-01  7.166418085922D-01  7.166405170096D-01  7.166396383814D-01
  7.166382702243D-01  7.166373101413D-01  7.166358554239D-01  7.166348034371D-01
  7.166332512221D-01  7.166320958792D-01  7.166304341713D-01  7.166291629055D-01
  7.166273785352D-01  7.166259775421D-01  7.166240560367D-01  7.166225101392D-01
  7.166204355801D-01  7.166187280795D-01  7.166164829461D-01  7.166145954567D-01
  7.166121604532D-01  7.166100727213D-01  7.166074265861D-01  7.166051162891D-01
  7.166022355834D-01  7.165996781087D-01  7.165965369845D-01  7.165937051843D-01
  7.165902751271D-01  7.165871390491D-01  7.165833885940D-01  7.165799151826D-01
  7.165758096009D-01  7.165719623678D-01  7.165674633207D-01  7.165632019808D-01
  7.165582671365D-01  7.165535472058D-01  7.165481298168D-01  7.165429021676D-01
  7.165369506035D-01  7.165311609738D-01  7.165246182050D-01  7.165182066550D-01
  7.165110096821D-01  7.165039099952D-01  7.164959892187D-01  7.164881282382D-01
  7.164794067611D-01  7.164707036579D-01  7.164610965163D-01  7.164514619786D-01
  7.164408752901D-01  7.164302106294D-01  7.164185406519D-01  7.164067368132D-01
  7.163938689055D-01  7.163808053742D-01  7.163666128462D-01  7.163521564392D-01
  7.163364992813D-01  7.163205028114D-01  7.163032262895D-01  7.162855270882D-01
  7.162664601915D-01  7.162468784764D-01  7.162258321999D-01  7.162041692695D-01
  7.161809347168D-01  7.161569709551D-01  7.161313172394D-01  7.161048099093D-01
  7.160764818334D-01  7.160471626370D-01  7.160158781282D-01  7.159834505090D-01
  7.159488977820D-01  7.159130339420D-01  7.158748683617D-01  7.158352059621D-01
  7.157930465744D-01  7.157491850871D-01  7.157026107815D-01  7.156541074534D-01
  7.156026527188D-01  7.155490181077D-01  7.154921683373D-01  7.154328613738D-01
  7.153700476704D-01  7.153044701940D-01  7.152350636234D-01  7.151625543373D-01
  7.150858595685D-01  7.150056873491D-01  7.149209356160D-01  7.148322921083D-01
  7.147386334190D-01  7.146406248396D-01  7.145371193520D-01  7.144287574141D-01
  7.143143658855D-01  7.141945577487D-01  7.140681309599D-01  7.139356680988D-01
  7.137959351375D-01  7.136494810096D-01  7.134950362886D-01  7.133331126674D-01
  7.131624015361D-01  7.129833733620D-01  7.127946761546D-01  7.125967347356D-01
  7.123881490786D-01  7.121692934560D-01  7.119387146392D-01  7.116967309081D-01
  7.114418300960D-01  7.111742684462D-01  7.108924684825D-01  7.105966176958D-01
  7.102850662194D-01  7.099579253251D-01  7.096134648813D-01  7.092517116343D-01
  7.088708464237D-01  7.084708022230D-01  7.080496610825D-01  7.076072518990D-01
  7.071415470530D-01  7.066522598735D-01  7.061372409303D-01  7.055960751559D-01
  7.050264777479D-01  7.044278909033D-01  7.037978792805D-01  7.031357262935D-01
  7.024388290755D-01  7.017062942728D-01  7.009353324410D-01  7.001248532691D-01
  6.992718593295D-01  6.983750406492D-01  6.974311677208D-01  6.964386853250D-01
  6.953941046919D-01  6.942955964613D-01  6.931393818651D-01  6.919233246885D-01
  6.906433213197D-01  6.892968915497D-01  6.878795673045D-01  6.863884820878D-01
  6.848187581737D-01  6.831670944556D-01  6.814281518310D-01  6.795981391673D-01
  6.776711965525D-01  6.756429790257D-01  6.735070372920D-01  6.712583987847D-01
  6.688899453510D-01  6.663959911100D-01  6.637686564996D-01  6.610014422632D-01
  6.580855990998D-01  6.550136969480D-01  6.517759892930D-01  6.483639767044D-01
  6.447667646128D-01  6.409746197904D-01  6.369753201024D-01  6.327577022719D-01
  6.283080017199D-01  6.236133895125D-01  6.186582998959D-01  6.134279537560D-01
  6.079046708040D-01  6.020713761428D-01  5.959078932198D-01  5.893944291450D-01
  5.825078434455D-01  5.752251065508D-01  5.675195379795D-01  5.593642308191D-01
  5.507282511596D-01  5.415800193334D-01  5.318834600641D-01  5.216013285707D-01
  5.106912978719D-01  4.991092144431D-01  4.868051052254D-01  4.737263432182D-01
  4.598135518541D-01  4.450036547193D-01  4.292256524356D-01  4.124035190789D-01
  3.944518122416D-01  3.752785643515D-01  3.547800525614D-01  3.328443084450D-01
  3.093450884685D-01
