In49 POTENTIAL                      exc: Vosko,Wilk,Nusair      
  2.37798540  6.82500000  2.34921590
  49.00000
   2.59633   0.7247658578   0.8163257545
353
 0.25000000D-01 0.39141124D-03
 9 1
    0  -1.96656160000D+03
    0  -2.87428550000D+02
    0  -5.37136240000D+01
    0  -7.39818510000D+00
    1  -2.68528840000D+02
    1  -4.59639090000D+01
    1  -4.86454470000D+00
    2  -3.15522220000D+01
    2  -7.38539920000D-01
  4.724081916717D+02  4.724359157545D+02  4.724642699975D+02  4.724932602366D+02
  4.725228954757D+02  4.725531898426D+02  4.725841532626D+02  4.726157999583D+02
  4.726481400722D+02  4.726811879448D+02  4.727149538609D+02  4.727494522428D+02
  4.727846934625D+02  4.728206919812D+02  4.728574582025D+02  4.728950065755D+02
  4.729333474750D+02  4.729724952774D+02  4.730124602612D+02  4.730532566612D+02
  4.730948945829D+02  4.731373880402D+02  4.731807468800D+02  4.732249848051D+02
  4.732701113070D+02  4.733161396758D+02  4.733630789388D+02  4.734109418590D+02
  4.734597368776D+02  4.735094761023D+02  4.735601672518D+02  4.736118216348D+02
  4.736644460959D+02  4.737180509848D+02  4.737726421027D+02  4.738282286627D+02
  4.738848152348D+02  4.739424096980D+02  4.740010151839D+02  4.740606380193D+02
  4.741212796757D+02  4.741829446780D+02  4.742456325685D+02  4.743093458227D+02
  4.743740817833D+02  4.744398405765D+02  4.745066170406D+02  4.745744086330D+02
  4.746432073536D+02  4.747130076421D+02  4.747837982952D+02  4.748555703539D+02
  4.749283090143D+02  4.750020015046D+02  4.750766289882D+02  4.751521744305D+02
  4.752286144940D+02  4.753059273939D+02  4.753840847856D+02  4.754630596082D+02
  4.755428179633D+02  4.756233269475D+02  4.757045465211D+02  4.757864373295D+02
  4.758689525621D+02  4.759520457616D+02  4.760356626729D+02  4.761197490407D+02
  4.762042424484D+02  4.762890801030D+02  4.763741906648D+02  4.764595020203D+02
  4.765449331011D+02  4.766304016466D+02  4.767158160124D+02  4.768010829218D+02
  4.768860992659D+02  4.769707598447D+02  4.770549491580D+02  4.771385491380D+02
  4.772214309332D+02  4.773034626322D+02  4.773845010423D+02  4.774643994068D+02
  4.775429991795D+02  4.776201377379D+02  4.776956401553D+02  4.777693269128D+02
  4.778410056716D+02  4.779104789864D+02  4.779775360815D+02  4.780419605686D+02
  4.781035222306D+02  4.781619847485D+02  4.782170974960D+02  4.782686032806D+02
  4.783162301548D+02  4.783596991753D+02  4.783987162371D+02  4.784329798574D+02
  4.784621730376D+02  4.784859710788D+02  4.785040334800D+02  4.785160117913D+02
  4.785215415555D+02  4.785202502085D+02  4.785117490717D+02  4.784956413081D+02
  4.784715139746D+02  4.784389460430D+02  4.783975005217D+02  4.783467325508D+02
  4.782861816030D+02  4.782153796624D+02  4.781338435154D+02  4.780410830220D+02
  4.779365935064D+02  4.778198641317D+02  4.776903703985D+02  4.775475826317D+02
  4.773909585966D+02  4.772199521064D+02  4.770340057615D+02  4.768325596849D+02
  4.766150443917D+02  4.763808896555D+02  4.761295175116D+02  4.758603512571D+02
  4.755728085873D+02  4.752663107282D+02  4.749402757029D+02  4.745941275908D+02
  4.742272899158D+02  4.738391950209D+02  4.734292775655D+02  4.729969839987D+02
  4.725417661453D+02  4.720630907548D+02  4.715604331485D+02  4.710332868134D+02
  4.704811570759D+02  4.699035707008D+02  4.693000695470D+02  4.686702201242D+02
  4.680136071787D+02  4.673298431489D+02  4.666185616194D+02  4.658794266105D+02
  4.651121258289D+02  4.643163797165D+02  4.634919344205D+02  4.626385705198D+02
  4.617560956309D+02  4.608443527271D+02  4.599032122936D+02  4.589325801541D+02
  4.579323890926D+02  4.569026061065D+02  4.558432234203D+02  4.547542650998D+02
  4.536357773994D+02  4.524878347002D+02  4.513105291630D+02  4.501039759765D+02
  4.488683023465D+02  4.476036521063D+02  4.463101741224D+02  4.449880263948D+02
  4.436373640527D+02  4.422583431700D+02  4.408511086340D+02  4.394157980222D+02
  4.379525297539D+02  4.364614075071D+02  4.349425091986D+02  4.333958925434D+02
  4.318215855162D+02  4.302195937389D+02  4.285898931129D+02  4.269324396952D+02
  4.252471650891D+02  4.235339892704D+02  4.217928190082D+02  4.200235636582D+02
  4.182261363117D+02  4.164004718767D+02  4.145465298575D+02  4.126643131935D+02
  4.107538707327D+02  4.088153145531D+02  4.068488196323D+02  4.048546370977D+02
  4.028330886814D+02  4.007845738519D+02  3.987095575840D+02  3.966085706569D+02
  3.944821909037D+02  3.923310377576D+02  3.901557489323D+02  3.879569719045D+02
  3.857353392412D+02  3.834914605107D+02  3.812258997599D+02  3.789391711154D+02
  3.766317212190D+02  3.743039307223D+02  3.719561031879D+02  3.695884732659D+02
  3.672012021588D+02  3.647943919541D+02  3.623680866021D+02  3.599222909376D+02
  3.574569753973D+02  3.549720977533D+02  3.524676094818D+02  3.499434780888D+02
  3.473996930407D+02  3.448362866754D+02  3.422533378139D+02  3.396509895221D+02
  3.370294488612D+02  3.343890001780D+02  3.317299998824D+02  3.290528844177D+02
  3.263581595105D+02  3.236464025710D+02  3.209182465125D+02  3.181743770616D+02
  3.154155120496D+02  3.126423949639D+02  3.098557715551D+02  3.070563820055D+02
  3.042449376725D+02  3.014221151944D+02  2.985885371081D+02  2.957447718464D+02
  2.928913221910D+02  2.900286347808D+02  2.871570992327D+02  2.842770686815D+02
  2.813888692268D+02  2.784928288304D+02  2.755892918194D+02  2.726786483727D+02
  2.697613443901D+02  2.668379010445D+02  2.639089101723D+02  2.609750364056D+02
  2.580369944488D+02  2.550955349302D+02  2.521514095606D+02  2.492053507266D+02
  2.462580370231D+02  2.433100796220D+02  2.403619998829D+02  2.374142314288D+02
  2.344671151792D+02  2.315209187269D+02  2.285758470101D+02  2.256320745415D+02
  2.226897654601D+02  2.197491113537D+02  2.168103531727D+02  2.138738174123D+02
  2.109399332542D+02  2.080092613651D+02  2.050825015314D+02  2.021605103525D+02
  1.992442966827D+02  1.963350264727D+02  1.934340052422D+02  1.905426701738D+02
  1.876625604377D+02  1.847952981747D+02  1.819425489982D+02  1.791059948542D+02
  1.762872884043D+02  1.734880221630D+02  1.707096819686D+02  1.679536185283D+02
  1.652210071901D+02  1.625128303484D+02  1.598298532691D+02  1.571726282204D+02
  1.545414976589D+02  1.519366303872D+02  1.493580589441D+02  1.468057477566D+02
  1.442796540697D+02  1.417798041218D+02  1.393063407788D+02  1.368595633436D+02
  1.344399201795D+02  1.320479855260D+02  1.296843951601D+02  1.273497849469D+02
  1.250447138679D+02  1.227696150611D+02  1.205247498517D+02  1.183101989283D+02
  1.161258567860D+02  1.139714573501D+02  1.118465937596D+02  1.097507596754D+02
  1.076833761577D+02  1.056438333062D+02  1.036315126209D+02  1.016458210633D+02
  9.968620409403D+01  9.775216975644D+01  9.584329180834D+01  9.395922440180D+01
  9.209969670651D+01  9.026452010920D+01  8.845357648622D+01  8.666682019906D+01
  8.490426228911D+01  8.316596945763D+01  8.145204623012D+01  7.976263278751D+01
  7.809788676153D+01  7.645798135759D+01  7.484308799626D+01  7.325337571901D+01
  7.168899545254D+01  7.015008127265D+01  6.863673668411D+01  6.714903797315D+01
  6.568702259529D+01  6.425069459416D+01  6.284001498532D+01  6.145490906229D+01
  6.009525855138D+01  5.876091054990D+01  5.745167117867D+01  5.616731586284D+01
  5.490758417060D+01  5.367219108578D+01  5.246082261757D+01  5.127314755464D+01
  5.010881321565D+01  4.896745692595D+01  4.784870104473D+01  4.675216325751D+01
  4.567745003248D+01  4.462416506436D+01  4.359190079565D+01  4.258024501263D+01
  4.158877080612D+01  4.061704209877D+01  3.966460251819D+01  3.873098116008D+01
  3.781568109983D+01
N_07 POTENTIAL                      exc: Vosko,Wilk,Nusair      
  1.80145647  6.82500000  1.81203139
   7.00000
   2.10533   0.7247658578   0.8163257545
353
 0.25000000D-01 0.31739093D-03
 2 1
    0  -2.69998930000D+01
    0  -4.29582100000D-01
  2.594276435035D+01  2.594316540468D+01  2.594357625632D+01  2.594402308892D+01
  2.594448618220D+01  2.594496323021D+01  2.594545308096D+01  2.594595609462D+01
  2.594647188985D+01  2.594700113297D+01  2.594754359211D+01  2.594810001895D+01
  2.594867023712D+01  2.594925503846D+01  2.594985427837D+01  2.595046877561D+01
  2.595109840965D+01  2.595174402152D+01  2.595240551199D+01  2.595308374277D+01
  2.595377863501D+01  2.595449107068D+01  2.595522099122D+01  2.595596929902D+01
  2.595673595610D+01  2.595752188571D+01  2.595832707103D+01  2.595915245674D+01
  2.595999804785D+01  2.596086481121D+01  2.596175277437D+01  2.596266292714D+01
  2.596359532044D+01  2.596455096787D+01  2.596552994459D+01  2.596653328883D+01
  2.596756110086D+01  2.596861444450D+01  2.596969344618D+01  2.597079919883D+01
  2.597193224426D+01  2.597309330211D+01  2.597428255383D+01  2.597550114580D+01
  2.597674928827D+01  2.597802815691D+01  2.597933799177D+01  2.598067999879D+01
  2.598205444876D+01  2.598346257886D+01  2.598490469159D+01  2.598638205637D+01
  2.598789500836D+01  2.598944485011D+01  2.599103195042D+01  2.599265764592D+01
  2.599432233993D+01  2.599602740403D+01  2.599777327697D+01  2.599956136614D+01
  2.600139214652D+01  2.600326706213D+01  2.600518662496D+01  2.600715231639D+01
  2.600916468612D+01  2.601122525358D+01  2.601333460678D+01  2.601549430378D+01
  2.601770497143D+01  2.601996820687D+01  2.602228467623D+01  2.602465601605D+01
  2.602708293199D+01  2.602956710021D+01  2.603210926604D+01  2.603471114526D+01
  2.603737352277D+01  2.604009815384D+01  2.604288586267D+01  2.604573844359D+01
  2.604865675960D+01  2.605164264346D+01  2.605469699616D+01  2.605782168794D+01
  2.606101765671D+01  2.606428680894D+01  2.606763011796D+01  2.607104952483D+01
  2.607454603651D+01  2.607812162658D+01  2.608177733333D+01  2.608551516035D+01
  2.608933617447D+01  2.609324240624D+01  2.609723494771D+01  2.610131585276D+01
  2.610548623469D+01  2.610974816642D+01  2.611410277788D+01  2.611855215600D+01
  2.612309744194D+01  2.612774073083D+01  2.613248316879D+01  2.613732685243D+01
  2.614227292566D+01  2.614732347887D+01  2.615247964550D+01  2.615774350095D+01
  2.616311615884D+01  2.616859966959D+01  2.617419511634D+01  2.617990451323D+01
  2.618572890095D+01  2.619167024460D+01  2.619772952889D+01  2.620390865556D+01
  2.621020853816D+01  2.621663099904D+01  2.622317686360D+01  2.622984785688D+01
  2.623664469719D+01  2.624356899226D+01  2.625062133229D+01  2.625780318545D+01
  2.626511499045D+01  2.627255805134D+01  2.628013262942D+01  2.628783983742D+01
  2.629567973067D+01  2.630365320055D+01  2.631176006495D+01  2.632000096090D+01
  2.632837543423D+01  2.633688383139D+01  2.634552538823D+01  2.635430012092D+01
  2.636320691386D+01  2.637224540959D+01  2.638141409577D+01  2.639071219411D+01
  2.640013774625D+01  2.640968950171D+01  2.641936500263D+01  2.642916247066D+01
  2.643907889054D+01  2.644911189583D+01  2.645925785135D+01  2.646951373762D+01
  2.647987523219D+01  2.649033859276D+01  2.650089873728D+01  2.651155112581D+01
  2.652228983931D+01  2.653310946024D+01  2.654400315002D+01  2.655496452836D+01
  2.656598574942D+01  2.657705937985D+01  2.658817647363D+01  2.659932844891D+01
  2.661050516160D+01  2.662169678091D+01  2.663289186187D+01  2.664407921970D+01
  2.665524600117D+01  2.666637955803D+01  2.667746551735D+01  2.668848965408D+01
  2.669943596055D+01  2.671028851833D+01  2.672102956716D+01  2.673164137628D+01
  2.674210431301D+01  2.675239871385D+01  2.676250295309D+01  2.677239531393D+01
  2.678205205746D+01  2.679144929429D+01  2.680056105425D+01  2.680936115905D+01
  2.681782129313D+01  2.682591287793D+01  2.683360514452D+01  2.684086700999D+01
  2.684766515260D+01  2.685396589092D+01  2.685973326226D+01  2.686493090544D+01
  2.686952014319D+01  2.687346186948D+01  2.687671463686D+01  2.687923654919D+01
  2.688098335501D+01  2.688191034675D+01  2.688197046109D+01  2.688111618586D+01
  2.687929766859D+01  2.687646463220D+01  2.687256449298D+01  2.686754428635D+01
  2.686134879558D+01  2.685392248888D+01  2.684520766010D+01  2.683514637850D+01
  2.682367864275D+01  2.681074434467D+01  2.679628143777D+01  2.678022791620D+01
  2.676251999902D+01  2.674309412550D+01  2.672188515626D+01  2.669882838578D+01
  2.667385776139D+01  2.664690791380D+01  2.661791239445D+01  2.658680572473D+01
  2.655352165196D+01  2.651799521742D+01  2.648016103095D+01  2.643995535747D+01
  2.639731440975D+01  2.635217645255D+01  2.630448011250D+01  2.625416649846D+01
  2.620117752679D+01  2.614545805586D+01  2.608695422413D+01  2.602561559607D+01
  2.596139350982D+01  2.589424323065D+01  2.582412230410D+01  2.575099271247D+01
  2.567481922827D+01  2.559557156815D+01  2.551322274069D+01  2.542775119129D+01
  2.533913913718D+01  2.524737469581D+01  2.515245019930D+01  2.505436429787D+01
  2.495312024493D+01  2.484872796645D+01  2.474120230715D+01  2.463056505607D+01
  2.451684314371D+01  2.440007061353D+01  2.428028675972D+01  2.415753803387D+01
  2.403187611357D+01  2.390335973358D+01  2.377205267397D+01  2.363802550702D+01
  2.350135349551D+01  2.336211824555D+01  2.322040550677D+01  2.307630672330D+01
  2.292991672885D+01  2.278133519003D+01  2.263066419155D+01  2.247800956831D+01
  2.232347837898D+01  2.216718012672D+01  2.200922412306D+01  2.184972060172D+01
  2.168877797993D+01  2.152650387595D+01  2.136300228230D+01  2.119837450633D+01
  2.103271628052D+01  2.086611865812D+01  2.069866510119D+01  2.053043238224D+01
  2.036148771348D+01  2.019188973276D+01  2.002168577000D+01  1.985091303404D+01
  1.967959615586D+01  1.950774874134D+01  1.933537138255D+01  1.916245379275D+01
  1.898897352268D+01  1.881489892603D+01  1.864018882486D+01  1.846479652231D+01
  1.828867057473D+01  1.811175991033D+01  1.793401562234D+01  1.775539691817D+01
  1.757587343085D+01  1.739543125026D+01  1.721407477232D+01  1.703183165393D+01
  1.684875296318D+01  1.666491588172D+01  1.648042119937D+01  1.629539317956D+01
  1.610997429855D+01  1.592432270333D+01  1.573860511716D+01  1.555299318923D+01
  1.536765607392D+01  1.518275719885D+01  1.499844789083D+01  1.481486565316D+01
  1.463212957783D+01  1.445034050917D+01  1.426957829343D+01  1.408990361997D+01
  1.391135671770D+01  1.373396037831D+01  1.355771956374D+01  1.338262508491D+01
  1.320865363624D+01  1.303577170703D+01  1.286393568940D+01  1.269309573746D+01
  1.252319572746D+01  1.235417689951D+01  1.218597755184D+01  1.201853638547D+01
  1.185179188374D+01  1.168568533494D+01  1.152015989018D+01  1.135516327087D+01
  1.119064652172D+01  1.102656642682D+01  1.086288398658D+01  1.069956657445D+01
  1.053658617180D+01  1.037392130013D+01  1.021155504903D+01  1.004947681836D+01
  9.887680172738D+00  9.726164425602D+00  9.564932350075D+00  9.403991632210D+00
  9.243352462567D+00  9.083028879590D+00  8.923036259041D+00  8.763392560284D+00
  8.604115721761D+00  8.445224813305D+00  8.286737335596D+00  8.128670271084D+00
  7.971037274868D+00  7.813849606817D+00  7.657113193192D+00  7.500829415380D+00
  7.344992017015D+00  7.189587766964D+00  7.034593057051D+00  6.879974575597D+00
  6.725685601733D+00
Vac0 POTENTIAL                      exc: Vosko,Wilk,Nusair      
  2.37798540  6.82500000  2.34921590
   0.00000
   2.59633   0.7247658578   0.8163257545
353
 0.25000000D-01 0.39141124D-03
 0 1
  7.465637895864D-01  7.465408885467D-01  7.465165672527D-01  7.465096754487D-01
  7.465056901421D-01  7.465041598398D-01  7.465027691674D-01  7.465029105346D-01
  7.465027997618D-01  7.465040379534D-01  7.465049405723D-01  7.465071639903D-01
  7.465090585620D-01  7.465123053126D-01  7.465152741407D-01  7.465196630819D-01
  7.465238581500D-01  7.465295735411D-01  7.465352121619D-01  7.465425064929D-01
  7.465498795941D-01  7.465590864336D-01  7.465685754857D-01  7.465801305384D-01
  7.465922329602D-01  7.466067042406D-01  7.466220690088D-01  7.466401985788D-01
  7.466596750151D-01  7.466824359638D-01  7.467071402484D-01  7.467358144052D-01
  7.467672203605D-01  7.468035043675D-01  7.468435674922D-01  7.468897178795D-01
  7.469410434809D-01  7.469999860717D-01  7.470599024944D-01  7.470847080189D-01
  7.470576105735D-01  7.470327523560D-01  7.470083718495D-01  7.469860370091D-01
  7.469640041570D-01  7.469438570908D-01  7.469238662250D-01  7.469056279160D-01
  7.468874238275D-01  7.468708603945D-01  7.468542283301D-01  7.468391422295D-01
  7.468239001712D-01  7.468101234065D-01  7.467961160508D-01  7.467835048354D-01
  7.467705988549D-01  7.467590293867D-01  7.467471096751D-01  7.467364747864D-01
  7.467254414327D-01  7.467156478635D-01  7.467054137196D-01  7.466963799396D-01
  7.466868686395D-01  7.466785230434D-01  7.466696673775D-01  7.466619468160D-01
  7.466536873901D-01  7.466465359484D-01  7.466388200750D-01  7.466321880595D-01
  7.466249688267D-01  7.466188119153D-01  7.466120474118D-01  7.466063259390D-01
  7.465999785941D-01  7.465946569470D-01  7.465886929791D-01  7.465837390839D-01
  7.465781280204D-01  7.465735129052D-01  7.465682271795D-01  7.465639245984D-01
  7.465589392015D-01  7.465549253109D-01  7.465502174932D-01  7.465464705684D-01
  7.465420195751D-01  7.465385197736D-01  7.465343066187D-01  7.465310357641D-01
  7.465270430337D-01  7.465239844310D-01  7.465201961080D-01  7.465173343792D-01
  7.465137356905D-01  7.465110566331D-01  7.465076339131D-01  7.465051243687D-01
  7.465018649391D-01  7.464995126814D-01  7.464964047431D-01  7.464941983755D-01
  7.464912309102D-01  7.464891597732D-01  7.464863224575D-01  7.464843765442D-01
  7.464816596696D-01  7.464798295499D-01  7.464772239492D-01  7.464755007007D-01
  7.464729976793D-01  7.464713728215D-01  7.464689640975D-01  7.464674295313D-01
  7.464651071750D-01  7.464636551267D-01  7.464614115056D-01  7.464600344710D-01
  7.464578621970D-01  7.464565528910D-01  7.464544447692D-01  7.464531960749D-01
  7.464511450540D-01  7.464499499737D-01  7.464479490966D-01  7.464468007016D-01
  7.464448430575D-01  7.464437344419D-01  7.464418131161D-01  7.464407373446D-01
  7.464388453693D-01  7.464377954290D-01  7.464359257325D-01  7.464348944794D-01
  7.464330398329D-01  7.464320199391D-01  7.464301729011D-01  7.464291567973D-01
  7.464273096559D-01  7.464262894728D-01  7.464244341845D-01  7.464234016877D-01
  7.464215298114D-01  7.464204763353D-01  7.464185789622D-01  7.464174953363D-01
  7.464155630148D-01  7.464144394857D-01  7.464124621393D-01  7.464112882853D-01
  7.464092551244D-01  7.464080197637D-01  7.464059191893D-01  7.464046102796D-01
  7.464024297782D-01  7.464010343068D-01  7.463987603365D-01  7.463972642007D-01
  7.463948820648D-01  7.463932699402D-01  7.463907636508D-01  7.463890188474D-01
  7.463863709737D-01  7.463844752785D-01  7.463816667809D-01  7.463796002826D-01
  7.463766103309D-01  7.463743512297D-01  7.463711570016D-01  7.463686813978D-01
  7.463652578583D-01  7.463625395206D-01  7.463588591782D-01  7.463558692875D-01
  7.463519019250D-01  7.463486087925D-01  7.463443211715D-01  7.463406899270D-01
  7.463360454601D-01  7.463320377090D-01  7.463269960994D-01  7.463225695432D-01
  7.463170863863D-01  7.463121944043D-01  7.463062207477D-01  7.463008119345D-01
  7.462942937924D-01  7.462883114481D-01  7.462811892652D-01  7.462745708308D-01
  7.462667788894D-01  7.462594553251D-01  7.462509210910D-01  7.462428161875D-01
  7.462334595866D-01  7.462244892057D-01  7.462142218256D-01  7.462042930599D-01
  7.461930172670D-01  7.461820275128D-01  7.461696354768D-01  7.461574714084D-01
  7.461438440250D-01  7.461303804618D-01  7.461153861613D-01  7.461004848158D-01
  7.460839782473D-01  7.460674863416D-01  7.460493069181D-01  7.460310556545D-01
  7.460110259454D-01  7.459908288164D-01  7.459687527706D-01  7.459464036910D-01
  7.459220646732D-01  7.458973359152D-01  7.458704945350D-01  7.458431344464D-01
  7.458135261594D-01  7.457832566409D-01  7.457505890961D-01  7.457171028129D-01
  7.456810529216D-01  7.456440102211D-01  7.456042209157D-01  7.455632464202D-01
  7.455193230718D-01  7.454740019118D-01  7.454255083695D-01  7.453753820189D-01
  7.453218362311D-01  7.452663979033D-01  7.452072670766D-01  7.451459566341D-01
  7.450806518805D-01  7.450128502061D-01  7.449407206245D-01  7.448657433979D-01
  7.447860695291D-01  7.447031603442D-01  7.446151469335D-01  7.445234696875D-01
  7.444262376804D-01  7.443248681556D-01  7.442174458450D-01  7.441053623981D-01
  7.439866756317D-01  7.438627488948D-01  7.437316102420D-01  7.435945917280D-01
  7.434496884952D-01  7.432981979911D-01  7.431380789605D-01  7.429705905768D-01
  7.427936513299D-01  7.426084780611D-01  7.424129447350D-01  7.422082213686D-01
  7.419921326733D-01  7.417657968671D-01  7.415269841729D-01  7.412767555003D-01
  7.410128207844D-01  7.407361775223D-01  7.404444689355D-01  7.401386223446D-01
  7.398162071346D-01  7.394780729504D-01  7.391217074428D-01  7.387478742636D-01
  7.383539705673D-01  7.379406647830D-01  7.375052538432D-01  7.370483007062D-01
  7.365669912800D-01  7.360617716654D-01  7.355297047382D-01  7.349711070790D-01
  7.343829051725D-01  7.337652719839D-01  7.331149827283D-01  7.324320510481D-01
  7.317130842971D-01  7.309579192665D-01  7.301629769192D-01  7.293278976029D-01
  7.284488951599D-01  7.275253915533D-01  7.265533702645D-01  7.255320102457D-01
  7.244570384990D-01  7.233273632510D-01  7.221384255879D-01  7.208888317242D-01
  7.195737035419D-01  7.181913097978D-01  7.167364153802D-01  7.152069112643D-01
  7.135971622567D-01  7.119046354604D-01  7.101232462250D-01  7.082499848225D-01
  7.062782602499D-01  7.042045247413D-01  7.020216149804D-01  6.997253739751D-01
  6.973079891214D-01  6.947646108415D-01  6.920866867938D-01  6.892685765100D-01
  6.863008808591D-01  6.831770517110D-01  6.798867155195D-01  6.764222767718D-01
  6.727722342482D-01  6.689277766737D-01  6.648760898160D-01  6.606069423151D-01
  6.561059812770D-01  6.513613056909D-01  6.463567475263D-01  6.410784294201D-01
  6.355080274507D-01  6.296293088376D-01  6.234213714869D-01  6.168651562323D-01
  6.099366568529D-01  6.026133998055D-01  5.948676166072D-01  5.866726819654D-01
  5.779962380677D-01  5.688065793612D-01  5.590657152587D-01  5.487356863871D-01
  5.377715483139D-01  5.261275996963D-01  5.137502646709D-01  5.005842078068D-01
  4.865650866335D-01  4.716255215357D-01  4.556876824768D-01  4.386690741242D-01
  4.204749125127D-01  4.010036765378D-01  3.801392255401D-01  3.577560560902D-01
  3.337110997236D-01  3.078487725668D-01  2.799919355868D-01  2.499471191248D-01
  2.174947828001D-01
Vac0 POTENTIAL                      exc: Vosko,Wilk,Nusair      
  1.80145647  6.82500000  1.81203139
   0.00000
   2.10533   0.7247658578   0.8163257545
353
 0.25000000D-01 0.31739093D-03
 0 1
  5.566124099558D-01  5.565766147070D-01  5.565395366152D-01  5.565283080455D-01
  5.565220665674D-01  5.565183484049D-01  5.565154081051D-01  5.565135673121D-01
  5.565118711895D-01  5.565109464509D-01  5.565099801419D-01  5.565096740100D-01
  5.565092584868D-01  5.565094627828D-01  5.565095357637D-01  5.565102199071D-01
  5.565107742593D-01  5.565119496154D-01  5.565130122023D-01  5.565147193383D-01
  5.565163435346D-01  5.565186483842D-01  5.565209128785D-01  5.565239073947D-01
  5.565269182898D-01  5.565307239966D-01  5.565346197345D-01  5.565393938361D-01
  5.565443526053D-01  5.565502968457D-01  5.565565469791D-01  5.565639198045D-01
  5.565717539086D-01  5.565808868011D-01  5.565906806840D-01  5.566020000495D-01
  5.566142377369D-01  5.566282789580D-01  5.566422698429D-01  5.566470310766D-01
  5.566390233250D-01  5.566317996697D-01  5.566245865466D-01  5.566181010322D-01
  5.566115747537D-01  5.566057294006D-01  5.565998007064D-01  5.565945140169D-01
  5.565891083443D-01  5.565843119688D-01  5.565793665470D-01  5.565750027345D-01
  5.565704643350D-01  5.565664839524D-01  5.565623071442D-01  5.565586681128D-01
  5.565548138731D-01  5.565514799545D-01  5.565479145792D-01  5.565448543819D-01
  5.565415486049D-01  5.565387348079D-01  5.565356630854D-01  5.565330717833D-01
  5.565302117209D-01  5.565278219123D-01  5.565251537877D-01  5.565229469338D-01
  5.565204533093D-01  5.565184129874D-01  5.565160783801D-01  5.565141899810D-01
  5.565120005918D-01  5.565102510719D-01  5.565081945620D-01  5.565065722363D-01
  5.565046375288D-01  5.565031318914D-01  5.565013090145D-01  5.564999105879D-01
  5.564981905280D-01  5.564968907364D-01  5.564952653267D-01  5.564940563830D-01
  5.564925181922D-01  5.564913930046D-01  5.564899352568D-01  5.564888873416D-01
  5.564875038332D-01  5.564865272483D-01  5.564852122803D-01  5.564843015586D-01
  5.564830498803D-01  5.564821999742D-01  5.564810067297D-01  5.564802129616D-01
  5.564790736411D-01  5.564783316612D-01  5.564772420638D-01  5.564765478081D-01
  5.564755039998D-01  5.564748536568D-01  5.564738519398D-01  5.564732419174D-01
  5.564722787978D-01  5.564717056942D-01  5.564707778547D-01  5.564702384299D-01
  5.564693427025D-01  5.564688338541D-01  5.564679671965D-01  5.564674859356D-01
  5.564666454058D-01  5.564661888344D-01  5.564653715720D-01  5.564649368597D-01
  5.564641400605D-01  5.564637244251D-01  5.564629453229D-01  5.564625460085D-01
  5.564617818529D-01  5.564613961092D-01  5.564606441445D-01  5.564602692060D-01
  5.564595266514D-01  5.564591597156D-01  5.564584237424D-01  5.564580619489D-01
  5.564573296589D-01  5.564569700660D-01  5.564562384678D-01  5.564558780288D-01
  5.564551440140D-01  5.564547795530D-01  5.564540398710D-01  5.564536680545D-01
  5.564529192836D-01  5.564525365950D-01  5.564517751148D-01  5.564513778215D-01
  5.564505997799D-01  5.564501839024D-01  5.564493851823D-01  5.564489464575D-01
  5.564481226405D-01  5.564476564837D-01  5.564468028089D-01  5.564463042721D-01
  5.564454155931D-01  5.564448793190D-01  5.564439500554D-01  5.564433702279D-01
  5.564423943133D-01  5.564417646020D-01  5.564407354272D-01  5.564400489277D-01
  5.564389592768D-01  5.564382084444D-01  5.564370504260D-01  5.564362270038D-01
  5.564349919747D-01  5.564340869125D-01  5.564327653941D-01  5.564317687614D-01
  5.564303503472D-01  5.564292512358D-01  5.564277244892D-01  5.564265109064D-01
  5.564248632490D-01  5.564235219998D-01  5.564217395873D-01  5.564202561440D-01
  5.564183237294D-01  5.564166820882D-01  5.564145828716D-01  5.564127653942D-01
  5.564104808554D-01  5.564084680940D-01  5.564059778092D-01  5.564037483135D-01
  5.564010297522D-01  5.563985598554D-01  5.563955881561D-01  5.563928517399D-01
  5.563895994621D-01  5.563865676961D-01  5.563830045473D-01  5.563796456008D-01
  5.563757381335D-01  5.563720168589D-01  5.563677281368D-01  5.563636057171D-01
  5.563588949460D-01  5.563543285076D-01  5.563491506276D-01  5.563440928114D-01
  5.563383980457D-01  5.563327965331D-01  5.563265298902D-01  5.563203268794D-01
  5.563134276028D-01  5.563065592302D-01  5.562989601893D-01  5.562913558897D-01
  5.562829829080D-01  5.562745647076D-01  5.562653358189D-01  5.562560175540D-01
  5.562458421811D-01  5.562355286342D-01  5.562243066809D-01  5.562128926261D-01
  5.562005134731D-01  5.561878826205D-01  5.561742240160D-01  5.561602478454D-01
  5.561451746783D-01  5.561297111492D-01  5.561130740934D-01  5.560959662193D-01
  5.560776002343D-01  5.560586745066D-01  5.560383971800D-01  5.560174618250D-01
  5.559950715404D-01  5.559719145926D-01  5.559471885032D-01  5.559215756748D-01
  5.558942674633D-01  5.558659397883D-01  5.558357771891D-01  5.558044484182D-01
  5.557711304782D-01  5.557364841976D-01  5.556996782463D-01  5.556613646914D-01
  5.556207029896D-01  5.555783355205D-01  5.555334115537D-01  5.554865627569D-01
  5.554369271349D-01  5.553851245103D-01  5.553302804310D-01  5.552730016203D-01
  5.552123998501D-01  5.551490673569D-01  5.550821006767D-01  5.550120760235D-01
  5.549380730814D-01  5.548606503423D-01  5.547788688499D-01  5.546932674914D-01
  5.546028866900D-01  5.545082436447D-01  5.544083559647D-01  5.543037168531D-01
  5.541933186759D-01  5.540776280834D-01  5.539556095075D-01  5.538277002127D-01
  5.536928337138D-01  5.535514147499D-01  5.534023426129D-01  5.532459860345D-01
  5.530812064173D-01  5.529083326251D-01  5.527261841038D-01  5.525350455648D-01
  5.523336899839D-01  5.521223531648D-01  5.518997566016D-01  5.516660819091D-01
  5.514199935328D-01  5.511616130299D-01  5.508895416098D-01  5.506038342477D-01
  5.503030220348D-01  5.499870861049D-01  5.496544797716D-01  5.493051022446D-01
  5.489373205279D-01  5.485509429001D-01  5.481442405433D-01  5.477169207583D-01
  5.472671482900D-01  5.467945182425D-01  5.462970770633D-01  5.457742951184D-01
  5.452240872899D-01  5.446457851661D-01  5.440371572001D-01  5.433973804624D-01
  5.427240603000D-01  5.420162015887D-01  5.412712278235D-01  5.404879517971D-01
  5.396635940387D-01  5.387967528333D-01  5.378844219104D-01  5.369249597027D-01
  5.359151061687D-01  5.348529511684D-01  5.337349502810D-01  5.325588921509D-01
  5.313209131346D-01  5.300184634392D-01  5.286473203954D-01  5.272045531739D-01
  5.256855344389D-01  5.240869033769D-01  5.224035754290D-01  5.206317033069D-01
  5.187656844322D-01  5.168011195352D-01  5.147318173398D-01  5.125527502409D-01
  5.102570556592D-01  5.078389881662D-01  5.052909167864D-01  5.026062727729D-01
  4.997765419479D-01  4.967942071197D-01  4.936497343083D-01  4.903345085227D-01
  4.868378124032D-01  4.831497537210D-01  4.792582345625D-01  4.751518684506D-01
  4.708169376652D-01  4.662402972812D-01  4.614063175249D-01  4.562997712344D-01
  4.509027572407D-01  4.451975667153D-01  4.391635823686D-01  4.327801177775D-01
  4.260232856111D-01  4.188688022177D-01  4.112888159941D-01  4.032546671045D-01
  3.947336643329D-01  3.856917866199D-01  3.760903930494D-01  3.658888486914D-01
  3.550411475242D-01  3.434984391124D-01  3.312055398303D-01  3.181033270861D-01
  3.041251015778D-01  2.891989187744D-01  2.732433917767D-01  2.561702970566D-01
  2.378798186287D-01
