In49 POTENTIAL                      exc: Vosko,Wilk,Nusair      
  2.20033126  6.33750000  2.17664358
  49.00000
   2.40560   0.9811933849   0.9240466038
353
 0.25000000D-01 0.36265835D-03
 9 1
    0  -1.96656160000D+03
    0  -2.87428550000D+02
    0  -5.37136240000D+01
    0  -7.39818510000D+00
    1  -2.68528840000D+02
    1  -4.59639090000D+01
    1  -4.86454470000D+00
    2  -3.15522220000D+01
    2  -7.38539920000D-01
  4.726906034857D+02  4.727162941453D+02  4.727425734476D+02  4.727694480777D+02
  4.727969265386D+02  4.728250225793D+02  4.728537456583D+02  4.728831096601D+02
  4.729131242969D+02  4.729438036215D+02  4.729751575360D+02  4.730072002319D+02
  4.730399417557D+02  4.730733964033D+02  4.731075743210D+02  4.731424898680D+02
  4.731781532411D+02  4.732145788141D+02  4.732517767792D+02  4.732897614682D+02
  4.733285430061D+02  4.733681356176D+02  4.734085492898D+02  4.734497980656D+02
  4.734918917140D+02  4.735348440120D+02  4.735786644196D+02  4.736233663523D+02
  4.736689588593D+02  4.737154548869D+02  4.737628629588D+02  4.738111954315D+02
  4.738604601749D+02  4.739106688203D+02  4.739618284407D+02  4.740139497912D+02
  4.740670389884D+02  4.741211057429D+02  4.741761550378D+02  4.742321953529D+02
  4.742892303494D+02  4.743472670609D+02  4.744063075924D+02  4.744663573206D+02
  4.745274165633D+02  4.745894887796D+02  4.746525722358D+02  4.747166681973D+02
  4.747817725887D+02  4.748478841777D+02  4.749149962299D+02  4.749831046828D+02
  4.750521997953D+02  4.751222743123D+02  4.751933151066D+02  4.752653113348D+02
  4.753382460716D+02  4.754121044555D+02  4.754868653152D+02  4.755625093049D+02
  4.756390105224D+02  4.757163446341D+02  4.757944804832D+02  4.758733882043D+02
  4.759530308225D+02  4.760333723558D+02  4.761143694054D+02  4.761959792461D+02
  4.762781514067D+02  4.763608357489D+02  4.764439740367D+02  4.765275080046D+02
  4.766113709165D+02  4.766954956217D+02  4.767798061039D+02  4.768642255260D+02
  4.769486677687D+02  4.770330454646D+02  4.771172615270D+02  4.772012171736D+02
  4.772848034467D+02  4.773679092268D+02  4.774504127449D+02  4.775321895881D+02
  4.776131042047D+02  4.776930179028D+02  4.777717803504D+02  4.778492375685D+02
  4.779252234282D+02  4.779995676409D+02  4.780720872541D+02  4.781425946415D+02
  4.782108890010D+02  4.782767643475D+02  4.783400010163D+02  4.784003736626D+02
  4.784576427739D+02  4.785115626809D+02  4.785618730835D+02  4.786083070777D+02
  4.786505827008D+02  4.786884109796D+02  4.787214875007D+02  4.787495004865D+02
  4.787721223973D+02  4.787890180414D+02  4.787998362166D+02  4.788042178630D+02
  4.788017877504D+02  4.787921626821D+02  4.787749432380D+02  4.787497220375D+02
  4.787160755472D+02  4.786735724124D+02  4.786217653389D+02  4.785601995029D+02
  4.784884045167D+02  4.784059029266D+02  4.783122022719D+02  4.782068036817D+02
  4.780891940362D+02  4.779588546707D+02  4.778152536500D+02  4.776578545875D+02
  4.774861090400D+02  4.772994654506D+02  4.770973616696D+02  4.768792340269D+02
  4.766445099843D+02  4.763926173403D+02  4.761229770155D+02  4.758350123905D+02
  4.755281422232D+02  4.752017901159D+02  4.748553775590D+02  4.744883335197D+02
  4.741000876013D+02  4.736900797399D+02  4.732577534631D+02  4.728025656751D+02
  4.723239799910D+02  4.718214765839D+02  4.712945455644D+02  4.707426968537D+02
  4.701654535700D+02  4.695623618847D+02  4.689329843666D+02  4.682769097695D+02
  4.675937462771D+02  4.668831311602D+02  4.661447238570D+02  4.653782154295D+02
  4.645833214050D+02  4.637597909537D+02  4.629073994113D+02  4.620259570945D+02
  4.611153014195D+02  4.601753052698D+02  4.592058686255D+02  4.582069264004D+02
  4.571784395022D+02  4.561204020647D+02  4.550328318718D+02  4.539157769274D+02
  4.527693052065D+02  4.515935105340D+02  4.503885016478D+02  4.491544074167D+02
  4.478913652678D+02  4.465995258210D+02  4.452790408074D+02  4.439300672925D+02
  4.425527553083D+02  4.411472519462D+02  4.397136890448D+02  4.382521875602D+02
  4.367628457857D+02  4.352457445392D+02  4.337009365145D+02  4.321284529360D+02
  4.305282947223D+02  4.289004412947D+02  4.272448442136D+02  4.255614387281D+02
  4.238501403459D+02  4.221108594019D+02  4.203435005864D+02  4.185479802393D+02
  4.167242281705D+02  4.148722065971D+02  4.129919127456D+02  4.110833975131D+02
  4.091467665914D+02  4.071821963714D+02  4.051899310435D+02  4.031702933371D+02
  4.011236755456D+02  3.990505436153D+02  3.969514213591D+02  3.948268880294D+02
  3.926775567699D+02  3.905040675915D+02  3.883070627178D+02  3.860871781536D+02
  3.838450193998D+02  3.815811551088D+02  3.792960964285D+02  3.769902955636D+02
  3.746641309672D+02  3.723179123357D+02  3.699518724616D+02  3.675661787827D+02
  3.651609313950D+02  3.627361801281D+02  3.602919272692D+02  3.578281484063D+02
  3.553447978992D+02  3.528418314121D+02  3.503192120162D+02  3.477769323257D+02
  3.452150192264D+02  3.426335537321D+02  3.400326726018D+02  3.374125843688D+02
  3.347735665163D+02  3.321159765599D+02  3.294402439228D+02  3.267468755033D+02
  3.240364419871D+02  3.213095779813D+02  3.185669632237D+02  3.158093181667D+02
  3.130373813929D+02  3.102519024690D+02  3.074536179195D+02  3.046432441462D+02
  3.018214552592D+02  2.989888797828D+02  2.961460842892D+02  2.932935778556D+02
  2.904318051422D+02  2.875611614768D+02  2.846819969646D+02  2.817946419522D+02
  2.788994196049D+02  2.759966765971D+02  2.730867964918D+02  2.701702260336D+02
  2.672474788181D+02  2.643191472783D+02  2.613858890210D+02  2.584484206775D+02
  2.555074878259D+02  2.525638464967D+02  2.496182265527D+02  2.466713132697D+02
  2.437237172237D+02  2.407759677444D+02  2.378284983864D+02  2.348816577682D+02
  2.319357123859D+02  2.289908731928D+02  2.260473114091D+02  2.231051946491D+02
  2.201647084968D+02  2.172260946628D+02  2.142896710720D+02  2.113558653818D+02
  2.084252277955D+02  2.054984551589D+02  2.025763927309D+02  1.996600461254D+02
  1.967505702467D+02  1.938492682574D+02  1.909575677433D+02  1.880770074922D+02
  1.852092024898D+02  1.823558208019D+02  1.795185403592D+02  1.766990196161D+02
  1.738988504927D+02  1.711195279835D+02  1.683624053480D+02  1.656286698407D+02
  1.629193085576D+02  1.602350999968D+02  1.575766014030D+02  1.549441674866D+02
  1.523379696653D+02  1.497580490028D+02  1.472043676799D+02  1.446768859845D+02
  1.421756225857D+02  1.397007191636D+02  1.372524651884D+02  1.348313080801D+02
  1.324378149962D+02  1.300726254626D+02  1.277363739191D+02  1.254296286302D+02
  1.231528258128D+02  1.209062390079D+02  1.186899531972D+02  1.165038747556D+02
  1.143477403672D+02  1.122211527311D+02  1.101236055464D+02  1.080545266258D+02
  1.060133034367D+02  1.039993218419D+02  1.020119841356D+02  1.000507384835D+02
  9.811508696520D+01  9.620460506644D+01  9.431894026075D+01  9.245782292408D+01
  9.062105736445D+01  8.880852631108D+01  8.702017666885D+01  8.525601985910D+01
  8.351611449564D+01  8.180056463436D+01  8.010950124975D+01  7.844308006715D+01
  7.680146329459D+01  7.518481826710D+01  7.359330044154D+01  7.202705364720D+01
  7.048619494044D+01  6.897081687951D+01  6.748097450253D+01  6.601668976047D+01
  6.457794065083D+01  6.316466776553D+01  6.177676548682D+01  6.041409052464D+01
  5.907645502872D+01  5.776363694471D+01  5.647537482768D+01  5.521137971708D+01
  5.397133120950D+01  5.275489020234D+01  5.156169531606D+01  5.039137532574D+01
  4.924354453996D+01  4.811781345662D+01  4.701378178024D+01  4.593104635467D+01
  4.486919144013D+01  4.382779434196D+01  4.280641324875D+01  4.180459242766D+01
  4.082184896040D+01
N_07 POTENTIAL                      exc: Vosko,Wilk,Nusair      
  1.68057905  6.33750000  1.68945972
   7.00000
   1.96292   0.9811933849   0.9240466038
353
 0.25000000D-01 0.29592158D-03
 2 1
    0  -2.69998930000D+01
    0  -4.29582100000D-01
  2.622127579760D+01  2.622164795683D+01  2.622202911480D+01  2.622244508057D+01
  2.622287635196D+01  2.622332083147D+01  2.622377720446D+01  2.622424598369D+01
  2.622472660876D+01  2.622521989174D+01  2.622572541808D+01  2.622624408285D+01
  2.622677552523D+01  2.622732067901D+01  2.622787921388D+01  2.622845208932D+01
  2.622903899794D+01  2.622964092042D+01  2.623025756952D+01  2.623088994549D+01
  2.623153778036D+01  2.623220209354D+01  2.623288263622D+01  2.623358044706D+01
  2.623429529671D+01  2.623502824353D+01  2.623577907813D+01  2.623654887912D+01
  2.623733745773D+01  2.623814591351D+01  2.623897407900D+01  2.623982307548D+01
  2.624069275757D+01  2.624158426907D+01  2.624249748755D+01  2.624343358014D+01
  2.624439244822D+01  2.624537528316D+01  2.624638201119D+01  2.624741385321D+01
  2.624847114212D+01  2.624955472785D+01  2.625066458883D+01  2.625180199488D+01
  2.625296695186D+01  2.625416075749D+01  2.625538344600D+01  2.625663634397D+01
  2.625791951501D+01  2.625923431554D+01  2.626058083948D+01  2.626196047408D+01
  2.626337334458D+01  2.626482086998D+01  2.626630320779D+01  2.626782180977D+01
  2.626937686662D+01  2.627096986376D+01  2.627260102604D+01  2.627427187346D+01
  2.627598266587D+01  2.627773495873D+01  2.627952904776D+01  2.628136652468D+01
  2.628324772190D+01  2.628517426817D+01  2.628714653328D+01  2.628916618375D+01
  2.629123362742D+01  2.629335056914D+01  2.629551745539D+01  2.629773602989D+01
  2.630000677819D+01  2.630233148327D+01  2.630471067009D+01  2.630714616115D+01
  2.630963852101D+01  2.631218961176D+01  2.631480003757D+01  2.631747170008D+01
  2.632020524283D+01  2.632300260671D+01  2.632586447427D+01  2.632879282507D+01
  2.633178837998D+01  2.633485315645D+01  2.633798791270D+01  2.634119470292D+01
  2.634447432140D+01  2.634782885759D+01  2.635125914016D+01  2.635476729197D+01
  2.635835417396D+01  2.636202194006D+01  2.636577148095D+01  2.636960497878D+01
  2.637352335087D+01  2.637752880423D+01  2.638162227910D+01  2.638580600334D+01
  2.639008093581D+01  2.639444932049D+01  2.639891212975D+01  2.640347161826D+01
  2.640812876598D+01  2.641288583194D+01  2.641774379691D+01  2.642270491698D+01
  2.642777016598D+01  2.643294178871D+01  2.643822074317D+01  2.644360925343D+01
  2.644910825152D+01  2.645471993006D+01  2.646044518372D+01  2.646628616151D+01
  2.647224370787D+01  2.647831991455D+01  2.648451556129D+01  2.649083266729D+01
  2.649727193138D+01  2.650383528305D+01  2.651052332214D+01  2.651733786932D+01
  2.652427940528D+01  2.653134962065D+01  2.653854885455D+01  2.654587864396D+01
  2.655333916167D+01  2.656093176489D+01  2.656865643263D+01  2.657651431356D+01
  2.658450516265D+01  2.659262988829D+01  2.660088798815D+01  2.660928009548D+01
  2.661780541413D+01  2.662646426401D+01  2.663525551518D+01  2.664417913243D+01
  2.665323360837D+01  2.666241850706D+01  2.667173189613D+01  2.668117288933D+01
  2.669073907760D+01  2.670042907054D+01  2.671023992639D+01  2.672016969232D+01
  2.673021483327D+01  2.674037277110D+01  2.675063931217D+01  2.676101118526D+01
  2.677148346794D+01  2.678205212324D+01  2.679271142474D+01  2.680345649191D+01
  2.681428071396D+01  2.682517828391D+01  2.683614162107D+01  2.684716390385D+01
  2.685823649096D+01  2.686935145295D+01  2.688049899214D+01  2.689166997292D+01
  2.690285334047D+01  2.691403864990D+01  2.692521348383D+01  2.693636598047D+01
  2.694748225017D+01  2.695854890252D+01  2.696955046204D+01  2.698047189450D+01
  2.699129602191D+01  2.700200604826D+01  2.701258297403D+01  2.702300812159D+01
  2.703326054958D+01  2.704331957823D+01  2.705316220391D+01  2.706276562485D+01
  2.707210465617D+01  2.708115425641D+01  2.708988694360D+01  2.709827532307D+01
  2.710628950510D+01  2.711389963455D+01  2.712107331076D+01  2.712777811969D+01
  2.713397905670D+01  2.713964106201D+01  2.714472644712D+01  2.714919743441D+01
  2.715301358814D+01  2.715613435905D+01  2.715851652093D+01  2.716011672125D+01
  2.716088892428D+01  2.716078696890D+01  2.715976201944D+01  2.715776513175D+01
  2.715474471292D+01  2.715064909697D+01  2.714542401468D+01  2.713901518002D+01
  2.713136577153D+01  2.712241903079D+01  2.711211575652D+01  2.710039691652D+01
  2.708720115573D+01  2.707246742281D+01  2.705613249354D+01  2.703813361311D+01
  2.701840603595D+01  2.699688568494D+01  2.697350670848D+01  2.694820415751D+01
  2.692091156065D+01  2.689156361960D+01  2.686009380282D+01  2.682643705960D+01
  2.679052743238D+01  2.675230078940D+01  2.671169245540D+01  2.666863996216D+01
  2.662308069675D+01  2.657495466886D+01  2.652420217508D+01  2.647076658127D+01
  2.641459200066D+01  2.635562608873D+01  2.629381773216D+01  2.622911985291D+01
  2.616148710424D+01  2.609087867965D+01  2.601725601137D+01  2.594058557893D+01
  2.586083660447D+01  2.577798385486D+01  2.569200532716D+01  2.560288503727D+01
  2.551061068790D+01  2.541517643578D+01  2.531658053382D+01  2.521482806791D+01
  2.510992856403D+01  2.500189868518D+01  2.489075979362D+01  2.477654059773D+01
  2.465927465911D+01  2.453900297907D+01  2.441577143985D+01  2.428963332090D+01
  2.416064666372D+01  2.402887670672D+01  2.389439316493D+01  2.375727257428D+01
  2.361759547651D+01  2.347544866477D+01  2.333092226628D+01  2.318411188261D+01
  2.303511556445D+01  2.288403584222D+01  2.273097659014D+01  2.257604494573D+01
  2.241934806378D+01  2.226099492766D+01  2.210109299845D+01  2.193974992654D+01
  2.177707010787D+01  2.161315631207D+01  2.144810616733D+01  2.128201373261D+01
  2.111496594623D+01  2.094704418645D+01  2.077832073894D+01  2.060886041393D+01
  2.043871711651D+01  2.026793562248D+01  2.009654837440D+01  1.992457756241D+01
  1.975203231692D+01  1.957891129005D+01  1.940520046303D+01  1.923087646241D+01
  1.905590522124D+01  1.888024625634D+01  1.870385237116D+01  1.852667501036D+01
  1.834866500868D+01  1.816977887149D+01  1.798998022178D+01  1.780924643287D+01
  1.762756996713D+01  1.744496434849D+01  1.726146424221D+01  1.707712958762D+01
  1.689204335064D+01  1.670631301154D+01  1.652006558210D+01  1.633344652379D+01
  1.614661260535D+01  1.595972926692D+01  1.577296264521D+01  1.558647685254D+01
  1.540042660345D+01  1.521495565448D+01  1.503019098424D+01  1.484624300335D+01
  1.466320155833D+01  1.448113788667D+01  1.430010219117D+01  1.412012693312D+01
  1.394122548645D+01  1.376339625284D+01  1.358662189713D+01  1.341087383117D+01
  1.323611163806D+01  1.306228759867D+01  1.288934604339D+01  1.271722771922D+01
  1.254586891876D+01  1.237520558102D+01  1.220517212597D+01  1.203570524541D+01
  1.186674242132D+01  1.169822540133D+01  1.153009840769D+01  1.136231131303D+01
  1.119481756181D+01  1.102757707230D+01  1.086055389889D+01  1.069371888984D+01
  1.052704712016D+01  1.036052033413D+01  1.019412417621D+01  1.002785044358D+01
  9.861694137798D+00  9.695655546563D+00  9.529737131478D+00  9.363945450017D+00
  9.198287885589D+00  9.032774410665D+00  8.867414154855D+00  8.702216999612D+00
  8.537189969978D+00  8.372338642449D+00  8.207663340779D+00  8.043160335191D+00
  7.878817824188D+00  7.714616980424D+00  7.550527502159D+00  7.386508769937D+00
  7.222505013492D+00
Vac0 POTENTIAL                      exc: Vosko,Wilk,Nusair      
  2.20033126  6.33750000  2.17664358
   0.00000
   2.40560   0.9811933849   0.9240466038
353
 0.25000000D-01 0.36265835D-03
 0 1
  8.824991034605D-01  8.824699404222D-01  8.824392774108D-01  8.824303637504D-01
  8.824253696940D-01  8.824231313885D-01  8.824213154502D-01  8.824210861988D-01
  8.824207797531D-01  8.824218229246D-01  8.824226771363D-01  8.824248385878D-01
  8.824268122938D-01  8.824301253920D-01  8.824333073823D-01  8.824379068049D-01
  8.824424734554D-01  8.824485763033D-01  8.824547867493D-01  8.824626972404D-01
  8.824709051587D-01  8.824810321770D-01  8.824917088944D-01  8.825045948786D-01
  8.825183642618D-01  8.825347267377D-01  8.825524143070D-01  8.825732036742D-01
  8.825959045119D-01  8.826223837109D-01  8.826515558209D-01  8.826854098170D-01
  8.827230025624D-01  8.827664890601D-01  8.828151201047D-01  8.828712773771D-01
  8.829344744494D-01  8.830072832867D-01  8.830818310045D-01  8.831149972188D-01
  8.830854318876D-01  8.830581601348D-01  8.830315665764D-01  8.830070549047D-01
  8.829830292528D-01  8.829609106280D-01  8.829391185718D-01  8.829190878355D-01
  8.828992502544D-01  8.828810515983D-01  8.828629336036D-01  8.828463509653D-01
  8.828297534704D-01  8.828146030959D-01  8.827993562273D-01  8.827854808360D-01
  8.827714387601D-01  8.827587029373D-01  8.827457397382D-01  8.827340262502D-01
  8.827220326376D-01  8.827112394707D-01  8.827001201136D-01  8.826901580734D-01
  8.826798294299D-01  8.826706201862D-01  8.826610087277D-01  8.826524831934D-01
  8.826435239410D-01  8.826356209403D-01  8.826272562487D-01  8.826199214130D-01
  8.826120999556D-01  8.826052847885D-01  8.825979607049D-01  8.825916218023D-01
  8.825847539811D-01  8.825788523716D-01  8.825724038413D-01  8.825669044253D-01
  8.825608418347D-01  8.825557128991D-01  8.825500060774D-01  8.825452188928D-01
  8.825398404605D-01  8.825353689222D-01  8.825302939708D-01  8.825261142918D-01
  8.825213200924D-01  8.825174105414D-01  8.825128762990D-01  8.825092169632D-01
  8.825049235988D-01  8.825014961850D-01  8.824974261451D-01  8.824942137974D-01
  8.824903508855D-01  8.824873380297D-01  8.824836672582D-01  8.824808394595D-01
  8.824773469162D-01  8.824746907553D-01  8.824713634844D-01  8.824688664446D-01
  8.824656923420D-01  8.824633427068D-01  8.824603104222D-01  8.824580971844D-01
  8.824551960340D-01  8.824531088121D-01  8.824503286965D-01  8.824483576561D-01
  8.824456889881D-01  8.824438247712D-01  8.824412584048D-01  8.824394920624D-01
  8.824370192291D-01  8.824353421577D-01  8.824329544045D-01  8.824313582863D-01
  8.824290474163D-01  8.824275241607D-01  8.824252821765D-01  8.824238238655D-01
  8.824216429130D-01  8.824202417435D-01  8.824181140577D-01  8.824167622884D-01
  8.824146801378D-01  8.824133700336D-01  8.824113256652D-01  8.824100494408D-01
  8.824080350237D-01  8.824067847879D-01  8.824047923547D-01  8.824035600498D-01
  8.824015814377D-01  8.824003587789D-01  8.823983855654D-01  8.823971639763D-01
  8.823951874133D-01  8.823939579568D-01  8.823919689006D-01  8.823907222072D-01
  8.823887110428D-01  8.823874372324D-01  8.823853937932D-01  8.823840823910D-01
  8.823819958721D-01  8.823806357191D-01  8.823784945830D-01  8.823770737378D-01
  8.823748656128D-01  8.823733712454D-01  8.823710828142D-01  8.823695010901D-01
  8.823671179691D-01  8.823654339228D-01  8.823629405296D-01  8.823611379260D-01
  8.823585173351D-01  8.823565785177D-01  8.823538123004D-01  8.823517180249D-01
  8.823487860757D-01  8.823465153274D-01  8.823433956717D-01  8.823409254637D-01
  8.823375940470D-01  8.823348991990D-01  8.823313296543D-01  8.823283825488D-01
  8.823245459410D-01  8.823213162544D-01  8.823171807975D-01  8.823136352042D-01
  8.823091659510D-01  8.823052677960D-01  8.823004262942D-01  8.822961352335D-01
  8.822908791474D-01  8.822861507493D-01  8.822804334419D-01  8.822752187484D-01
  8.822689888197D-01  8.822632338618D-01  8.822564346395D-01  8.822500799013D-01
  8.822426488784D-01  8.822356287063D-01  8.822274969195D-01  8.822197388690D-01
  8.822108302124D-01  8.822022543267D-01  8.821924847936D-01  8.821830028068D-01
  8.821722796519D-01  8.821617941083D-01  8.821500149224D-01  8.821384182039D-01
  8.821254698913D-01  8.821126431420D-01  8.820984007902D-01  8.820842127292D-01
  8.820685383604D-01  8.820528439684D-01  8.820355851598D-01  8.820182242291D-01
  8.819992125873D-01  8.819800081181D-01  8.819590575945D-01  8.819378140235D-01
  8.819147190508D-01  8.818912202928D-01  8.818657537268D-01  8.818397610101D-01
  8.818116718541D-01  8.817829213286D-01  8.817519322184D-01  8.817201323110D-01
  8.816859367346D-01  8.816507652269D-01  8.816130244518D-01  8.815741252488D-01
  8.815324649251D-01  8.814894444837D-01  8.814434508891D-01  8.813958742705D-01
  8.813450901592D-01  8.812924766639D-01  8.812363966771D-01  8.811782150199D-01
  8.811162806127D-01  8.810519435876D-01  8.809835374194D-01  8.809123960016D-01
  8.808368357340D-01  8.807581725580D-01  8.806747039965D-01  8.805877261447D-01
  8.804955156562D-01  8.803993466843D-01  8.802974728100D-01  8.801911439279D-01
  8.800785881093D-01  8.799610284275D-01  8.798366647483D-01  8.797066904888D-01
  8.795692743282D-01  8.794255768913D-01  8.792737323718D-01  8.791148651329D-01
  8.789470712329D-01  8.787714349344D-01  8.785860101217D-01  8.783918367083D-01
  8.781869219342D-01  8.779722566614D-01  8.777457965376D-01  8.775084781671D-01
  8.772582001269D-01  8.769958389987D-01  8.767192302219D-01  8.764291839708D-01
  8.761234658259D-01  8.758028124803D-01  8.754649122084D-01  8.751104203820D-01
  8.747369397143D-01  8.743450355638D-01  8.739322159273D-01  8.734989465084D-01
  8.730426304310D-01  8.725636230434D-01  8.720592113204D-01  8.715296283728D-01
  8.709720325007D-01  8.703865213722D-01  8.697701106867D-01  8.691227479824D-01
  8.684412908615D-01  8.677255203796D-01  8.669721187777D-01  8.661806824003D-01
  8.653476988697D-01  8.644725594701D-01  8.635515356906D-01  8.625837910008D-01
  8.615653566756D-01  8.604951428757D-01  8.593689136512D-01  8.581852972223D-01
  8.569397600395D-01  8.556306161398D-01  8.542530001154D-01  8.528048753935D-01
  8.512810059359D-01  8.496789632551D-01  8.479930966265D-01  8.462205386129D-01
  8.443551735185D-01  8.423936411375D-01  8.403293031168D-01  8.381582445711D-01
  8.358732379390D-01  8.334697420165D-01  8.309398627834D-01  8.282783492914D-01
  8.254765508020D-01  8.225284088136D-01  8.194244096812D-01  8.161575718741D-01
  8.127173930256D-01  8.090958312683D-01  8.052812453812D-01  8.012643687360D-01
  7.970322408515D-01  7.925741720856D-01  7.878756644517D-01  7.829243646842D-01
  7.777039715931D-01  7.722001744848D-01  7.663945435971D-01  7.602704500337D-01
  7.538069348848D-01  7.469846057867D-01  7.397794791409D-01  7.321688470719D-01
  7.241250856366D-01  7.156214842476D-01  7.066260108286D-01  6.971070935971D-01
  6.870273316607D-01  6.763492163019D-01  6.650287724065D-01  6.530212029375D-01
  6.402744427240D-01  6.267347055473D-01  6.123399271084D-01  5.970251890355D-01
  5.807160223233D-01  5.633336767370D-01  5.447882499168D-01  5.249837646710D-01
  5.038110831219D-01  4.811527481970D-01  4.568756436922D-01  4.308355471771D-01
  4.028694899719D-01  3.728002048270D-01  3.404274523929D-01  3.055330256949D-01
  2.678712928169D-01
Vac0 POTENTIAL                      exc: Vosko,Wilk,Nusair      
  1.68057905  6.33750000  1.68945972
   0.00000
   1.96292   0.9811933849   0.9240466038
353
 0.25000000D-01 0.29592158D-03
 0 1
  6.706251299243D-01  6.705819498324D-01  6.705372403991D-01  6.705236888973D-01
  6.705161739775D-01  6.705116877350D-01  6.705081607970D-01  6.705059455524D-01
  6.705039263084D-01  6.705028239041D-01  6.705016939457D-01  6.705013479079D-01
  6.705008941906D-01  6.705011775831D-01  6.705013291087D-01  6.705022100010D-01
  6.705029640807D-01  6.705044631447D-01  6.705058603167D-01  6.705080360753D-01
  6.705101520489D-01  6.705130973103D-01  6.705160424765D-01  6.705198862934D-01
  6.705238099192D-01  6.705287237090D-01  6.705338217634D-01  6.705400289964D-01
  6.705465559309D-01  6.705543460619D-01  6.705626310656D-01  6.705723785668D-01
  6.705828477635D-01  6.705950378058D-01  6.706082440429D-01  6.706235071015D-01
  6.706401696313D-01  6.706593048200D-01  6.706785070738D-01  6.706858158899D-01
  6.706762692771D-01  6.706676451181D-01  6.706590465185D-01  6.706513029745D-01
  6.706435237947D-01  6.706365439751D-01  6.706294777180D-01  6.706231643898D-01
  6.706167221008D-01  6.706109937194D-01  6.706051005109D-01  6.705998881803D-01
  6.705944805492D-01  6.705897256451D-01  6.705847493899D-01  6.705804017162D-01
  6.705758102820D-01  6.705718266047D-01  6.705675797834D-01  6.705639226546D-01
  6.705599855288D-01  6.705566223505D-01  6.705529644481D-01  6.705498667050D-01
  6.705464613111D-01  6.705436039434D-01  6.705404275307D-01  6.705377884276D-01
  6.705348201896D-01  6.705323797558D-01  6.705296012234D-01  6.705273420318D-01
  6.705247367446D-01  6.705226432361D-01  6.705201964727D-01  6.705182547063D-01
  6.705159532554D-01  6.705141506981D-01  6.705119826610D-01  6.705103080097D-01
  6.705082626361D-01  6.705067056586D-01  6.705047732050D-01  6.705033246129D-01
  6.705014962173D-01  6.705001475504D-01  6.704984151283D-01  6.704971586543D-01
  6.704955148061D-01  6.704943434368D-01  6.704927813665D-01  6.704916885808D-01
  6.704902020251D-01  6.704891818033D-01  6.704877649698D-01  6.704868117333D-01
  6.704854592459D-01  6.704845678064D-01  6.704832746531D-01  6.704824401657D-01
  6.704812016563D-01  6.704804195753D-01  6.704792313013D-01  6.704784973444D-01
  6.704773551397D-01  6.704766652508D-01  6.704755651605D-01  6.704749154777D-01
  6.704738537260D-01  6.704732405514D-01  6.704722135118D-01  6.704716332830D-01
  6.704706374507D-01  6.704700867147D-01  6.704691186802D-01  6.704685940646D-01
  6.704676504883D-01  6.704671486791D-01  6.704662262655D-01  6.704657439802D-01
  6.704648394536D-01  6.704643734172D-01  6.704634834968D-01  6.704630304164D-01
  6.704621517910D-01  6.704617083312D-01  6.704608376343D-01  6.704604003901D-01
  6.704595341723D-01  6.704590996431D-01  6.704582343454D-01  6.704577989066D-01
  6.704569308311D-01  6.704564907044D-01  6.704556159839D-01  6.704551672050D-01
  6.704542817708D-01  6.704538201568D-01  6.704529197030D-01  6.704524408165D-01
  6.704515207632D-01  6.704510198722D-01  6.704500753251D-01  6.704495473615D-01
  6.704485730680D-01  6.704480125823D-01  6.704470028835D-01  6.704464039947D-01
  6.704453527735D-01  6.704447091147D-01  6.704436097393D-01  6.704429143982D-01
  6.704417596599D-01  6.704410051139D-01  6.704397871585D-01  6.704389652033D-01
  6.704376754567D-01  6.704367771278D-01  6.704354062134D-01  6.704344216997D-01
  6.704329593483D-01  6.704318778973D-01  6.704303128471D-01  6.704291226605D-01
  6.704274425475D-01  6.704261306656D-01  6.704243219029D-01  6.704228740778D-01
  6.704209217219D-01  6.704193222777D-01  6.704172098815D-01  6.704154415594D-01
  6.704131510096D-01  6.704111947975D-01  6.704087061361D-01  6.704065410803D-01
  6.704038323062D-01  6.704014353038D-01  6.703984821546D-01  6.703958277234D-01
  6.703926034341D-01  6.703896634598D-01  6.703861384966D-01  6.703828819524D-01
  6.703790237184D-01  6.703754163557D-01  6.703711888654D-01  6.703671928724D-01
  6.703625563930D-01  6.703581300168D-01  6.703530406712D-01  6.703481378008D-01
  6.703425471290D-01  6.703371168343D-01  6.703309713088D-01  6.703249573313D-01
  6.703181978219D-01  6.703115380117D-01  6.703040991933D-01  6.702967248869D-01
  6.702885345858D-01  6.702803699185D-01  6.702713483894D-01  6.702623095356D-01
  6.702523686627D-01  6.702423629958D-01  6.702314054096D-01  6.702203305736D-01
  6.702082486752D-01  6.701959915585D-01  6.701826664402D-01  6.701691020413D-01
  6.701544022945D-01  6.701393924680D-01  6.701231728644D-01  6.701065649352D-01
  6.700886649694D-01  6.700702901996D-01  6.700505324783D-01  6.700302043735D-01
  6.700083928337D-01  6.699859052702D-01  6.699618232097D-01  6.699369483632D-01
  6.699103562634D-01  6.698828423195D-01  6.698534754374D-01  6.698230440592D-01
  6.697906097650D-01  6.697569532939D-01  6.697211281265D-01  6.696839064857D-01
  6.696443328966D-01  6.696031701663D-01  6.695594529183D-01  6.695139335485D-01
  6.694656357321D-01  6.694153003529D-01  6.693619389797D-01  6.693062797663D-01
  6.692473208942D-01  6.691857764394D-01  6.691206297785D-01  6.690525794188D-01
  6.689805923630D-01  6.689053498995D-01  6.688258009209D-01  6.687426076699D-01
  6.686546990072D-01  6.685627161077D-01  6.684655656720D-01  6.683638655681D-01
  6.682564979802D-01  6.681440549896D-01  6.680253916542D-01  6.679010715216D-01
  6.677699196319D-01  6.676324679555D-01  6.674875083104D-01  6.673355377163D-01
  6.671753112173D-01  6.670072871428D-01  6.668301798244D-01  6.666444047536D-01
  6.664486311807D-01  6.662432271576D-01  6.660268120055D-01  6.657997012291D-01
  6.655604588385D-01  6.653093421195D-01  6.650448537927D-01  6.647671866235D-01
  6.644747753993D-01  6.641677413598D-01  6.638444439705D-01  6.635049251526D-01
  6.631474608279D-01  6.627720049234D-01  6.623767406605D-01  6.619615243067D-01
  6.615244361766D-01  6.610652240989D-01  6.605818540940D-01  6.600739535195D-01
  6.595393613827D-01  6.589775711228D-01  6.583862805109D-01  6.577648340202D-01
  6.571107722589D-01  6.564232738724D-01  6.556997044445D-01  6.549390578669D-01
  6.541385046350D-01  6.532968326072D-01  6.524109946087D-01  6.514795484907D-01
  6.504992039402D-01  6.494682617327D-01  6.483831596266D-01  6.472419106832D-01
  6.460406481016D-01  6.447770624551D-01  6.434469452950D-01  6.420476251201D-01
  6.405745095432D-01  6.390245197740D-01  6.373926310970D-01  6.356753056001D-01
  6.338670306596D-01  6.319637495860D-01  6.299593977435D-01  6.278493307086D-01
  6.256268575656D-01  6.232866660793D-01  6.208213525966D-01  6.182248436136D-01
  6.154889215765D-01  6.126066420669D-01  6.095688546191D-01  6.063676145503D-01
  6.029926976849D-01  5.994350056030D-01  5.956830728742D-01  5.917264641723D-01
  5.875522722488D-01  5.831485049438D-01  5.785005716519D-01  5.735946577174D-01
  5.684141965283D-01  5.629432280863D-01  5.571628530627D-01  5.510545714287D-01
  5.445967137699D-01  5.377677546814D-01  5.305427152910D-01  5.228964445890D-01
  5.147999853508D-01  5.062238145730D-01  4.971341626985D-01  4.874962017254D-01
  4.772703046642D-01  4.664151665101D-01  4.548839870004D-01  4.426275053335D-01
  4.295900843736D-01  4.157126338331D-01  4.009285709100D-01  3.851665955328D-01
  3.683464884272D-01  3.503818625153D-01  3.311752044227D-01  3.106211382859D-01
  2.886007389619D-01
