In49 POTENTIAL                      exc: Vosko,Wilk,Nusair      
  2.14187055  6.17500000  2.11957662
  49.00000
   2.34253   1.0890128100   0.9652355786
353
 0.25000000D-01 0.35315022D-03
 9 1
    0  -1.96656160000D+03
    0  -2.87428550000D+02
    0  -5.37136240000D+01
    0  -7.39818510000D+00
    1  -2.68528840000D+02
    1  -4.59639090000D+01
    1  -4.86454470000D+00
    2  -3.15522220000D+01
    2  -7.38539920000D-01
  4.728031829438D+02  4.728282010599D+02  4.728537939411D+02  4.728799684872D+02
  4.729067330553D+02  4.729341012086D+02  4.729620822784D+02  4.729906899765D+02
  4.730199338984D+02  4.730498279396D+02  4.730803818991D+02  4.731116098277D+02
  4.731435216860D+02  4.731761316486D+02  4.732094497961D+02  4.732434903890D+02
  4.732782635822D+02  4.733137836769D+02  4.733500608512D+02  4.733871093943D+02
  4.734249394491D+02  4.734635652323D+02  4.735029967856D+02  4.735432481836D+02
  4.735843292915D+02  4.736262539631D+02  4.736690318021D+02  4.737126763518D+02
  4.737571968590D+02  4.738026064552D+02  4.738489139226D+02  4.738961318671D+02
  4.739442684859D+02  4.739933357320D+02  4.740433410822D+02  4.740942956941D+02
  4.741462061738D+02  4.741990827248D+02  4.742529309147D+02  4.743077598166D+02
  4.743635737822D+02  4.744203805498D+02  4.744781830317D+02  4.745369874326D+02
  4.745967950071D+02  4.746576101787D+02  4.747194322929D+02  4.747822637291D+02
  4.748461016484D+02  4.749109460970D+02  4.749767917490D+02  4.750436360008D+02
  4.751114707082D+02  4.751802902720D+02  4.752500833680D+02  4.753208410234D+02
  4.753925483398D+02  4.754651925603D+02  4.755387547839D+02  4.756132180230D+02
  4.756885589098D+02  4.757647557429D+02  4.758417801853D+02  4.759196052999D+02
  4.759981972387D+02  4.760775232669D+02  4.761575434426D+02  4.762382186298D+02
  4.763195021677D+02  4.764013478725D+02  4.764837016967D+02  4.765665097188D+02
  4.766497097925D+02  4.767332395250D+02  4.768170279154D+02  4.769010033221D+02
  4.769850850905D+02  4.770691915096D+02  4.771532314296D+02  4.772371122074D+02
  4.773207313158D+02  4.774039842786D+02  4.774867562707D+02  4.775689300448D+02
  4.776503775238D+02  4.777309677198D+02  4.778105583203D+02  4.778890036008D+02
  4.779661460072D+02  4.780418240640D+02  4.781158639539D+02  4.781880874250D+02
  4.782583033708D+02  4.783263157379D+02  4.783919151099D+02  4.784548866199D+02
  4.785150015411D+02  4.785720252082D+02  4.786257086192D+02  4.786757963702D+02
  4.787220182731D+02  4.787640973091D+02  4.788017412681D+02  4.788346507267D+02
  4.788625107154D+02  4.788849987275D+02  4.789017764212D+02  4.789124976669D+02
  4.789168002918D+02  4.789143141726D+02  4.789046530320D+02  4.788874225852D+02
  4.788622123957D+02  4.788286040864D+02  4.787861632636D+02  4.787344478013D+02
  4.786729998438D+02  4.786013541731D+02  4.785190302993D+02  4.784255409209D+02
  4.783203841135D+02  4.782030518922D+02  4.780730225074D+02  4.779297691189D+02
  4.777727522077D+02  4.776014283691D+02  4.774152428482D+02  4.772136384594D+02
  4.769960482503D+02  4.767619045526D+02  4.765106317783D+02  4.762416556032D+02
  4.759543958966D+02  4.756482760358D+02  4.753227159659D+02  4.749771416403D+02
  4.746109782018D+02  4.742236595396D+02  4.738146215788D+02  4.733833119364D+02
  4.729291833006D+02  4.724517031625D+02  4.719503472582D+02  4.714246093471D+02
  4.708739946806D+02  4.702980297886D+02  4.696962559328D+02  4.690682388521D+02
  4.684135621496D+02  4.677318369401D+02  4.670226951089D+02  4.662857987970D+02
  4.655208334607D+02  4.647275171212D+02  4.639055931483D+02  4.630548391927D+02
  4.621750596115D+02  4.612660939987D+02  4.603278091660D+02  4.593601071876D+02
  4.583629168528D+02  4.573362011440D+02  4.562799480879D+02  4.551941776000D+02
  4.540789316744D+02  4.529342805580D+02  4.517603122501D+02  4.505571379890D+02
  4.493248810908D+02  4.480636817982D+02  4.467736855343D+02  4.454550472382D+02
  4.441079192024D+02  4.427324551154D+02  4.413287977592D+02  4.398970830976D+02
  4.384374282384D+02  4.369499360379D+02  4.354346838635D+02  4.338917293114D+02
  4.323211004162D+02  4.307228031597D+02  4.290968138145D+02  4.274430889055D+02
  4.257615602785D+02  4.240521479842D+02  4.223147583593D+02  4.205492998730D+02
  4.187556839472D+02  4.169338431209D+02  4.150837335522D+02  4.132053540140D+02
  4.112987481827D+02  4.093640222260D+02  4.074013444073D+02  4.054109587220D+02
  4.033931794015D+02  4.013483985227D+02  3.992770738907D+02  3.971797298421D+02
  3.950569385911D+02  3.929093152234D+02  3.907374943753D+02  3.885421220352D+02
  3.863238307183D+02  3.840832315362D+02  3.818208913632D+02  3.795373284509D+02
  3.772329944303D+02  3.749082757246D+02  3.725634819551D+02  3.701988540044D+02
  3.678145589859D+02  3.654107044913D+02  3.629873391228D+02  3.605444714998D+02
  3.580820746132D+02  3.556001076373D+02  3.530985220342D+02  3.505772840583D+02
  3.480363805236D+02  3.454758399900D+02  3.428957363041D+02  3.402962067211D+02
  3.376774516604D+02  3.350397484219D+02  3.323834460221D+02  3.297089736296D+02
  3.270168298983D+02  3.243075858388D+02  3.215818687073D+02  3.188403597511D+02
  3.160837735093D+02  3.133128517132D+02  3.105283397885D+02  3.077309792315D+02
  3.049214840786D+02  3.021005350292D+02  2.992687595828D+02  2.964267318444D+02
  2.935749603018D+02  2.907138969852D+02  2.878439358212D+02  2.849654328269D+02
  2.820787149170D+02  2.791841087177D+02  2.762819548296D+02  2.733726377368D+02
  2.704565959925D+02  2.675343427235D+02  2.646064617466D+02  2.616736108602D+02
  2.587364998002D+02  2.557958769415D+02  2.528524946050D+02  2.499070888344D+02
  2.469603443768D+02  2.440128806036D+02  2.410652280852D+02  2.381178299282D+02
  2.351710356846D+02  2.322251200827D+02  2.292802928126D+02  2.263367304452D+02
  2.233945959851D+02  2.204540767871D+02  2.175154063604D+02  2.145789009992D+02
  2.116449771240D+02  2.087141807826D+02  2.057871956832D+02  2.028648617345D+02
  1.999481709758D+02  1.970382733051D+02  1.941364594324D+02  1.912441538095D+02
  1.883628853436D+02  1.854942690858D+02  1.826399669572D+02  1.798016611131D+02
  1.769810083134D+02  1.741796092890D+02  1.713989618801D+02  1.686404324428D+02
  1.659052148629D+02  1.631943123373D+02  1.605085119074D+02  1.578483874107D+02
  1.552143008698D+02  1.526064371327D+02  1.500248394616D+02  1.474694766883D+02
  1.449403035300D+02  1.424373376161D+02  1.399607087600D+02  1.375107017569D+02
  1.350877520176D+02  1.326924254695D+02  1.303253559378D+02  1.279871844757D+02
  1.256784814916D+02  1.233996963487D+02  1.211511091294D+02  1.189328199578D+02
  1.167447415326D+02  1.145866237134D+02  1.124580723715D+02  1.103585905888D+02
  1.082876053656D+02  1.062445097089D+02  1.042286851903D+02  1.022395366587D+02
  1.002765055526D+02  9.833909462528D+01  9.642687127823D+01  9.453948276958D+01
  9.267665090330D+01  9.083817960865D+01  8.902394312663D+01  8.723388823579D+01
  8.546801821784D+01  8.372639193434D+01  8.200910564045D+01  8.031629080460D+01
  7.864809545928D+01  7.700468223382D+01  7.538621048864D+01  7.379283558519D+01
  7.222469261632D+01  7.068189752886D+01  6.916453288965D+01  6.767265114825D+01
  6.620626260166D+01  6.476534086338D+01  6.334981302494D+01  6.195956728449D+01
  6.059444523119D+01  5.925425153622D+01  5.793874822728D+01  5.664766623675D+01
  5.538070132936D+01  5.413752696093D+01  5.291779102639D+01  5.172112886279D+01
  5.054715933960D+01  4.939549633331D+01  4.826574251408D+01  4.715749794040D+01
  4.607035075949D+01  4.500388304477D+01  4.395765847365D+01  4.293122737421D+01
  4.192411287921D+01
N_07 POTENTIAL                      exc: Vosko,Wilk,Nusair      
  1.63952924  6.17500000  1.64793099
   7.00000
   1.91467   1.0890128100   0.9652355786
353
 0.25000000D-01 0.28864751D-03
 2 1
    0  -2.69998930000D+01
    0  -4.29582100000D-01
  2.633453982972D+01  2.633490216234D+01  2.633527321615D+01  2.633567872346D+01
  2.633609921522D+01  2.633653267063D+01  2.633697770760D+01  2.633743490078D+01
  2.633790361794D+01  2.633838473115D+01  2.633887775300D+01  2.633938363787D+01
  2.633990195155D+01  2.634043368669D+01  2.634097843916D+01  2.634153722692D+01
  2.634210966836D+01  2.634269680227D+01  2.634329826682D+01  2.634391512001D+01
  2.634454701890D+01  2.634519504023D+01  2.634585885986D+01  2.634653957340D+01
  2.634723687578D+01  2.634795188188D+01  2.634868430620D+01  2.634943528347D+01
  2.635020454837D+01  2.635099325616D+01  2.635180116243D+01  2.635262944370D+01
  2.635347787721D+01  2.635434766158D+01  2.635523859652D+01  2.635615190357D+01
  2.635708740577D+01  2.635804634843D+01  2.635902857898D+01  2.636003537248D+01
  2.636106698065D+01  2.636212430751D+01  2.636320725176D+01  2.636431713570D+01
  2.636545388493D+01  2.636661884916D+01  2.636781198189D+01  2.636903466119D+01
  2.637028686944D+01  2.637157001404D+01  2.637288410720D+01  2.637423058665D+01
  2.637560949541D+01  2.637702230251D+01  2.637846908273D+01  2.637995133735D+01
  2.638146917389D+01  2.638302412681D+01  2.638461633732D+01  2.638624737398D+01
  2.638791741255D+01  2.638962805664D+01  2.639137951742D+01  2.639317343435D+01
  2.639501005489D+01  2.639689105515D+01  2.639881671960D+01  2.640078876174D+01
  2.640280750379D+01  2.640487469729D+01  2.640699070278D+01  2.640915731043D+01
  2.641137491963D+01  2.641364535960D+01  2.641596906901D+01  2.641834791645D+01
  2.642078238010D+01  2.642327436814D+01  2.642582439835D+01  2.642843441848D+01
  2.643110498583D+01  2.643383808756D+01  2.643663432018D+01  2.643949570985D+01
  2.644242289173D+01  2.644541793029D+01  2.644848149857D+01  2.645161569839D+01
  2.645482123951D+01  2.645810025978D+01  2.646145350425D+01  2.646488314513D+01
  2.646838996085D+01  2.647197615588D+01  2.647564253973D+01  2.647939134658D+01
  2.648322341415D+01  2.648714100326D+01  2.649114497646D+01  2.649523761752D+01
  2.649941980982D+01  2.650369385569D+01  2.650806065468D+01  2.651252252261D+01
  2.651708036969D+01  2.652173651936D+01  2.652649188615D+01  2.653134879434D+01
  2.653630815550D+01  2.654137228694D+01  2.654654208899D+01  2.655181986310D+01
  2.655720648887D+01  2.656270424180D+01  2.656831397002D+01  2.657403791170D+01
  2.657987687135D+01  2.658583303692D+01  2.659190715568D+01  2.659810135090D+01
  2.660441629728D+01  2.661085403721D+01  2.661741515572D+01  2.662410159621D+01
  2.663091383494D+01  2.663785369616D+01  2.664492152611D+01  2.665211900753D+01
  2.665944633304D+01  2.666690501906D+01  2.667449507853D+01  2.668221783412D+01
  2.669007309025D+01  2.669806194563D+01  2.670618396446D+01  2.671443998822D+01
  2.672282930602D+01  2.673135246560D+01  2.674000844283D+01  2.674879745171D+01
  2.675771811309D+01  2.676677026363D+01  2.677595212354D+01  2.678526310463D+01
  2.679470097690D+01  2.680426467558D+01  2.681395146669D+01  2.682375975287D+01
  2.683368623787D+01  2.684372873121D+01  2.685388331146D+01  2.686414712974D+01
  2.687451557173D+01  2.688498505998D+01  2.689555021463D+01  2.690620665441D+01
  2.691694815616D+01  2.692776945450D+01  2.693866340004D+01  2.694962375778D+01
  2.696064236400D+01  2.697171192341D+01  2.698282316473D+01  2.699396763659D+01
  2.700513486188D+01  2.701631513245D+01  2.702749666229D+01  2.703866838108D+01
  2.704981708629D+01  2.706093023573D+01  2.707199309870D+01  2.708299154764D+01
  2.709390920849D+01  2.710473025166D+01  2.711543654182D+01  2.712601042834D+01
  2.713643189482D+01  2.714668134936D+01  2.715673677398D+01  2.716657651510D+01
  2.717617643333D+01  2.718551269446D+01  2.719455892006D+01  2.720328897947D+01
  2.721167414171D+01  2.721968586904D+01  2.722729297072D+01  2.723446439874D+01
  2.724116640418D+01  2.724736533577D+01  2.725302479953D+01  2.725810846109D+01
  2.726257720934D+01  2.726639196336D+01  2.726951084112D+01  2.727189197193D+01
  2.727349067116D+01  2.727426225928D+01  2.727415924370D+01  2.727313414554D+01
  2.727113668976D+01  2.726811664080D+01  2.726402100224D+01  2.725879686262D+01
  2.725238860587D+01  2.724474076853D+01  2.723579526235D+01  2.722549424417D+01
  2.721377735193D+01  2.720058458856D+01  2.718585357264D+01  2.716952243750D+01
  2.715152709767D+01  2.713180416442D+01  2.711028822898D+01  2.708691479545D+01
  2.706161758173D+01  2.703433147046D+01  2.700498982836D+01  2.697352747569D+01
  2.693987802416D+01  2.690397686509D+01  2.686575852583D+01  2.682515967623D+01
  2.678211650302D+01  2.673656773372D+01  2.668845202778D+01  2.663771101651D+01
  2.658428670919D+01  2.652812454681D+01  2.646917082064D+01  2.640737573678D+01
  2.634269084387D+01  2.627507210464D+01  2.620447732851D+01  2.613086924548D+01
  2.605421293839D+01  2.597447891347D+01  2.589164052618D+01  2.580567704186D+01
  2.571657104792D+01  2.562431149714D+01  2.552889109823D+01  2.543030933325D+01
  2.532856981776D+01  2.522368328312D+01  2.511566489670D+01  2.500453719921D+01
  2.489032737487D+01  2.477307013347D+01  2.465280492011D+01  2.452957873140D+01
  2.440344325488D+01  2.427445760874D+01  2.414268539991D+01  2.400819737853D+01
  2.387106840540D+01  2.373138001171D+01  2.358921726777D+01  2.344467124051D+01
  2.329783575686D+01  2.314880975356D+01  2.299769393087D+01  2.284459299180D+01
  2.268961218499D+01  2.253285943407D+01  2.237444177271D+01  2.221446736965D+01
  2.205304186459D+01  2.189027030119D+01  2.172625338048D+01  2.156108932373D+01
  2.139487007153D+01  2.122768311235D+01  2.105960767235D+01  2.089071656569D+01
  2.072107244440D+01  2.055072975553D+01  2.037973115444D+01  2.020810969292D+01
  2.003588554317D+01  1.986306858864D+01  1.968965565452D+01  1.951563371864D+01
  1.934097788068D+01  1.916565542861D+01  1.898962476701D+01  1.881284051870D+01
  1.863525351761D+01  1.845681693672D+01  1.827748717959D+01  1.809723067211D+01
  1.791602506667D+01  1.773386588408D+01  1.755076701850D+01  1.736676608970D+01
  1.718192309056D+01  1.699632341285D+01  1.681007386987D+01  1.662330302649D+01
  1.643615470641D+01  1.624878622556D+01  1.606136040834D+01  1.587404304521D+01
  1.568699486736D+01  1.550036963356D+01  1.531430727650D+01  1.512893353977D+01
  1.494435487923D+01  1.476065990154D+01  1.457791598443D+01  1.439617225956D+01
  1.421545754615D+01  1.403578439273D+01  1.385714781556D+01  1.367952990871D+01
  1.350289894187D+01  1.332721415350D+01  1.315242488768D+01  1.297847531353D+01
  1.280530340255D+01  1.263284542637D+01  1.246103466908D+01  1.228980563240D+01
  1.211909243965D+01  1.194883272612D+01  1.177896572855D+01  1.160943586660D+01
  1.144019053222D+01  1.127118338249D+01  1.110237185312D+01  1.093372018883D+01
  1.076519670827D+01  1.059677659891D+01  1.042843895915D+01  1.026016938179D+01
  1.009195679473D+01  9.923795851015D+00  9.755683582537D+00  9.587621606613D+00
  9.419612597785D+00  9.251662310916D+00  9.083775865912D+00  8.915959577007D+00
  8.748217035702D+00  8.580550727949D+00  8.412957896922D+00  8.245431928442D+00
  8.077957979692D+00  7.910514206200D+00  7.743066912609D+00  7.575571943161D+00
  7.407969417634D+00
Vac0 POTENTIAL                      exc: Vosko,Wilk,Nusair      
  2.14187055  6.17500000  2.11957662
   0.00000
   2.34253   1.0890128100   0.9652355786
353
 0.25000000D-01 0.35315022D-03
 0 1
  9.366324468206D-01  9.366006882107D-01  9.365673979584D-01  9.365576439347D-01
  9.365522269383D-01  9.365496854033D-01  9.365476814058D-01  9.365472819058D-01
  9.365468754073D-01  9.365478135898D-01  9.365486207647D-01  9.365507237221D-01
  9.365526939899D-01  9.365559917763D-01  9.365592150508D-01  9.365638471758D-01
  9.365685080692D-01  9.365747032357D-01  9.365810760214D-01  9.365891574093D-01
  9.365976190701D-01  9.366080238818D-01  9.366190798060D-01  9.366323912580D-01
  9.366467139575D-01  9.366637074612D-01  9.366821912638D-01  9.367038988679D-01
  9.367277356690D-01  9.367555350913D-01  9.367863189134D-01  9.368220562755D-01
  9.368619274186D-01  9.369080866713D-01  9.369599309129D-01  9.370198680847D-01
  9.370875895000D-01  9.371657171245D-01  9.372458963683D-01  9.372823528985D-01
  9.372519175911D-01  9.372237889880D-01  9.371964155797D-01  9.371711307782D-01
  9.371464031721D-01  9.371235840210D-01  9.371011577845D-01  9.370804898781D-01
  9.370600774260D-01  9.370412972021D-01  9.370226565319D-01  9.370055413786D-01
  9.369884673626D-01  9.369728279513D-01  9.369571455653D-01  9.369428198453D-01
  9.369283788290D-01  9.369152272750D-01  9.369018978914D-01  9.368897997109D-01
  9.368774693531D-01  9.368663194333D-01  9.368548898708D-01  9.368445963113D-01
  9.368339814641D-01  9.368244635501D-01  9.368145876545D-01  9.368057741988D-01
  9.367965703011D-01  9.367883982676D-01  9.367798069668D-01  9.367722203302D-01
  9.367641887378D-01  9.367571375241D-01  9.367496183798D-01  9.367430578631D-01
  9.367360088027D-01  9.367298988212D-01  9.367232817436D-01  9.367175861239D-01
  9.367113666585D-01  9.367060527192D-01  9.367001997700D-01  9.366952378994D-01
  9.366897232486D-01  9.366850865409D-01  9.366798845123D-01  9.366755484490D-01
  9.366706356143D-01  9.366665777921D-01  9.366619327135D-01  9.366581326034D-01
  9.366537356101D-01  9.366501743499D-01  9.366460073405D-01  9.366426675486D-01
  9.366387138209D-01  9.366355794336D-01  9.366318235270D-01  9.366288796544D-01
  9.366253072168D-01  9.366225400121D-01  9.366191376740D-01  9.366165342191D-01
  9.366132894867D-01  9.366108376864D-01  9.366077388390D-01  9.366054273265D-01
  9.366024633292D-01  9.366002813784D-01  9.365974417952D-01  9.365953792422D-01
  9.365926541619D-01  9.365907013291D-01  9.365880812919D-01  9.365862289206D-01
  9.365837048509D-01  9.365819440339D-01  9.365795071773D-01  9.365778292977D-01
  9.365754711596D-01  9.365738678295D-01  9.365715801152D-01  9.365700431186D-01
  9.365678176756D-01  9.365663389097D-01  9.365641676710D-01  9.365627390897D-01
  9.365606140158D-01  9.365592275719D-01  9.365571405934D-01  9.365557881806D-01
  9.365537311390D-01  9.365524045320D-01  9.365503691197D-01  9.365490599122D-01
  9.365470376087D-01  9.365457371497D-01  9.365437191561D-01  9.365424184814D-01
  9.365403956506D-01  9.365390854116D-01  9.365370481745D-01  9.365357185621D-01
  9.365336568486D-01  9.365322975109D-01  9.365302006655D-01  9.365288006203D-01
  9.365266573105D-01  9.365252048503D-01  9.365230029681D-01  9.365214855572D-01
  9.365192121115D-01  9.365176162744D-01  9.365152572743D-01  9.365135684734D-01
  9.365111088012D-01  9.365093113033D-01  9.365067345746D-01  9.365048113061D-01
  9.365020997174D-01  9.365000321033D-01  9.364971662647D-01  9.364949340539D-01
  9.364918928051D-01  9.364894738776D-01  9.364862340855D-01  9.364836042402D-01
  9.364801405773D-01  9.364772732984D-01  9.364735579970D-01  9.364704241977D-01
  9.364664267807D-01  9.364629945195D-01  9.364586815029D-01  9.364549156712D-01
  9.364502502362D-01  9.364461122145D-01  9.364410538455D-01  9.364365011227D-01
  9.364310052087D-01  9.364259909635D-01  9.364200083568D-01  9.364144809942D-01
  9.364079575249D-01  9.364018601652D-01  9.363947361032D-01  9.363880060181D-01
  9.363802154808D-01  9.363727834697D-01  9.363642537665D-01  9.363560434679D-01
  9.363466943768D-01  9.363376215084D-01  9.363273644765D-01  9.363173359945D-01
  9.363060732551D-01  9.362949864262D-01  9.362826100230D-01  9.362703513985D-01
  9.362567421075D-01  9.362431863903D-01  9.362282125284D-01  9.362132213205D-01
  9.361967374291D-01  9.361801578478D-01  9.361620032381D-01  9.361436663865D-01
  9.361236635313D-01  9.361033828085D-01  9.360813355658D-01  9.360589047982D-01
  9.360345964474D-01  9.360097878246D-01  9.359829788957D-01  9.359555406888D-01
  9.359259665635D-01  9.358956206027D-01  9.358629888630D-01  9.358294277497D-01
  9.357934152468D-01  9.357562992725D-01  9.357165488871D-01  9.356755026272D-01
  9.356316196883D-01  9.355862282363D-01  9.355377765624D-01  9.354875813681D-01
  9.354340788905D-01  9.353785731582D-01  9.353194870832D-01  9.352581106847D-01
  9.351928521442D-01  9.351249859944D-01  9.350529041327D-01  9.349778639712D-01
  9.348982394054D-01  9.348152689210D-01  9.347273065119D-01  9.346355697396D-01
  9.345383905962D-01  9.344369635103D-01  9.343295961487D-01  9.342174573648D-01
  9.340988279310D-01  9.339748484231D-01  9.338437698777D-01  9.337067016047D-01
  9.335618617612D-01  9.334103250852D-01  9.332502733769D-01  9.330827431445D-01
  9.329058759834D-01  9.327206661250D-01  9.325252107022D-01  9.323204571903D-01
  9.321044535472D-01  9.318780955348D-01  9.316393767192D-01  9.313891356602D-01
  9.311253057569D-01  9.308486622896D-01  9.305570720935D-01  9.302512404381D-01
  9.299289605095D-01  9.295908601083D-01  9.292346509199D-01  9.288608750103D-01
  9.284671538608D-01  9.280539346386D-01  9.276187389684D-01  9.271619089532D-01
  9.266808556522D-01  9.261758048216D-01  9.256440450660D-01  9.250856732655D-01
  9.244978423617D-01  9.238805064342D-01  9.232306680763D-01  9.225481230778D-01
  9.218297073407D-01  9.210750411182D-01  9.202807754120D-01  9.194463357111D-01
  9.185681678029D-01  9.176454809445D-01  9.166744930106D-01  9.156541730176D-01
  9.145804855168D-01  9.134521323789D-01  9.122647963228D-01  9.110168818506D-01
  9.097037577818D-01  9.083234972054D-01  9.068711188635D-01  9.053443259584D-01
  9.037377461965D-01  9.020486692519D-01  9.002712852392D-01  8.984024205882D-01
  8.964357746613D-01  8.943676537355D-01  8.921912054083D-01  8.899021503090D-01
  8.874930138514D-01  8.849588551954D-01  8.822914957932D-01  8.794852449997D-01
  8.765311247139D-01  8.734225908762D-01  8.701497533249D-01  8.667050922152D-01
  8.630776719761D-01  8.592588514271D-01  8.552364904243D-01  8.510006521198D-01
  8.465378005111D-01  8.418364928673D-01  8.368815659176D-01  8.316598159387D-01
  8.261541707121D-01  8.203493540910D-01  8.142260400908D-01  8.077664978967D-01
  8.009487234803D-01  7.937520599225D-01  7.861513007172D-01  7.781222789048D-01
  7.696359346623D-01  7.606638649959D-01  7.511723462399D-01  7.411278338502D-01
  7.304909279455D-01  7.192218099717D-01  7.072741363143D-01  6.946003951647D-01
  6.811457094164D-01  6.668530928886D-01  6.516571391515D-01  6.354891513580D-01
  6.182706884268D-01  5.999185373332D-01  5.803380825625D-01  5.594280845354D-01
  5.370738334936D-01  5.131516927799D-01  4.875220024243D-01  4.600333380787D-01
  4.305151245398D-01  3.987818347955D-01  3.646244857622D-01  3.278155595891D-01
  2.880996782206D-01
Vac0 POTENTIAL                      exc: Vosko,Wilk,Nusair      
  1.63952924  6.17500000  1.64793099
   0.00000
   1.91467   1.0890128100   0.9652355786
353
 0.25000000D-01 0.28864751D-03
 0 1
  7.168285799820D-01  7.167825324785D-01  7.167348635265D-01  7.167204078594D-01
  7.167123987563D-01  7.167076102006D-01  7.167038541301D-01  7.167014877436D-01
  7.166993400039D-01  7.166981611151D-01  7.166969627673D-01  7.166965918635D-01
  7.166961165428D-01  7.166964192809D-01  7.166965924853D-01  7.166975363581D-01
  7.166983570675D-01  7.166999663141D-01  7.167014804355D-01  7.167038206687D-01
  7.167061127399D-01  7.167092874502D-01  7.167124805843D-01  7.167166337748D-01
  7.167208946556D-01  7.167262179921D-01  7.167317660832D-01  7.167385101914D-01
  7.167456313051D-01  7.167541218805D-01  7.167631870543D-01  7.167738468745D-01
  7.167853380415D-01  7.167987167829D-01  7.168132613429D-01  7.168300757102D-01
  7.168484926546D-01  7.168696539059D-01  7.168909382557D-01  7.168993029300D-01
  7.168892046999D-01  7.168800767568D-01  7.168709816108D-01  7.168627854368D-01
  7.168545573054D-01  7.168471692144D-01  7.168396954157D-01  7.168330125291D-01
  7.168261989391D-01  7.168201349765D-01  7.168139023565D-01  7.168083844130D-01
  7.168026655733D-01  7.167976316221D-01  7.167923692092D-01  7.167877661399D-01
  7.167829108956D-01  7.167786929593D-01  7.167742023387D-01  7.167703299124D-01
  7.167661669700D-01  7.167626055627D-01  7.167587380567D-01  7.167554574933D-01
  7.167518571542D-01  7.167488309231D-01  7.167454728577D-01  7.167426775591D-01
  7.167395397522D-01  7.167369546551D-01  7.167340175629D-01  7.167316242266D-01
  7.167288704327D-01  7.167266523915D-01  7.167240663181D-01  7.167220088218D-01
  7.167195764894D-01  7.167176662761D-01  7.167153750932D-01  7.167136002005D-01
  7.167114387929D-01  7.167097883942D-01  7.167077464501D-01  7.167062107162D-01
  7.167042788570D-01  7.167028488341D-01  7.167010185046D-01  7.166996860107D-01
  7.166979493783D-01  7.166967069110D-01  7.166950567841D-01  7.166938974408D-01
  7.166923271900D-01  7.166912445988D-01  7.166897480923D-01  7.166887363489D-01
  7.166873078954D-01  7.166863615068D-01  7.166849958008D-01  7.166841096365D-01
  7.166828017118D-01  7.166819709597D-01  7.166807161470D-01  7.166799362708D-01
  7.166787301588D-01  7.166779968630D-01  7.166768352619D-01  7.166761444553D-01
  7.166750233647D-01  7.166743711294D-01  7.166732867064D-01  7.166726692670D-01
  7.166716177968D-01  7.166710314924D-01  7.166700093603D-01  7.166694506161D-01
  7.166684542808D-01  7.166679195812D-01  7.166669455474D-01  7.166664314107D-01
  7.166654762028D-01  7.166649791530D-01  7.166640392891D-01  7.166635558314D-01
  7.166626277963D-01  7.166621543892D-01  7.166612346073D-01  7.166607676347D-01
  7.166598524423D-01  7.166593881850D-01  7.166584738007D-01  7.166580084068D-01
  7.166570909002D-01  7.166566203533D-01  7.166556956133D-01  7.166552156989D-01
  7.166542793989D-01  7.166537856686D-01  7.166528332289D-01  7.166523209622D-01
  7.166513475112D-01  7.166508116739D-01  7.166498120034D-01  7.166492472030D-01
  7.166482157235D-01  7.166476161600D-01  7.166465468485D-01  7.166459062619D-01
  7.166447926071D-01  7.166441042196D-01  7.166429391611D-01  7.166421956135D-01
  7.166409714761D-01  7.166401647586D-01  7.166388731789D-01  7.166379945551D-01
  7.166366264025D-01  7.166356663257D-01  7.166342116145D-01  7.166331596359D-01
  7.166316074288D-01  7.166304520962D-01  7.166287903986D-01  7.166275191451D-01
  7.166257347875D-01  7.166243338093D-01  7.166224123189D-01  7.166208664390D-01
  7.166187918978D-01  7.166170844175D-01  7.166148393052D-01  7.166129518394D-01
  7.166105168605D-01  7.166084291558D-01  7.166057830487D-01  7.166034727830D-01
  7.166005921096D-01  7.165980346705D-01  7.165948935832D-01  7.165920618234D-01
  7.165886318082D-01  7.165854957759D-01  7.165817453683D-01  7.165782720086D-01
  7.165741664807D-01  7.165703193057D-01  7.165658203192D-01  7.165615590448D-01
  7.165566242687D-01  7.165519044113D-01  7.165464870990D-01  7.165412595321D-01
  7.165353080539D-01  7.165295185162D-01  7.165229758437D-01  7.165165643967D-01
  7.165093675315D-01  7.165022679596D-01  7.164943473034D-01  7.164864864512D-01
  7.164777651086D-01  7.164690621483D-01  7.164594551568D-01  7.164498207785D-01
  7.164392342572D-01  7.164285697740D-01  7.164168999828D-01  7.164050963417D-01
  7.163922286414D-01  7.163791653298D-01  7.163649730325D-01  7.163505168700D-01
  7.163348599686D-01  7.163188637704D-01  7.163015875338D-01  7.162838886343D-01
  7.162648220546D-01  7.162452406746D-01  7.162241947503D-01  7.162025321920D-01
  7.161792980302D-01  7.161553346815D-01  7.161296813997D-01  7.161031745278D-01
  7.160748469335D-01  7.160455282453D-01  7.160142442707D-01  7.159818172151D-01
  7.159472650805D-01  7.159114018653D-01  7.158732369418D-01  7.158335752348D-01
  7.157914165750D-01  7.157475558551D-01  7.157009823563D-01  7.156524798783D-01
  7.156010260375D-01  7.155473923680D-01  7.154905435874D-01  7.154312376666D-01
  7.153684250593D-01  7.153028487374D-01  7.152334433803D-01  7.151609353720D-01
  7.150842419463D-01  7.150040711409D-01  7.149193208941D-01  7.148306789507D-01
  7.147370219057D-01  7.146390150567D-01  7.145355113877D-01  7.144271513633D-01
  7.143127618458D-01  7.141929558244D-01  7.140665312588D-01  7.139340707359D-01
  7.137943402315D-01  7.136478886873D-01  7.134934466808D-01  7.133315259137D-01
  7.131608177807D-01  7.129817927583D-01  7.127930988615D-01  7.125951609219D-01
  7.123865789191D-01  7.121677271362D-01  7.119371523513D-01  7.116951728559D-01
  7.114402764909D-01  7.111727195116D-01  7.108909244507D-01  7.105950788117D-01
  7.102835327378D-01  7.099563975145D-01  7.096119430209D-01  7.092501960180D-01
  7.088693373570D-01  7.084693000274D-01  7.080481660919D-01  7.076057644647D-01
  7.071400675394D-01  7.066507886636D-01  7.061357784216D-01  7.055946217653D-01
  7.050250339079D-01  7.044264570670D-01  7.037964559177D-01  7.031343138957D-01
  7.024374281519D-01  7.017049053551D-01  7.009339560799D-01  7.001234900387D-01
  6.992705098233D-01  6.983737054852D-01  6.974298475371D-01  6.964373807843D-01
  6.953928164777D-01  6.942943252819D-01  6.931381284495D-01  6.919220897905D-01
  6.906421057134D-01  6.892956960331D-01  6.878783926950D-01  6.863873292255D-01
  6.848176279164D-01  6.831659876817D-01  6.814270694338D-01  6.795970820581D-01
  6.776701656537D-01  6.756419752734D-01  6.735060616286D-01  6.712574521605D-01
  6.688890287165D-01  6.663951054163D-01  6.637678026898D-01  6.610006212719D-01
  6.580848118434D-01  6.550129443233D-01  6.517752721658D-01  6.483632959072D-01
  6.447661209324D-01  6.409740139636D-01  6.369747528023D-01  6.327571741027D-01
  6.283075132009D-01  6.236129410716D-01  6.186578918523D-01  6.134275863121D-01
  6.079043440267D-01  6.020710899533D-01  5.959076473744D-01  5.893942232235D-01
  5.825076768306D-01  5.752249784163D-01  5.675194472689D-01  5.593641762340D-01
  5.507282311386D-01  5.415800320415D-01  5.318835033735D-01  5.216014000525D-01
  5.106913947806D-01  4.991093337135D-01  4.868052434626D-01  4.737264967028D-01
  4.598137165422D-01  4.450038262595D-01  4.292258261846D-01  4.124036901373D-01
  3.944519754913D-01  3.752787145198D-01  3.547801842935D-01  3.328444164053D-01
  3.093451674670D-01
