In49 POTENTIAL                      exc: Vosko,Wilk,Nusair      
  2.25914357  6.50000000  2.23392349
  49.00000
   2.46891   0.8856778221   0.8856506261
353
 0.25000000D-01 0.37220196D-03
 9 1
    0  -1.96656160000D+03
    0  -2.87428550000D+02
    0  -5.37136240000D+01
    0  -7.39818510000D+00
    1  -2.68528840000D+02
    1  -4.59639090000D+01
    1  -4.86454470000D+00
    2  -3.15522220000D+01
    2  -7.38539920000D-01
  4.725879640590D+02  4.726143297025D+02  4.726412978585D+02  4.726688749348D+02
  4.726970696197D+02  4.727258957889D+02  4.727553630715D+02  4.727854854656D+02
  4.728162728425D+02  4.728477393528D+02  4.728798950428D+02  4.729127541838D+02
  4.729463269486D+02  4.729806276924D+02  4.730156666663D+02  4.730514582647D+02
  4.730880127643D+02  4.731253445466D+02  4.731634638544D+02  4.732023849956D+02
  4.732421181122D+02  4.732826773687D+02  4.733240727307D+02  4.733663181399D+02
  4.734094232997D+02  4.734534018389D+02  4.734982631026D+02  4.735440203049D+02
  4.735906823239D+02  4.736382618447D+02  4.736867671569D+02  4.737362102885D+02
  4.737865988045D+02  4.738379439325D+02  4.738902523613D+02  4.739435343584D+02
  4.739977955676D+02  4.740530451188D+02  4.741092874236D+02  4.741665302773D+02
  4.742247766606D+02  4.742840328074D+02  4.743443000217D+02  4.744055827535D+02
  4.744678803857D+02  4.745311953113D+02  4.745955247148D+02  4.746608686410D+02
  4.747272217718D+02  4.747945814855D+02  4.748629396277D+02  4.749322905620D+02
  4.750026229342D+02  4.750739277130D+02  4.751461899476D+02  4.752193967986D+02
  4.752935292879D+02  4.753685703190D+02  4.754444964191D+02  4.755212857488D+02
  4.755989098353D+02  4.756773415714D+02  4.757565469394D+02  4.758364929992D+02
  4.759171396023D+02  4.759984473681D+02  4.760803693892D+02  4.761628591949D+02
  4.762458624469D+02  4.763293248909D+02  4.764131840421D+02  4.764973771253D+02
  4.765818327494D+02  4.766664788369D+02  4.767512342875D+02  4.768360168967D+02
  4.769207350094D+02  4.770052954278D+02  4.770895950560D+02  4.771735287973D+02
  4.772569811908D+02  4.773398342992D+02  4.774219593385D+02  4.775032245577D+02
  4.775834868623D+02  4.776625996886D+02  4.777404046219D+02  4.778167392675D+02
  4.778914288665D+02  4.779642941652D+02  4.780351430314D+02  4.781037783249D+02
  4.781699895180D+02  4.782335605702D+02  4.782942615565D+02  4.783518565505D+02
  4.784060952644D+02  4.784567209458D+02  4.785034620341D+02  4.785460400758D+02
  4.785841614034D+02  4.786175250753D+02  4.786458145825D+02  4.786687058209D+02
  4.786858588323D+02  4.786969258158D+02  4.787015429119D+02  4.786993382599D+02
  4.786899238342D+02  4.786729035561D+02  4.786478651901D+02  4.786143885206D+02
  4.785720373174D+02  4.785203675861D+02  4.784589196128D+02  4.783872262977D+02
  4.783048052896D+02  4.782111674123D+02  4.781058088977D+02  4.779882199156D+02
  4.778578769145D+02  4.777142512638D+02  4.775568017110D+02  4.773849831441D+02
  4.771982391727D+02  4.769960110169D+02  4.767777302187D+02  4.765428276618D+02
  4.762907264159D+02  4.760208508899D+02  4.757326198090D+02  4.754254555005D+02
  4.750987770001D+02  4.747520094636D+02  4.743845773954D+02  4.739959141754D+02
  4.735854553956D+02  4.731526484859D+02  4.726969461390D+02  4.722178160116D+02
  4.717147342109D+02  4.711871950399D+02  4.706347045102D+02  4.700567900930D+02
  4.694529942139D+02  4.688228839616D+02  4.681660445123D+02  4.674820887385D+02
  4.667706505015D+02  4.660313940945D+02  4.652640073325D+02  4.644682107551D+02
  4.636437504363D+02  4.627904068663D+02  4.619079873977D+02  4.609963347204D+02
  4.600553188596D+02  4.590848451583D+02  4.580848457433D+02  4.570552869360D+02
  4.559961601122D+02  4.549074884753D+02  4.537893172510D+02  4.526417197875D+02
  4.514647870569D+02  4.502586330673D+02  4.490233837039D+02  4.477591815040D+02
  4.464661739168D+02  4.451445175712D+02  4.437943661265D+02  4.424158742580D+02
  4.410091853819D+02  4.395744357028D+02  4.381117422237D+02  4.366212073332D+02
  4.351029076429D+02  4.335568997180D+02  4.319832103930D+02  4.303818443276D+02
  4.287527764898D+02  4.270959621953D+02  4.254113323429D+02  4.236988063969D+02
  4.219582906440D+02  4.201896941345D+02  4.183929296590D+02  4.165679319673D+02
  4.147146603689D+02  4.128331177032D+02  4.109233526299D+02  4.089854770813D+02
  4.070196657510D+02  4.050261694812D+02  4.030053095467D+02  4.009574849367D+02
  3.988831599686D+02  3.967828647520D+02  3.946571762973D+02  3.925067132423D+02
  3.903321124023D+02  3.881340204397D+02  3.859130690632D+02  3.836698671247D+02
  3.814049779617D+02  3.791189151752D+02  3.768121249188D+02  3.744849875563D+02
  3.721378064037D+02  3.697708160553D+02  3.673841776787D+02  3.649779934867D+02
  3.625523075392D+02  3.601071248990D+02  3.576424161708D+02  3.551581393696D+02
  3.526542461128D+02  3.501307040857D+02  3.475875028001D+02  3.450246746522D+02
  3.424422983706D+02  3.398405169321D+02  3.372195371573D+02  3.345796431636D+02
  3.319211909950D+02  3.292446167625D+02  3.265504257527D+02  3.238391950031D+02
  3.211115569837D+02  3.183681970832D+02  3.156098327625D+02  3.128372072785D+02
  3.100510661480D+02  3.072521494805D+02  3.044411685665D+02  3.016188001353D+02
  2.987856668019D+02  2.959423371996D+02  2.930893142468D+02  2.902270447769D+02
  2.873559184630D+02  2.844762884776D+02  2.815884807497D+02  2.786928229986D+02
  2.757896590760D+02  2.728793786247D+02  2.699624268280D+02  2.670393241740D+02
  2.641106617579D+02  2.611771036425D+02  2.582393640449D+02  2.552981933933D+02
  2.523543433552D+02  2.494085465856D+02  2.464614820742D+02  2.435137616196D+02
  2.405659072157D+02  2.376183532095D+02  2.346714411017D+02  2.317254390120D+02
  2.287805521368D+02  2.258369550938D+02  2.228948117903D+02  2.199543133947D+02
  2.170157000991D+02  2.140792974801D+02  2.111455335166D+02  2.082149675882D+02
  2.052882980032D+02  2.023663799048D+02  1.994502206137D+02  1.965409846857D+02
  1.936399762829D+02  1.907486314786D+02  1.878684884718D+02  1.850011687666D+02
  1.821483375490D+02  1.793116767236D+02  1.764928391490D+02  1.736934179284D+02
  1.709148997044D+02  1.681586363288D+02  1.654258044271D+02  1.627173878941D+02
  1.600341534796D+02  1.573766549772D+02  1.547452361467D+02  1.521400669217D+02
  1.495611805517D+02  1.470085418547D+02  1.444821079892D+02  1.419819048555D+02
  1.395080747112D+02  1.370609163262D+02  1.346408776473D+02  1.322485329343D+02
  1.298845183550D+02  1.275494706965D+02  1.252439501606D+02  1.229683914371D+02
  1.207230574363D+02  1.185080304934D+02  1.163232065552D+02  1.141683208973D+02
  1.120429677205D+02  1.099466416125D+02  1.078787642833D+02  1.058387263883D+02
  1.038259097606D+02  1.018397216557D+02  9.987960765417D+01  9.794507591355D+01
  9.603570014581D+01  9.415113444463D+01  9.229110773063D+01  9.045543107461D+01
  8.864398576827D+01  8.685672542063D+01  8.509365992892D+01  8.335485453886D+01
  8.164041176619D+01  7.995046929080D+01  7.828518149387D+01  7.664471763027D+01
  7.502924420093D+01  7.343892439993D+01  7.187390210523D+01  7.033430318431D+01
  6.882022150751D+01  6.733172235844D+01  6.586883058391D+01  6.443153611594D+01
  6.301978418480D+01  6.163348282205D+01  6.027249497013D+01  5.893664777696D+01
  5.762572639414D+01  5.633948482655D+01  5.507764112934D+01  5.383988942802D+01
  5.262589598511D+01  5.143531166785D+01  5.026776794333D+01  4.912288865484D+01
  4.800028469447D+01  4.689956387481D+01  4.582032329696D+01  4.476215674008D+01
  4.372464467595D+01  4.270735979844D+01  4.170985512077D+01  4.073166936037D+01
  3.977231426108D+01
N_07 POTENTIAL                      exc: Vosko,Wilk,Nusair      
  1.72127726  6.50000000  1.73067725
   7.00000
   2.01081   0.8856778221   0.8856506261
353
 0.25000000D-01 0.30314114D-03
 2 1
    0  -2.69998930000D+01
    0  -4.29582100000D-01
  2.611904919091D+01  2.611943107842D+01  2.611982223623D+01  2.612024858008D+01
  2.612069055044D+01  2.612114597632D+01  2.612161360343D+01  2.612209388835D+01
  2.612258633613D+01  2.612309170479D+01  2.612360964638D+01  2.612414100266D+01
  2.612468548001D+01  2.612524395938D+01  2.612581617806D+01  2.612640304311D+01
  2.612700431510D+01  2.612762092268D+01  2.612825264696D+01  2.612890043651D+01
  2.612956409210D+01  2.613024458183D+01  2.613094172600D+01  2.613165651236D+01
  2.613238878107D+01  2.613313953995D+01  2.613390864953D+01  2.613469713830D+01
  2.613550488779D+01  2.613633294785D+01  2.613718122177D+01  2.613805078152D+01
  2.613894155291D+01  2.613985463088D+01  2.614078996459D+01  2.614174867279D+01
  2.614273072890D+01  2.614373727633D+01  2.614476831382D+01  2.614582501412D+01
  2.614690778539D+01  2.614801742895D+01  2.614915399671D+01  2.615031871193D+01
  2.615151165443D+01  2.615273407583D+01  2.615398608480D+01  2.615526896234D+01
  2.615658284694D+01  2.615792904991D+01  2.615930774057D+01  2.616072026153D+01
  2.616216681388D+01  2.616364877248D+01  2.616516637116D+01  2.616672101799D+01
  2.616831298046D+01  2.616994370076D+01  2.617161348095D+01  2.617332379825D+01
  2.617507499017D+01  2.617686856977D+01  2.617870491086D+01  2.618058556315D+01
  2.618251093749D+01  2.618448262101D+01  2.618650106228D+01  2.618856788648D+01
  2.619068358055D+01  2.619284980830D+01  2.619506709553D+01  2.619733714514D+01
  2.619966052219D+01  2.620203896901D+01  2.620447309017D+01  2.620696466760D+01
  2.620951434552D+01  2.621212394545D+01  2.621479415116D+01  2.621752682360D+01
  2.622032268577D+01  2.622318363766D+01  2.622611044097D+01  2.622910503403D+01
  2.623216821647D+01  2.623530196397D+01  2.623850711296D+01  2.624178567521D+01
  2.624513852244D+01  2.624856770085D+01  2.625207411561D+01  2.625565984526D+01
  2.625932582605D+01  2.626307416633D+01  2.626690583064D+01  2.627082295401D+01
  2.627482652592D+01  2.627891870438D+01  2.628310049982D+01  2.628737408892D+01
  2.629174049833D+01  2.629620191832D+01  2.630075938632D+01  2.630541510033D+01
  2.631017010222D+01  2.631502659091D+01  2.631998560547D+01  2.632504933799D+01
  2.633021881640D+01  2.633549621710D+01  2.634088254743D+01  2.634637995801D+01
  2.635198942489D+01  2.635771306150D+01  2.636355180047D+01  2.636950770521D+01
  2.637558165130D+01  2.638177563767D+01  2.638809046756D+01  2.639452805926D+01
  2.640108912657D+01  2.640777548903D+01  2.641458775192D+01  2.642152761594D+01
  2.642859555662D+01  2.643579313343D+01  2.644312066859D+01  2.645057955559D+01
  2.645816993729D+01  2.646589301377D+01  2.647374871975D+01  2.648173803171D+01
  2.648986064457D+01  2.649811727794D+01  2.650650735210D+01  2.651503129337D+01
  2.652368820920D+01  2.653247819269D+01  2.654139999672D+01  2.655045333756D+01
  2.655963656799D+01  2.656894897995D+01  2.657838847656D+01  2.658795387378D+01
  2.659764257132D+01  2.660745285316D+01  2.661738155737D+01  2.662742637545D+01
  2.663758352099D+01  2.664785002773D+01  2.665822141709D+01  2.666869399495D+01
  2.667926251791D+01  2.668992248881D+01  2.670066782170D+01  2.671149313610D+01
  2.672239142062D+01  2.673335632596D+01  2.674437982724D+01  2.675545451571D+01
  2.676657125975D+01  2.677772149540D+01  2.678889488608D+01  2.680008161190D+01
  2.681127002825D+01  2.682244895395D+01  2.683360532874D+01  2.684472650044D+01
  2.685579788149D+01  2.686680523516D+01  2.687773233138D+01  2.688856323223D+01
  2.689927994715D+01  2.690986471798D+01  2.692029767383D+01  2.693055911597D+01
  2.694062717262D+01  2.695048008400D+01  2.696009385751D+01  2.696944455328D+01
  2.697850594013D+01  2.698725178213D+01  2.699565349590D+01  2.700368243867D+01
  2.701130756744D+01  2.701849772926D+01  2.702521932289D+01  2.703143859197D+01
  2.703711928994D+01  2.704222497692D+01  2.704671668869D+01  2.705055523814D+01
  2.705369888930D+01  2.705610566429D+01  2.705773102336D+01  2.705853017845D+01
  2.705845578033D+01  2.705746023987D+01  2.705549342345D+01  2.705250498313D+01
  2.704844206159D+01  2.704325163242D+01  2.703687821588D+01  2.702926623057D+01
  2.702035772134D+01  2.701009472368D+01  2.699841700496D+01  2.698526444291D+01
  2.697057478147D+01  2.695428602448D+01  2.693633420743D+01  2.691665580749D+01
  2.689518553208D+01  2.687185874632D+01  2.684660927936D+01  2.681937186985D+01
  2.679007999071D+01  2.675866831316D+01  2.672507055016D+01  2.668922193918D+01
  2.665105710419D+01  2.661051255678D+01  2.656752457625D+01  2.652203172819D+01
  2.647397276149D+01  2.642328914301D+01  2.636992296962D+01  2.631381951688D+01
  2.625492516357D+01  2.619318995142D+01  2.612856551887D+01  2.606100766797D+01
  2.599047430316D+01  2.591692800074D+01  2.584033394745D+01  2.576066250682D+01
  2.567788715154D+01  2.559198702011D+01  2.550294483581D+01  2.541074944616D+01
  2.531539372060D+01  2.521687706423D+01  2.511520328536D+01  2.501038307444D+01
  2.490243183186D+01  2.479137210218D+01  2.467723135217D+01  2.456004435007D+01
  2.443985088341D+01  2.431669807263D+01  2.419063801891D+01  2.406173004152D+01
  2.393003824446D+01  2.379563366883D+01  2.365859176900D+01  2.351899447035D+01
  2.337692754681D+01  2.323248257646D+01  2.308575421369D+01  2.293684203698D+01
  2.278584771130D+01  2.263287672492D+01  2.247803544065D+01  2.232143272210D+01
  2.216317687631D+01  2.200337717462D+01  2.184214069467D+01  2.167957374755D+01
  2.151577863501D+01  2.135085500355D+01  2.118489654386D+01  2.101799230619D+01
  2.085022338506D+01  2.068166424999D+01  2.051237948245D+01  2.034242520429D+01
  2.017184596742D+01  2.000067640127D+01  1.982893839979D+01  1.965664315749D+01
  1.948378884868D+01  1.931036327018D+01  1.913634224855D+01  1.896169313195D+01
  1.878637415759D+01  1.861033898986D+01  1.843353717652D+01  1.825591975325D+01
  1.807744065563D+01  1.789806306138D+01  1.771776120220D+01  1.753652665025D+01
  1.735436952193D+01  1.717132355086D+01  1.698744548291D+01  1.680281783320D+01
  1.661754562278D+01  1.643175636257D+01  1.624559416132D+01  1.605921747709D+01
  1.587279159282D+01  1.568648546189D+01  1.550046403744D+01  1.531488567629D+01
  1.512989560532D+01  1.494562487444D+01  1.476218560390D+01  1.457967178333D+01
  1.439815629264D+01  1.421769330279D+01  1.403831666480D+01  1.386004341785D+01
  1.368287302325D+01  1.350679147246D+01  1.333177090377D+01  1.315777390931D+01
  1.298475320091D+01  1.281265584863D+01  1.264142278890D+01  1.247099284073D+01
  1.230130194657D+01  1.213228689292D+01  1.196388423944D+01  1.179603372164D+01
  1.162867686294D+01  1.146176006676D+01  1.129523292804D+01  1.112905103758D+01
  1.096317402031D+01  1.079756808185D+01  1.063220380505D+01  1.046705847053D+01
  1.030211364299D+01  1.013735729615D+01  9.972781217324D+00  9.808382963118D+00
  9.644163105771D+00  9.480127039562D+00  9.316282085154D+00  9.152639158479D+00
  8.989209740075D+00  8.826007408260D+00  8.663044669991D+00  8.500334349442D+00
  8.337886266540D+00  8.175708462625D+00  8.013803706261D+00  7.852170532667D+00
  7.690799555467D+00  7.529674360163D+00  7.368767428865D+00  7.208041102491D+00
  7.047443149039D+00
Vac0 POTENTIAL                      exc: Vosko,Wilk,Nusair      
  2.25914357  6.50000000  2.23392349
   0.00000
   2.46891   0.8856778221   0.8856506261
353
 0.25000000D-01 0.37220196D-03
 0 1
  8.331148840780D-01  8.330880340034D-01  8.330597126343D-01  8.330515465474D-01
  8.330469270080D-01  8.330449544842D-01  8.330433005154D-01  8.330432153586D-01
  8.330429891846D-01  8.330441147938D-01  8.330449983578D-01  8.330471968187D-01
  8.330491567137D-01  8.330524636759D-01  8.330555869552D-01  8.330601319603D-01
  8.330645867155D-01  8.330705755732D-01  8.330766064247D-01  8.330843252135D-01
  8.330922637135D-01  8.331020946549D-01  8.331123801938D-01  8.331248276471D-01
  8.331380388229D-01  8.331537666387D-01  8.331706654166D-01  8.331905487712D-01
  8.332121412831D-01  8.332373379729D-01  8.332649579296D-01  8.332970060129D-01
  8.333324291204D-01  8.333733809964D-01  8.334189821527D-01  8.334715889579D-01
  8.335305564813D-01  8.335984102559D-01  8.336677210369D-01  8.336978622943D-01
  8.336691435117D-01  8.336427024035D-01  8.336168678415D-01  8.335931054884D-01
  8.335697631674D-01  8.335483233421D-01  8.335271487875D-01  8.335077353100D-01
  8.334884576136D-01  8.334708222056D-01  8.334532134021D-01  8.334371463644D-01
  8.334210132285D-01  8.334063362196D-01  8.333915138840D-01  8.333780742606D-01
  8.333644211860D-01  8.333520875270D-01  8.333394815129D-01  8.333281400363D-01
  8.333164750171D-01  8.333060267221D-01  8.332952101745D-01  8.332855684990D-01
  8.332755193481D-01  8.332666082726D-01  8.332572551614D-01  8.332490076385D-01
  8.332402875076D-01  8.332326441696D-01  8.332245010794D-01  8.332174091629D-01
  8.332097933017D-01  8.332032057467D-01  8.331960726120D-01  8.331899473002D-01
  8.331832569979D-01  8.331775561112D-01  8.331712727662D-01  8.331659622447D-01
  8.331600534954D-01  8.331551025713D-01  8.331495391419D-01  8.331449199374D-01
  8.331396752649D-01  8.331353624536D-01  8.331304123715D-01  8.331263828775D-01
  8.331217053364D-01  8.331179380770D-01  8.331135129046D-01  8.331099885652D-01
  8.331057972568D-01  8.331024980934D-01  8.330985236244D-01  8.330954332921D-01
  8.330916599566D-01  8.330887633538D-01  8.330851766195D-01  8.330824597519D-01
  8.330790461330D-01  8.330764959931D-01  8.330732429335D-01  8.330708473918D-01
  8.330677431632D-01  8.330654908685D-01  8.330625244759D-01  8.330604047682D-01
  8.330575658652D-01  8.330555686924D-01  8.330528475038D-01  8.330509633488D-01
  8.330483505971D-01  8.330465704069D-01  8.330440572476D-01  8.330423723690D-01
  8.330399503259D-01  8.330383524457D-01  8.330360133527D-01  8.330344944373D-01
  8.330322303806D-01  8.330307826220D-01  8.330285858860D-01  8.330272016473D-01
  8.330250646602D-01  8.330237364224D-01  8.330216517040D-01  8.330203720126D-01
  8.330183321212D-01  8.330170935341D-01  8.330150910139D-01  8.330138860477D-01
  8.330119133737D-01  8.330107344486D-01  8.330087839725D-01  8.330076233566D-01
  8.330056872481D-01  8.330045369977D-01  8.330026071846D-01  8.330014590830D-01
  8.329995271879D-01  8.329983726807D-01  8.329964299542D-01  8.329952600786D-01
  8.329932973266D-01  8.329921026386D-01  8.329901101467D-01  8.329888806403D-01
  8.329868480901D-01  8.329855731124D-01  8.329834894927D-01  8.329821576497D-01
  8.329800111587D-01  8.329786102148D-01  8.329763881554D-01  8.329749049227D-01
  8.329725935864D-01  8.329710138046D-01  8.329685983460D-01  8.329669065506D-01
  8.329643708498D-01  8.329625502272D-01  8.329598767383D-01  8.329579089685D-01
  8.329550785532D-01  8.329529436349D-01  8.329499353811D-01  8.329476114409D-01
  8.329444024611D-01  8.329418655425D-01  8.329384307536D-01  8.329356545855D-01
  8.329319664648D-01  8.329289222061D-01  8.329249505234D-01  8.329216064811D-01
  8.329173180031D-01  8.329136393220D-01  8.329089974858D-01  8.329049458054D-01
  8.328999103588D-01  8.328954434357D-01  8.328899700397D-01  8.328850413301D-01
  8.328790811206D-01  8.328736393193D-01  8.328671384229D-01  8.328611269545D-01
  8.328540259536D-01  8.328473824108D-01  8.328396157534D-01  8.328322712762D-01
  8.328237666232D-01  8.328156452134D-01  8.328063227181D-01  8.327973404818D-01
  8.327871119940D-01  8.327771763051D-01  8.327659444915D-01  8.327549530665D-01
  8.327426104386D-01  8.327304503158D-01  8.327168781563D-01  8.327034245662D-01
  8.326884917421D-01  8.326736068605D-01  8.326571685117D-01  8.326407000807D-01
  8.326225961709D-01  8.326043759756D-01  8.325844296905D-01  8.325642718749D-01
  8.325422878520D-01  8.325199870582D-01  8.324957494302D-01  8.324710787416D-01
  8.324443489742D-01  8.324170576416D-01  8.323875721433D-01  8.323573830724D-01
  8.323248505522D-01  8.322914575261D-01  8.322555560735D-01  8.322186206816D-01
  8.321789945385D-01  8.321381427833D-01  8.320943987749D-01  8.320492173194D-01
  8.320009209101D-01  8.319509529300D-01  8.318976238614D-01  8.318423644597D-01
  8.317834719294D-01  8.317223630664D-01  8.316573203969D-01  8.315897452848D-01
  8.315179040293D-01  8.314431809343D-01  8.313638243598D-01  8.312811997487D-01
  8.311935356283D-01  8.311021765900D-01  8.310053292340D-01  8.309043150980D-01
  8.307973165394D-01  8.306856296064D-01  8.305674098521D-01  8.304439251414D-01
  8.303133013891D-01  8.301767752966D-01  8.300324400057D-01  8.298814977569D-01
  8.297220054503D-01  8.295551272174D-01  8.293788798783D-01  8.291943854177D-01
  8.289996163275D-01  8.287956479767D-01  8.285804038267D-01  8.283549076832D-01
  8.281170287704D-01  8.278677338523D-01  8.276048321502D-01  8.273292273184D-01
  8.270386621884D-01  8.267339705824D-01  8.264128218644D-01  8.260759725741D-01
  8.257210107634D-01  8.253486074293D-01  8.249562606118D-01  8.245445466035D-01
  8.241108637804D-01  8.236556835631D-01  8.231762939494D-01  8.226730501971D-01
  8.221431180241D-01  8.215867239791D-01  8.210008982687D-01  8.203857247784D-01
  8.197380834814D-01  8.190579000648D-01  8.183418878687D-01  8.175897970665D-01
  8.167981560733D-01  8.159665202220D-01  8.150912125696D-01  8.141715720002D-01
  8.132036933465D-01  8.121866748376D-01  8.111163574388D-01  8.099915715448D-01
  8.088078754228D-01  8.075638010340D-01  8.062545914384D-01  8.048784456034D-01
  8.034302546015D-01  8.019078452297D-01  8.003057147944D-01  7.986212733268D-01
  7.968485766997D-01  7.949845671709D-01  7.930228045175D-01  7.909597045723D-01
  7.887882679817D-01  7.865043163140D-01  7.841002179484D-01  7.815711212232D-01
  7.789086768339D-01  7.761072673486D-01  7.731577253301D-01  7.700535583626D-01
  7.667846619050D-01  7.633435387399D-01  7.597190052969D-01  7.559024041405D-01
  7.518813021615D-01  7.476456943395D-01  7.431816917681D-01  7.384777144446D-01
  7.335181665411D-01  7.282896153562D-01  7.227744505395D-01  7.169570455495D-01
  7.108173966391D-01  7.043372621534D-01  6.974937759277D-01  6.902655584638D-01
  6.826262979151D-01  6.745508255150D-01  6.660086554273D-01  6.569700146683D-01
  6.473993306743D-01  6.372612032332D-01  6.265138255318D-01  6.151148821547D-01
  6.030148854820D-01  5.901629794881D-01  5.765001685415D-01  5.619650014499D-01
  5.464866639314D-01  5.299905111554D-01  5.123909885467D-01  4.935969743800D-01
  4.735044868255D-01  4.520017908678D-01  4.289618486711D-01  4.042471348943D-01
  3.777017788358D-01  3.491562354273D-01  3.184184676661D-01  2.852790298633D-01
  2.495014983306D-01
Vac0 POTENTIAL                      exc: Vosko,Wilk,Nusair      
  1.72127726  6.50000000  1.73067725
   0.00000
   2.01081   0.8856778221   0.8856506261
353
 0.25000000D-01 0.30314114D-03
 0 1
  6.288066258728D-01  6.287660938915D-01  6.287241194218D-01  6.287114016211D-01
  6.287043431221D-01  6.287001338973D-01  6.286968176636D-01  6.286947389100D-01
  6.286928365246D-01  6.286918007287D-01  6.286907311422D-01  6.286904029872D-01
  6.286899653576D-01  6.286902246545D-01  6.286903511466D-01  6.286911664903D-01
  6.286918527906D-01  6.286932414568D-01  6.286945231546D-01  6.286965371628D-01
  6.286984818109D-01  6.287012041595D-01  6.287039105597D-01  6.287074566934D-01
  6.287110582696D-01  6.287155812281D-01  6.287202527257D-01  6.287259515027D-01
  6.287319191117D-01  6.287390506096D-01  6.287466060454D-01  6.287555015193D-01
  6.287650210855D-01  6.287761082795D-01  6.287880785508D-01  6.288019114080D-01
  6.288169632843D-01  6.288342417353D-01  6.288515403870D-01  6.288579024541D-01
  6.288488908889D-01  6.288407545296D-01  6.288326376029D-01  6.288253322809D-01
  6.288179886453D-01  6.288114040512D-01  6.288047332029D-01  6.287987775814D-01
  6.287926955731D-01  6.287872919705D-01  6.287817281343D-01  6.287768115300D-01
  6.287717059380D-01  6.287672210125D-01  6.287625225145D-01  6.287584218969D-01
  6.287540865596D-01  6.287503294502D-01  6.287463193279D-01  6.287428703870D-01
  6.287391525299D-01  6.287359809947D-01  6.287325266462D-01  6.287296056062D-01
  6.287263895542D-01  6.287236953626D-01  6.287206954046D-01  6.287182071937D-01
  6.287154036963D-01  6.287131029761D-01  6.287104785089D-01  6.287083488316D-01
  6.287058878610D-01  6.287039145443D-01  6.287016031782D-01  6.286997730662D-01
  6.286975988366D-01  6.286959001022D-01  6.286938517822D-01  6.286922737580D-01
  6.286903412016D-01  6.286888742333D-01  6.286870482458D-01  6.286856835673D-01
  6.286839557870D-01  6.286826854148D-01  6.286810482124D-01  6.286798648512D-01
  6.286783112427D-01  6.286772082037D-01  6.286757317773D-01  6.286747029063D-01
  6.286732977531D-01  6.286723373695D-01  6.286709980234D-01  6.286701008646D-01
  6.286688222524D-01  6.286679834225D-01  6.286667608160D-01  6.286659757436D-01
  6.286648047180D-01  6.286640691153D-01  6.286629455103D-01  6.286622553369D-01
  6.286611752228D-01  6.286605266523D-01  6.286594862988D-01  6.286588756882D-01
  6.286578715333D-01  6.286572953947D-01  6.286563240175D-01  6.286557789916D-01
  6.286548370873D-01  6.286543199165D-01  6.286534042691D-01  6.286529117742D-01
  6.286520192350D-01  6.286515482906D-01  6.286506757524D-01  6.286502232640D-01
  6.286493676382D-01  6.286489305182D-01  6.286480887124D-01  6.286476638569D-01
  6.286468327501D-01  6.286464170152D-01  6.286455934342D-01  6.286451836113D-01
  6.286443643057D-01  6.286439570959D-01  6.286431387120D-01  6.286427307001D-01
  6.286419097541D-01  6.286414973800D-01  6.286406702282D-01  6.286402497577D-01
  6.286394125676D-01  6.286389800605D-01  6.286381287757D-01  6.286376800522D-01
  6.286368103596D-01  6.286363409629D-01  6.286354482528D-01  6.286349534098D-01
  6.286340327352D-01  6.286335073143D-01  6.286325533466D-01  6.286319918094D-01
  6.286309987881D-01  6.286303951393D-01  6.286293568202D-01  6.286287045511D-01
  6.286276141462D-01  6.286269061740D-01  6.286257562883D-01  6.286249848884D-01
  6.286237674492D-01  6.286229241812D-01  6.286216303605D-01  6.286207059875D-01
  6.286193261168D-01  6.286183105157D-01  6.286168339926D-01  6.286157160556D-01
  6.286141312402D-01  6.286128987667D-01  6.286111928676D-01  6.286098324443D-01
  6.286079913935D-01  6.286064882628D-01  6.286044965765D-01  6.286028344909D-01
  6.286006751176D-01  6.285988361790D-01  6.285964903302D-01  6.285944548130D-01
  6.285919017771D-01  6.285896479324D-01  6.285868648691D-01  6.285843687087D-01
  6.285813304221D-01  6.285785654797D-01  6.285752441674D-01  6.285721812352D-01
  6.285685462113D-01  6.285651530487D-01  6.285611704377D-01  6.285574114500D-01
  6.285530438488D-01  6.285488797312D-01  6.285440858354D-01  6.285394731808D-01
  6.285342073722D-01  6.285290982371D-01  6.285233101271D-01  6.285176515520D-01
  6.285112854779D-01  6.285050189576D-01  6.284980134252D-01  6.284910743230D-01
  6.284833613913D-01  6.284756782916D-01  6.284671828922D-01  6.284586768857D-01
  6.284493160705D-01  6.284398999630D-01  6.284295820733D-01  6.284191595121D-01
  6.284077832596D-01  6.283962477672D-01  6.283837012186D-01  6.283709351252D-01
  6.283570945794D-01  6.283429678424D-01  6.283276965895D-01  6.283120654889D-01
  6.282952124381D-01  6.282779181339D-01  6.282593162974D-01  6.282401832347D-01
  6.282196480505D-01  6.281984821968D-01  6.281758096748D-01  6.281523965705D-01
  6.281273612429D-01  6.281014638460D-01  6.280738165010D-01  6.280451728039D-01
  6.280146379796D-01  6.279829583735D-01  6.279492315863D-01  6.279141959471D-01
  6.278769406270D-01  6.278381950916D-01  6.277970391922D-01  6.277541925943D-01
  6.277087248435D-01  6.276613447693D-01  6.276111105219D-01  6.275587189483D-01
  6.275032155976D-01  6.274452840660D-01  6.273839559671D-01  6.273199002430D-01
  6.272521330955D-01  6.271813072593D-01  6.271064218905D-01  6.270281117973D-01
  6.269453572809D-01  6.268587733202D-01  6.267673193593D-01  6.266715884402D-01
  6.265705169323D-01  6.264646736075D-01  6.263529693042D-01  6.262359459395D-01
  6.261124861001D-01  6.259831019840D-01  6.258466449113D-01  6.257035941870D-01
  6.255527665226D-01  6.253946048116D-01  6.252278874511D-01  6.250530170210D-01
  6.248687294943D-01  6.246753828079D-01  6.244716659502D-01  6.242578874108D-01
  6.240326841306D-01  6.237963098168D-01  6.235473437401D-01  6.232859788989D-01
  6.230107306450D-01  6.227217246796D-01  6.224174054879D-01  6.220978241463D-01
  6.217613465423D-01  6.214079409707D-01  6.210358861129D-01  6.206450583956D-01
  6.202336396999D-01  6.198014044531D-01  6.193464270337D-01  6.188683685617D-01
  6.183651839612D-01  6.178364084104D-01  6.172798640165D-01  6.166949458804D-01
  6.160793283333D-01  6.154322505626D-01  6.147512223507D-01  6.140353092024D-01
  6.132818375155D-01  6.124896791380D-01  6.116559558906D-01  6.107793234690D-01
  6.098566752231D-01  6.088864253054D-01  6.078652115938D-01  6.067911779687D-01
  6.056606762458D-01  6.044715474398D-01  6.032198225475D-01  6.019030026296D-01
  6.005167582499D-01  5.990582081712D-01  5.975226172175D-01  5.959066733339D-01
  5.942051835888D-01  5.924143492917D-01  5.905284597881D-01  5.885431652604D-01
  5.864521678865D-01  5.842504918581D-01  5.819311713748D-01  5.794885172998D-01
  5.769148013294D-01  5.742035185635D-01  5.713460670241D-01  5.683350052316D-01
  5.651607260350D-01  5.618147080452D-01  5.582861824682D-01  5.545653769407D-01
  5.506401737050D-01  5.464993439970D-01  5.421291954492D-01  5.375167946681D-01
  5.326466011649D-01  5.275036750940D-01  5.220702942492D-01  5.163291430691D-01
  5.102599082437D-01  5.038424439617D-01  4.970533403749D-01  4.898690585854D-01
  4.822624645164D-01  4.742059251977D-01  4.656677983690D-01  4.566154790808D-01
  4.470118324420D-01  4.368181762339D-01  4.259906403990D-01  4.144830670765D-01
  4.022432755104D-01  3.892158547998D-01  3.753383092200D-01  3.605437083296D-01
  3.447566741745D-01  3.278959920555D-01  3.098699149253D-01  2.905791953739D-01
  2.699117248176D-01
