In49 POTENTIAL                      exc: Vosko,Wilk,Nusair      
  2.25914357  6.50000000  2.23392349
  49.00000
   2.46891   0.8856778009   0.8856506271
353
 0.25000000D-01 0.37220196D-03
 9 1
    0  -1.96656160000D+03
    0  -2.87428550000D+02
    0  -5.37136240000D+01
    0  -7.39818510000D+00
    1  -2.68528840000D+02
    1  -4.59639090000D+01
    1  -4.86454470000D+00
    2  -3.15522220000D+01
    2  -7.38539920000D-01
  4.725879640591D+02  4.726143297027D+02  4.726412978587D+02  4.726688749349D+02
  4.726970696198D+02  4.727258957890D+02  4.727553630717D+02  4.727854854658D+02
  4.728162728427D+02  4.728477393530D+02  4.728798950430D+02  4.729127541840D+02
  4.729463269488D+02  4.729806276926D+02  4.730156666664D+02  4.730514582648D+02
  4.730880127645D+02  4.731253445467D+02  4.731634638546D+02  4.732023849957D+02
  4.732421181124D+02  4.732826773688D+02  4.733240727309D+02  4.733663181400D+02
  4.734094232998D+02  4.734534018391D+02  4.734982631028D+02  4.735440203051D+02
  4.735906823240D+02  4.736382618449D+02  4.736867671570D+02  4.737362102887D+02
  4.737865988046D+02  4.738379439327D+02  4.738902523615D+02  4.739435343586D+02
  4.739977955678D+02  4.740530451190D+02  4.741092874238D+02  4.741665302775D+02
  4.742247766607D+02  4.742840328076D+02  4.743443000218D+02  4.744055827536D+02
  4.744678803859D+02  4.745311953115D+02  4.745955247150D+02  4.746608686412D+02
  4.747272217720D+02  4.747945814856D+02  4.748629396279D+02  4.749322905622D+02
  4.750026229344D+02  4.750739277131D+02  4.751461899478D+02  4.752193967988D+02
  4.752935292881D+02  4.753685703192D+02  4.754444964193D+02  4.755212857490D+02
  4.755989098354D+02  4.756773415715D+02  4.757565469396D+02  4.758364929994D+02
  4.759171396024D+02  4.759984473683D+02  4.760803693893D+02  4.761628591951D+02
  4.762458624470D+02  4.763293248911D+02  4.764131840423D+02  4.764973771254D+02
  4.765818327496D+02  4.766664788370D+02  4.767512342877D+02  4.768360168968D+02
  4.769207350095D+02  4.770052954280D+02  4.770895950562D+02  4.771735287975D+02
  4.772569811909D+02  4.773398342994D+02  4.774219593386D+02  4.775032245578D+02
  4.775834868625D+02  4.776625996887D+02  4.777404046221D+02  4.778167392677D+02
  4.778914288667D+02  4.779642941654D+02  4.780351430315D+02  4.781037783250D+02
  4.781699895181D+02  4.782335605704D+02  4.782942615567D+02  4.783518565507D+02
  4.784060952646D+02  4.784567209460D+02  4.785034620342D+02  4.785460400760D+02
  4.785841614036D+02  4.786175250754D+02  4.786458145827D+02  4.786687058210D+02
  4.786858588325D+02  4.786969258159D+02  4.787015429120D+02  4.786993382601D+02
  4.786899238344D+02  4.786729035562D+02  4.786478651902D+02  4.786143885207D+02
  4.785720373176D+02  4.785203675863D+02  4.784589196129D+02  4.783872262979D+02
  4.783048052898D+02  4.782111674125D+02  4.781058088978D+02  4.779882199157D+02
  4.778578769146D+02  4.777142512639D+02  4.775568017112D+02  4.773849831443D+02
  4.771982391728D+02  4.769960110170D+02  4.767777302188D+02  4.765428276620D+02
  4.762907264160D+02  4.760208508900D+02  4.757326198091D+02  4.754254555006D+02
  4.750987770002D+02  4.747520094637D+02  4.743845773955D+02  4.739959141756D+02
  4.735854553957D+02  4.731526484861D+02  4.726969461391D+02  4.722178160118D+02
  4.717147342110D+02  4.711871950400D+02  4.706347045103D+02  4.700567900931D+02
  4.694529942140D+02  4.688228839617D+02  4.681660445124D+02  4.674820887386D+02
  4.667706505016D+02  4.660313940946D+02  4.652640073326D+02  4.644682107552D+02
  4.636437504364D+02  4.627904068664D+02  4.619079873977D+02  4.609963347205D+02
  4.600553188597D+02  4.590848451584D+02  4.580848457433D+02  4.570552869361D+02
  4.559961601123D+02  4.549074884754D+02  4.537893172511D+02  4.526417197875D+02
  4.514647870569D+02  4.502586330674D+02  4.490233837040D+02  4.477591815041D+02
  4.464661739169D+02  4.451445175712D+02  4.437943661265D+02  4.424158742580D+02
  4.410091853819D+02  4.395744357029D+02  4.381117422238D+02  4.366212073332D+02
  4.351029076430D+02  4.335568997180D+02  4.319832103930D+02  4.303818443276D+02
  4.287527764898D+02  4.270959621953D+02  4.254113323430D+02  4.236988063969D+02
  4.219582906440D+02  4.201896941345D+02  4.183929296590D+02  4.165679319674D+02
  4.147146603689D+02  4.128331177032D+02  4.109233526299D+02  4.089854770814D+02
  4.070196657511D+02  4.050261694812D+02  4.030053095467D+02  4.009574849368D+02
  3.988831599686D+02  3.967828647520D+02  3.946571762973D+02  3.925067132423D+02
  3.903321124023D+02  3.881340204397D+02  3.859130690632D+02  3.836698671247D+02
  3.814049779617D+02  3.791189151752D+02  3.768121249188D+02  3.744849875563D+02
  3.721378064037D+02  3.697708160553D+02  3.673841776787D+02  3.649779934867D+02
  3.625523075391D+02  3.601071248990D+02  3.576424161707D+02  3.551581393695D+02
  3.526542461128D+02  3.501307040856D+02  3.475875028000D+02  3.450246746522D+02
  3.424422983706D+02  3.398405169320D+02  3.372195371573D+02  3.345796431636D+02
  3.319211909950D+02  3.292446167625D+02  3.265504257527D+02  3.238391950030D+02
  3.211115569836D+02  3.183681970831D+02  3.156098327624D+02  3.128372072785D+02
  3.100510661480D+02  3.072521494804D+02  3.044411685664D+02  3.016188001353D+02
  2.987856668018D+02  2.959423371996D+02  2.930893142468D+02  2.902270447769D+02
  2.873559184630D+02  2.844762884776D+02  2.815884807497D+02  2.786928229985D+02
  2.757896590759D+02  2.728793786246D+02  2.699624268280D+02  2.670393241740D+02
  2.641106617578D+02  2.611771036425D+02  2.582393640448D+02  2.552981933933D+02
  2.523543433552D+02  2.494085465856D+02  2.464614820742D+02  2.435137616196D+02
  2.405659072157D+02  2.376183532095D+02  2.346714411017D+02  2.317254390120D+02
  2.287805521368D+02  2.258369550938D+02  2.228948117903D+02  2.199543133947D+02
  2.170157000991D+02  2.140792974801D+02  2.111455335166D+02  2.082149675882D+02
  2.052882980032D+02  2.023663799048D+02  1.994502206138D+02  1.965409846857D+02
  1.936399762829D+02  1.907486314787D+02  1.878684884718D+02  1.850011687667D+02
  1.821483375491D+02  1.793116767236D+02  1.764928391490D+02  1.736934179284D+02
  1.709148997045D+02  1.681586363289D+02  1.654258044271D+02  1.627173878941D+02
  1.600341534796D+02  1.573766549772D+02  1.547452361467D+02  1.521400669217D+02
  1.495611805517D+02  1.470085418547D+02  1.444821079892D+02  1.419819048555D+02
  1.395080747112D+02  1.370609163262D+02  1.346408776473D+02  1.322485329343D+02
  1.298845183550D+02  1.275494706965D+02  1.252439501606D+02  1.229683914371D+02
  1.207230574363D+02  1.185080304934D+02  1.163232065551D+02  1.141683208973D+02
  1.120429677205D+02  1.099466416125D+02  1.078787642833D+02  1.058387263883D+02
  1.038259097606D+02  1.018397216557D+02  9.987960765421D+01  9.794507591361D+01
  9.603570014588D+01  9.415113444472D+01  9.229110773074D+01  9.045543107475D+01
  8.864398576843D+01  8.685672542082D+01  8.509365992914D+01  8.335485453911D+01
  8.164041176648D+01  7.995046929112D+01  7.828518149422D+01  7.664471763067D+01
  7.502924420136D+01  7.343892440040D+01  7.187390210573D+01  7.033430318485D+01
  6.882022150808D+01  6.733172235905D+01  6.586883058454D+01  6.443153611660D+01
  6.301978418548D+01  6.163348282275D+01  6.027249497085D+01  5.893664777769D+01
  5.762572639488D+01  5.633948482729D+01  5.507764113009D+01  5.383988942877D+01
  5.262589598587D+01  5.143531166862D+01  5.026776794410D+01  4.912288865562D+01
  4.800028469525D+01  4.689956387561D+01  4.582032329777D+01  4.476215674091D+01
  4.372464467679D+01  4.270735979930D+01  4.170985512165D+01  4.073166936128D+01
  3.977231426200D+01
N_07 POTENTIAL                      exc: Vosko,Wilk,Nusair      
  1.72127726  6.50000000  1.73067725
   7.00000
   2.01081   0.8856778009   0.8856506271
353
 0.25000000D-01 0.30314114D-03
 2 1
    0  -2.69998930000D+01
    0  -4.29582100000D-01
  2.611904919105D+01  2.611943107855D+01  2.611982223637D+01  2.612024858022D+01
  2.612069055058D+01  2.612114597645D+01  2.612161360357D+01  2.612209388848D+01
  2.612258633626D+01  2.612309170493D+01  2.612360964651D+01  2.612414100280D+01
  2.612468548015D+01  2.612524395952D+01  2.612581617819D+01  2.612640304324D+01
  2.612700431524D+01  2.612762092281D+01  2.612825264709D+01  2.612890043664D+01
  2.612956409224D+01  2.613024458196D+01  2.613094172613D+01  2.613165651249D+01
  2.613238878120D+01  2.613313954009D+01  2.613390864967D+01  2.613469713844D+01
  2.613550488793D+01  2.613633294799D+01  2.613718122191D+01  2.613805078165D+01
  2.613894155305D+01  2.613985463101D+01  2.614078996473D+01  2.614174867293D+01
  2.614273072904D+01  2.614373727647D+01  2.614476831396D+01  2.614582501426D+01
  2.614690778553D+01  2.614801742908D+01  2.614915399685D+01  2.615031871207D+01
  2.615151165457D+01  2.615273407597D+01  2.615398608494D+01  2.615526896248D+01
  2.615658284708D+01  2.615792905005D+01  2.615930774071D+01  2.616072026167D+01
  2.616216681402D+01  2.616364877262D+01  2.616516637131D+01  2.616672101813D+01
  2.616831298060D+01  2.616994370090D+01  2.617161348109D+01  2.617332379839D+01
  2.617507499031D+01  2.617686856992D+01  2.617870491100D+01  2.618058556330D+01
  2.618251093764D+01  2.618448262116D+01  2.618650106242D+01  2.618856788662D+01
  2.619068358069D+01  2.619284980845D+01  2.619506709568D+01  2.619733714529D+01
  2.619966052234D+01  2.620203896915D+01  2.620447309032D+01  2.620696466775D+01
  2.620951434567D+01  2.621212394560D+01  2.621479415131D+01  2.621752682375D+01
  2.622032268592D+01  2.622318363781D+01  2.622611044113D+01  2.622910503419D+01
  2.623216821662D+01  2.623530196413D+01  2.623850711311D+01  2.624178567536D+01
  2.624513852259D+01  2.624856770101D+01  2.625207411577D+01  2.625565984541D+01
  2.625932582621D+01  2.626307416648D+01  2.626690583080D+01  2.627082295417D+01
  2.627482652608D+01  2.627891870454D+01  2.628310049998D+01  2.628737408908D+01
  2.629174049849D+01  2.629620191848D+01  2.630075938649D+01  2.630541510050D+01
  2.631017010238D+01  2.631502659108D+01  2.631998560563D+01  2.632504933816D+01
  2.633021881657D+01  2.633549621726D+01  2.634088254760D+01  2.634637995818D+01
  2.635198942506D+01  2.635771306167D+01  2.636355180064D+01  2.636950770538D+01
  2.637558165147D+01  2.638177563784D+01  2.638809046774D+01  2.639452805944D+01
  2.640108912674D+01  2.640777548921D+01  2.641458775210D+01  2.642152761612D+01
  2.642859555680D+01  2.643579313361D+01  2.644312066877D+01  2.645057955577D+01
  2.645816993747D+01  2.646589301395D+01  2.647374871993D+01  2.648173803190D+01
  2.648986064475D+01  2.649811727813D+01  2.650650735229D+01  2.651503129356D+01
  2.652368820939D+01  2.653247819288D+01  2.654139999691D+01  2.655045333775D+01
  2.655963656819D+01  2.656894898014D+01  2.657838847676D+01  2.658795387397D+01
  2.659764257151D+01  2.660745285335D+01  2.661738155756D+01  2.662742637565D+01
  2.663758352118D+01  2.664785002793D+01  2.665822141728D+01  2.666869399515D+01
  2.667926251810D+01  2.668992248900D+01  2.670066782189D+01  2.671149313629D+01
  2.672239142081D+01  2.673335632615D+01  2.674437982743D+01  2.675545451590D+01
  2.676657125994D+01  2.677772149558D+01  2.678889488626D+01  2.680008161208D+01
  2.681127002843D+01  2.682244895412D+01  2.683360532892D+01  2.684472650062D+01
  2.685579788166D+01  2.686680523533D+01  2.687773233155D+01  2.688856323239D+01
  2.689927994731D+01  2.690986471813D+01  2.692029767398D+01  2.693055911611D+01
  2.694062717275D+01  2.695048008413D+01  2.696009385764D+01  2.696944455340D+01
  2.697850594024D+01  2.698725178224D+01  2.699565349600D+01  2.700368243877D+01
  2.701130756753D+01  2.701849772934D+01  2.702521932296D+01  2.703143859202D+01
  2.703711928999D+01  2.704222497695D+01  2.704671668871D+01  2.705055523815D+01
  2.705369888930D+01  2.705610566427D+01  2.705773102333D+01  2.705853017840D+01
  2.705845578027D+01  2.705746023979D+01  2.705549342336D+01  2.705250498302D+01
  2.704844206146D+01  2.704325163227D+01  2.703687821570D+01  2.702926623037D+01
  2.702035772112D+01  2.701009472344D+01  2.699841700470D+01  2.698526444262D+01
  2.697057478115D+01  2.695428602413D+01  2.693633420705D+01  2.691665580708D+01
  2.689518553163D+01  2.687185874585D+01  2.684660927885D+01  2.681937186931D+01
  2.679007999012D+01  2.675866831253D+01  2.672507054950D+01  2.668922193848D+01
  2.665105710344D+01  2.661051255599D+01  2.656752457541D+01  2.652203172731D+01
  2.647397276056D+01  2.642328914203D+01  2.636992296859D+01  2.631381951579D+01
  2.625492516243D+01  2.619318995022D+01  2.612856551761D+01  2.606100766666D+01
  2.599047430179D+01  2.591692799931D+01  2.584033394595D+01  2.576066250526D+01
  2.567788714992D+01  2.559198701842D+01  2.550294483405D+01  2.541074944434D+01
  2.531539371871D+01  2.521687706227D+01  2.511520328333D+01  2.501038307234D+01
  2.490243182968D+01  2.479137209993D+01  2.467723134985D+01  2.456004434768D+01
  2.443985088095D+01  2.431669807010D+01  2.419063801631D+01  2.406173003884D+01
  2.393003824171D+01  2.379563366601D+01  2.365859176611D+01  2.351899446739D+01
  2.337692754378D+01  2.323248257337D+01  2.308575421053D+01  2.293684203377D+01
  2.278584770802D+01  2.263287672159D+01  2.247803543727D+01  2.232143271867D+01
  2.216317687283D+01  2.200337717109D+01  2.184214069110D+01  2.167957374395D+01
  2.151577863137D+01  2.135085499988D+01  2.118489654017D+01  2.101799230247D+01
  2.085022338133D+01  2.068166424624D+01  2.051237947870D+01  2.034242520052D+01
  2.017184596366D+01  2.000067639751D+01  1.982893839603D+01  1.965664315374D+01
  1.948378884494D+01  1.931036326646D+01  1.913634224484D+01  1.896169312826D+01
  1.878637415391D+01  1.861033898619D+01  1.843353717287D+01  1.825591974961D+01
  1.807744065200D+01  1.789806305776D+01  1.771776119858D+01  1.753652664663D+01
  1.735436951830D+01  1.717132354721D+01  1.698744547925D+01  1.680281782952D+01
  1.661754561907D+01  1.643175635882D+01  1.624559415754D+01  1.605921747328D+01
  1.587279158898D+01  1.568648545801D+01  1.550046403353D+01  1.531488567235D+01
  1.512989560135D+01  1.494562487045D+01  1.476218559988D+01  1.457967177929D+01
  1.439815628859D+01  1.421769329873D+01  1.403831666073D+01  1.386004341378D+01
  1.368287301918D+01  1.350679146841D+01  1.333177089972D+01  1.315777390528D+01
  1.298475319689D+01  1.281265584463D+01  1.264142278493D+01  1.247099283678D+01
  1.230130194265D+01  1.213228688903D+01  1.196388423559D+01  1.179603371782D+01
  1.162867685916D+01  1.146176006302D+01  1.129523292436D+01  1.112905103395D+01
  1.096317401674D+01  1.079756807834D+01  1.063220380160D+01  1.046705846715D+01
  1.030211363968D+01  1.013735729292D+01  9.972781214184D+00  9.808382960070D+00
  9.644163102821D+00  9.480127036717D+00  9.316282082422D+00  9.152639155865D+00
  8.989209737587D+00  8.826007405904D+00  8.663044667773D+00  8.500334347368D+00
  8.337886264615D+00  8.175708460854D+00  8.013803704647D+00  7.852170531214D+00
  7.690799554176D+00  7.529674359034D+00  7.368767427898D+00  7.208041101684D+00
  7.047443148387D+00
Vac0 POTENTIAL                      exc: Vosko,Wilk,Nusair      
  2.25914357  6.50000000  2.23392349
   0.00000
   2.46891   0.8856778009   0.8856506271
353
 0.25000000D-01 0.37220196D-03
 0 1
  8.331148845997D-01  8.330880341721D-01  8.330597124410D-01  8.330515463864D-01
  8.330469268280D-01  8.330449543106D-01  8.330433003365D-01  8.330432151915D-01
  8.330429890234D-01  8.330441146215D-01  8.330449981870D-01  8.330471966497D-01
  8.330491565366D-01  8.330524635029D-01  8.330555867848D-01  8.330601317857D-01
  8.330645865399D-01  8.330705754009D-01  8.330766062490D-01  8.330843250417D-01
  8.330922635387D-01  8.331020944812D-01  8.331123800206D-01  8.331248274749D-01
  8.331380386464D-01  8.331537664594D-01  8.331706652384D-01  8.331905485920D-01
  8.332121411034D-01  8.332373377953D-01  8.332649577459D-01  8.332970058309D-01
  8.333324289319D-01  8.333733808085D-01  8.334189819648D-01  8.334715887672D-01
  8.335305562905D-01  8.335984100593D-01  8.336677208398D-01  8.336978620933D-01
  8.336691433114D-01  8.336427022014D-01  8.336168676407D-01  8.335931052915D-01
  8.335697629697D-01  8.335483231432D-01  8.335271485906D-01  8.335077351121D-01
  8.334884574198D-01  8.334708220106D-01  8.334532132075D-01  8.334371461702D-01
  8.334210130352D-01  8.334063360276D-01  8.333915136909D-01  8.333780740701D-01
  8.333644209959D-01  8.333520873357D-01  8.333394813220D-01  8.333281398467D-01
  8.333164748260D-01  8.333060265306D-01  8.332952099851D-01  8.332855683090D-01
  8.332755191590D-01  8.332666080839D-01  8.332572549728D-01  8.332490074494D-01
  8.332402873202D-01  8.332326439813D-01  8.332245008909D-01  8.332174089760D-01
  8.332097931145D-01  8.332032055600D-01  8.331960724254D-01  8.331899471130D-01
  8.331832568110D-01  8.331775559250D-01  8.331712725795D-01  8.331659620592D-01
  8.331600533093D-01  8.331551023855D-01  8.331495389549D-01  8.331449197514D-01
  8.331396750791D-01  8.331353622685D-01  8.331304121864D-01  8.331263826922D-01
  8.331217051517D-01  8.331179378920D-01  8.331135127201D-01  8.331099883801D-01
  8.331057970722D-01  8.331024979092D-01  8.330985234403D-01  8.330954331083D-01
  8.330916597725D-01  8.330887631697D-01  8.330851764354D-01  8.330824595680D-01
  8.330790459492D-01  8.330764958094D-01  8.330732427505D-01  8.330708472084D-01
  8.330677429801D-01  8.330654906853D-01  8.330625242930D-01  8.330604045847D-01
  8.330575656824D-01  8.330555685094D-01  8.330528473207D-01  8.330509631656D-01
  8.330483504143D-01  8.330465702241D-01  8.330440570647D-01  8.330423721863D-01
  8.330399501433D-01  8.330383522629D-01  8.330360131702D-01  8.330344942548D-01
  8.330322301981D-01  8.330307824395D-01  8.330285857037D-01  8.330272014651D-01
  8.330250644779D-01  8.330237362402D-01  8.330216515219D-01  8.330203718305D-01
  8.330183319393D-01  8.330170933522D-01  8.330150908318D-01  8.330138858656D-01
  8.330119131917D-01  8.330107342668D-01  8.330087837907D-01  8.330076231747D-01
  8.330056870662D-01  8.330045368159D-01  8.330026070027D-01  8.330014589013D-01
  8.329995270063D-01  8.329983724991D-01  8.329964297726D-01  8.329952598970D-01
  8.329932971451D-01  8.329921024570D-01  8.329901099651D-01  8.329888804589D-01
  8.329868479088D-01  8.329855729311D-01  8.329834893113D-01  8.329821574683D-01
  8.329800109774D-01  8.329786100336D-01  8.329763879742D-01  8.329749047416D-01
  8.329725934053D-01  8.329710136234D-01  8.329685981649D-01  8.329669063695D-01
  8.329643706688D-01  8.329625500463D-01  8.329598765572D-01  8.329579087876D-01
  8.329550783723D-01  8.329529434541D-01  8.329499352003D-01  8.329476112602D-01
  8.329444022804D-01  8.329418653619D-01  8.329384305729D-01  8.329356544050D-01
  8.329319662842D-01  8.329289220256D-01  8.329249503430D-01  8.329216063008D-01
  8.329173178228D-01  8.329136391418D-01  8.329089973056D-01  8.329049456253D-01
  8.328999101787D-01  8.328954432557D-01  8.328899698597D-01  8.328850411502D-01
  8.328790809409D-01  8.328736391396D-01  8.328671382433D-01  8.328611267749D-01
  8.328540257742D-01  8.328473822314D-01  8.328396155742D-01  8.328322710970D-01
  8.328237664441D-01  8.328156450344D-01  8.328063225392D-01  8.327973403031D-01
  8.327871118155D-01  8.327771761266D-01  8.327659443132D-01  8.327549528883D-01
  8.327426102606D-01  8.327304501379D-01  8.327168779786D-01  8.327034243887D-01
  8.326884915647D-01  8.326736066833D-01  8.326571683347D-01  8.326406999040D-01
  8.326225959944D-01  8.326043757993D-01  8.325844295145D-01  8.325642716992D-01
  8.325422876765D-01  8.325199868831D-01  8.324957492554D-01  8.324710785670D-01
  8.324443488000D-01  8.324170574678D-01  8.323875719698D-01  8.323573828994D-01
  8.323248503796D-01  8.322914573539D-01  8.322555559017D-01  8.322186205104D-01
  8.321789943677D-01  8.321381426130D-01  8.320943986052D-01  8.320492171502D-01
  8.320009207416D-01  8.319509527621D-01  8.318976236942D-01  8.318423642932D-01
  8.317834717636D-01  8.317223629014D-01  8.316573202327D-01  8.315897451215D-01
  8.315179038670D-01  8.314431807729D-01  8.313638241994D-01  8.312811995894D-01
  8.311935354701D-01  8.311021764329D-01  8.310053290782D-01  8.309043149434D-01
  8.307973163862D-01  8.306856294547D-01  8.305674097019D-01  8.304439249927D-01
  8.303133012421D-01  8.301767751513D-01  8.300324398622D-01  8.298814976153D-01
  8.297220053108D-01  8.295551270800D-01  8.293788797431D-01  8.291943852848D-01
  8.289996161970D-01  8.287956478488D-01  8.285804037015D-01  8.283549075608D-01
  8.281170286510D-01  8.278677337359D-01  8.276048320371D-01  8.273292272088D-01
  8.270386620824D-01  8.267339704801D-01  8.264128217660D-01  8.260759724799D-01
  8.257210106735D-01  8.253486073440D-01  8.249562605313D-01  8.245445465279D-01
  8.241108637101D-01  8.236556834982D-01  8.231762938902D-01  8.226730501440D-01
  8.221431179773D-01  8.215867239388D-01  8.210008982353D-01  8.203857247522D-01
  8.197380834627D-01  8.190579000541D-01  8.183418878661D-01  8.175897970726D-01
  8.167981560883D-01  8.159665202464D-01  8.150912126038D-01  8.141715720445D-01
  8.132036934015D-01  8.121866749037D-01  8.111163575164D-01  8.099915716345D-01
  8.088078755250D-01  8.075638011492D-01  8.062545915671D-01  8.048784457462D-01
  8.034302547589D-01  8.019078454022D-01  8.003057149827D-01  7.986212735313D-01
  7.968485769211D-01  7.949845674096D-01  7.930228047743D-01  7.909597048476D-01
  7.887882682761D-01  7.865043166282D-01  7.841002182830D-01  7.815711215786D-01
  7.789086772108D-01  7.761072677474D-01  7.731577257513D-01  7.700535588069D-01
  7.667846623727D-01  7.633435392315D-01  7.597190058128D-01  7.559024046811D-01
  7.518813027269D-01  7.476456949302D-01  7.431816923842D-01  7.384777150863D-01
  7.335181672085D-01  7.282896160492D-01  7.227744512580D-01  7.169570462934D-01
  7.108173974081D-01  7.043372629471D-01  6.974937767457D-01  6.902655593054D-01
  6.826262987797D-01  6.745508264017D-01  6.660086563351D-01  6.569700155962D-01
  6.473993316211D-01  6.372612041974D-01  6.265138265120D-01  6.151148831492D-01
  6.030148864890D-01  5.901629805058D-01  5.765001695678D-01  5.619650024827D-01
  5.464866649683D-01  5.299905121940D-01  5.123909895846D-01  4.935969754146D-01
  4.735044878541D-01  4.520017918878D-01  4.289618496797D-01  4.042471358888D-01
  3.777017798135D-01  3.491562363855D-01  3.184184686022D-01  2.852790307748D-01
  2.495014992151D-01
Vac0 POTENTIAL                      exc: Vosko,Wilk,Nusair      
  1.72127726  6.50000000  1.73067725
   0.00000
   2.01081   0.8856778009   0.8856506271
353
 0.25000000D-01 0.30314114D-03
 0 1
  6.288066269025D-01  6.287660952971D-01  6.287241212128D-01  6.287114034290D-01
  6.287043449131D-01  6.287001356821D-01  6.286968194491D-01  6.286947407021D-01
  6.286928382939D-01  6.286918025081D-01  6.286907329304D-01  6.286904047755D-01
  6.286899671508D-01  6.286902264488D-01  6.286903529316D-01  6.286911682692D-01
  6.286918545779D-01  6.286932432446D-01  6.286945249405D-01  6.286965389541D-01
  6.286984835976D-01  6.287012059442D-01  6.287039123493D-01  6.287074584817D-01
  6.287110600559D-01  6.287155830164D-01  6.287202545126D-01  6.287259532881D-01
  6.287319208983D-01  6.287390523973D-01  6.287466078286D-01  6.287555033023D-01
  6.287650228738D-01  6.287761100620D-01  6.287880803346D-01  6.288019131937D-01
  6.288169650697D-01  6.288342435198D-01  6.288515421719D-01  6.288579042411D-01
  6.288488926750D-01  6.288407563135D-01  6.288326393897D-01  6.288253340696D-01
  6.288179904318D-01  6.288114058378D-01  6.288047349901D-01  6.287987793669D-01
  6.287926973586D-01  6.287872937567D-01  6.287817299203D-01  6.287768133165D-01
  6.287717077250D-01  6.287672227990D-01  6.287625243009D-01  6.287584236839D-01
  6.287540883462D-01  6.287503312362D-01  6.287463211148D-01  6.287428721738D-01
  6.287391543173D-01  6.287359827820D-01  6.287325284338D-01  6.287296073932D-01
  6.287263913411D-01  6.287236971488D-01  6.287206971925D-01  6.287182089811D-01
  6.287154054846D-01  6.287131047629D-01  6.287104802956D-01  6.287083506179D-01
  6.287058896480D-01  6.287039163313D-01  6.287016049650D-01  6.286997748526D-01
  6.286976006237D-01  6.286959018898D-01  6.286938535691D-01  6.286922755449D-01
  6.286903429892D-01  6.286888760207D-01  6.286870500331D-01  6.286856853546D-01
  6.286839575739D-01  6.286826872023D-01  6.286810499994D-01  6.286798666383D-01
  6.286783130304D-01  6.286772099905D-01  6.286757335650D-01  6.286747046936D-01
  6.286732995401D-01  6.286723391563D-01  6.286709998108D-01  6.286701026513D-01
  6.286688240396D-01  6.286679852094D-01  6.286667626030D-01  6.286659775309D-01
  6.286648065051D-01  6.286640709026D-01  6.286629472974D-01  6.286622571240D-01
  6.286611770101D-01  6.286605284397D-01  6.286594880859D-01  6.286588774754D-01
  6.286578733204D-01  6.286572971820D-01  6.286563258049D-01  6.286557807793D-01
  6.286548388742D-01  6.286543217037D-01  6.286534060563D-01  6.286529135616D-01
  6.286520210220D-01  6.286515500782D-01  6.286506775396D-01  6.286502250512D-01
  6.286493694255D-01  6.286489323056D-01  6.286480904996D-01  6.286476656442D-01
  6.286468345373D-01  6.286464188025D-01  6.286455952216D-01  6.286451853986D-01
  6.286443660931D-01  6.286439588832D-01  6.286431404994D-01  6.286427324874D-01
  6.286419115414D-01  6.286414991671D-01  6.286406720157D-01  6.286402515451D-01
  6.286394143549D-01  6.286389818479D-01  6.286381305632D-01  6.286376818396D-01
  6.286368121471D-01  6.286363427503D-01  6.286354500402D-01  6.286349551973D-01
  6.286340345227D-01  6.286335091017D-01  6.286325551340D-01  6.286319935967D-01
  6.286310005756D-01  6.286303969267D-01  6.286293586076D-01  6.286287063385D-01
  6.286276159337D-01  6.286269079616D-01  6.286257580759D-01  6.286249866759D-01
  6.286237692368D-01  6.286229259687D-01  6.286216321480D-01  6.286207077751D-01
  6.286193279044D-01  6.286183123033D-01  6.286168357803D-01  6.286157178433D-01
  6.286141330279D-01  6.286129005544D-01  6.286111946553D-01  6.286098342321D-01
  6.286079931812D-01  6.286064900505D-01  6.286044983643D-01  6.286028362787D-01
  6.286006769055D-01  6.285988379669D-01  6.285964921181D-01  6.285944566010D-01
  6.285919035652D-01  6.285896497205D-01  6.285868666573D-01  6.285843704968D-01
  6.285813322103D-01  6.285785672679D-01  6.285752459557D-01  6.285721830235D-01
  6.285685479997D-01  6.285651548371D-01  6.285611722262D-01  6.285574132385D-01
  6.285530456374D-01  6.285488815199D-01  6.285440876242D-01  6.285394749697D-01
  6.285342091611D-01  6.285291000261D-01  6.285233119162D-01  6.285176533412D-01
  6.285112872671D-01  6.285050207469D-01  6.284980152147D-01  6.284910761125D-01
  6.284833631810D-01  6.284756800815D-01  6.284671846821D-01  6.284586786758D-01
  6.284493178607D-01  6.284399017534D-01  6.284295838639D-01  6.284191613028D-01
  6.284077850505D-01  6.283962495583D-01  6.283837030099D-01  6.283709369167D-01
  6.283570963711D-01  6.283429696343D-01  6.283276983816D-01  6.283120672813D-01
  6.282952142308D-01  6.282779199268D-01  6.282593180907D-01  6.282401850283D-01
  6.282196498444D-01  6.281984839911D-01  6.281758114694D-01  6.281523983655D-01
  6.281273630383D-01  6.281014656418D-01  6.280738182973D-01  6.280451746006D-01
  6.280146397768D-01  6.279829601712D-01  6.279492333846D-01  6.279141977459D-01
  6.278769424264D-01  6.278381968917D-01  6.277970409929D-01  6.277541943957D-01
  6.277087266456D-01  6.276613465722D-01  6.276111123256D-01  6.275587207528D-01
  6.275032174030D-01  6.274452858723D-01  6.273839577744D-01  6.273199020513D-01
  6.272521349049D-01  6.271813090699D-01  6.271064237022D-01  6.270281136103D-01
  6.269453590952D-01  6.268587751359D-01  6.267673211764D-01  6.266715902589D-01
  6.265705187525D-01  6.264646754294D-01  6.263529711279D-01  6.262359477651D-01
  6.261124879276D-01  6.259831038136D-01  6.258466467430D-01  6.257035960210D-01
  6.255527683590D-01  6.253946066505D-01  6.252278892926D-01  6.250530188652D-01
  6.248687313414D-01  6.246753846580D-01  6.244716678035D-01  6.242578892674D-01
  6.240326859907D-01  6.237963116806D-01  6.235473456077D-01  6.232859807706D-01
  6.230107325208D-01  6.227217265599D-01  6.224174073729D-01  6.220978260361D-01
  6.217613484372D-01  6.214079428710D-01  6.210358880187D-01  6.206450603073D-01
  6.202336416177D-01  6.198014063774D-01  6.193464289647D-01  6.188683704997D-01
  6.183651859066D-01  6.178364103634D-01  6.172798659776D-01  6.166949478499D-01
  6.160793303116D-01  6.154322525500D-01  6.147512243478D-01  6.140353112094D-01
  6.132818395329D-01  6.124896811663D-01  6.116559579303D-01  6.107793255205D-01
  6.098566772869D-01  6.088864273820D-01  6.078652136837D-01  6.067911800725D-01
  6.056606783640D-01  6.044715495730D-01  6.032198246963D-01  6.019030047944D-01
  6.005167604314D-01  5.990582103700D-01  5.975226194342D-01  5.959066755691D-01
  5.942051858431D-01  5.924143515656D-01  5.905284620824D-01  5.885431675754D-01
  5.864521702230D-01  5.842504942167D-01  5.819311737559D-01  5.794885197040D-01
  5.769148037573D-01  5.742035210154D-01  5.713460695006D-01  5.683350077329D-01
  5.651607285615D-01  5.618147105972D-01  5.582861850459D-01  5.545653795443D-01
  5.506401763344D-01  5.464993466523D-01  5.421291981302D-01  5.375167973745D-01
  5.326466038964D-01  5.275036778499D-01  5.220702970289D-01  5.163291458719D-01
  5.102599110684D-01  5.038424468071D-01  4.970533432397D-01  4.898690614679D-01
  4.822624674148D-01  4.742059281099D-01  4.656678012927D-01  4.566154820132D-01
  4.470118353803D-01  4.368181791750D-01  4.259906433392D-01  4.144830700122D-01
  4.022432784373D-01  3.892158577134D-01  3.753383121156D-01  3.605437112019D-01
  3.447566770182D-01  3.278959948646D-01  3.098699176937D-01  2.905791980949D-01
  2.699117274845D-01
