In49 POTENTIAL                      exc: Vosko,Wilk,Nusair      
  2.14187055  6.17500000  2.11957662
  49.00000
   2.34253   1.0890118082   0.9652352290
353
 0.25000000D-01 0.35315022D-03
 9 1
    0  -1.96656160000D+03
    0  -2.87428550000D+02
    0  -5.37136240000D+01
    0  -7.39818510000D+00
    1  -2.68528840000D+02
    1  -4.59639090000D+01
    1  -4.86454470000D+00
    2  -3.15522220000D+01
    2  -7.38539920000D-01
  4.728031843484D+02  4.728282024645D+02  4.728537953456D+02  4.728799698918D+02
  4.729067344598D+02  4.729341026132D+02  4.729620836830D+02  4.729906913810D+02
  4.730199353030D+02  4.730498293442D+02  4.730803833037D+02  4.731116112323D+02
  4.731435230906D+02  4.731761330532D+02  4.732094512008D+02  4.732434917936D+02
  4.732782649869D+02  4.733137850816D+02  4.733500622559D+02  4.733871107990D+02
  4.734249408538D+02  4.734635666371D+02  4.735029981903D+02  4.735432495884D+02
  4.735843306963D+02  4.736262553679D+02  4.736690332070D+02  4.737126777566D+02
  4.737571982639D+02  4.738026078600D+02  4.738489153274D+02  4.738961332720D+02
  4.739442698908D+02  4.739933371369D+02  4.740433424871D+02  4.740942970991D+02
  4.741462075787D+02  4.741990841298D+02  4.742529323197D+02  4.743077612216D+02
  4.743635751873D+02  4.744203819548D+02  4.744781844367D+02  4.745369888377D+02
  4.745967964122D+02  4.746576115838D+02  4.747194336980D+02  4.747822651343D+02
  4.748461030536D+02  4.749109475022D+02  4.749767931541D+02  4.750436374060D+02
  4.751114721134D+02  4.751802916772D+02  4.752500847732D+02  4.753208424286D+02
  4.753925497450D+02  4.754651939655D+02  4.755387561891D+02  4.756132194282D+02
  4.756885603151D+02  4.757647571482D+02  4.758417815906D+02  4.759196067052D+02
  4.759981986439D+02  4.760775246722D+02  4.761575448478D+02  4.762382200350D+02
  4.763195035729D+02  4.764013492778D+02  4.764837031020D+02  4.765665111241D+02
  4.766497111977D+02  4.767332409302D+02  4.768170293206D+02  4.769010047272D+02
  4.769850864957D+02  4.770691929148D+02  4.771532328347D+02  4.772371136125D+02
  4.773207327209D+02  4.774039856836D+02  4.774867576757D+02  4.775689314497D+02
  4.776503789287D+02  4.777309691247D+02  4.778105597250D+02  4.778890050055D+02
  4.779661474119D+02  4.780418254686D+02  4.781158653584D+02  4.781880888294D+02
  4.782583047751D+02  4.783263171421D+02  4.783919165140D+02  4.784548880238D+02
  4.785150029449D+02  4.785720266119D+02  4.786257100228D+02  4.786757977737D+02
  4.787220196764D+02  4.787640987122D+02  4.788017426711D+02  4.788346521295D+02
  4.788625121180D+02  4.788850001298D+02  4.789017778234D+02  4.789124990688D+02
  4.789168016934D+02  4.789143155741D+02  4.789046544332D+02  4.788874239860D+02
  4.788622137962D+02  4.788286054866D+02  4.787861646635D+02  4.787344492008D+02
  4.786730012430D+02  4.786013555719D+02  4.785190316977D+02  4.784255423189D+02
  4.783203855110D+02  4.782030532892D+02  4.780730239040D+02  4.779297705150D+02
  4.777727536032D+02  4.776014297640D+02  4.774152442425D+02  4.772136398531D+02
  4.769960496434D+02  4.767619059450D+02  4.765106331700D+02  4.762416569942D+02
  4.759543972868D+02  4.756482774253D+02  4.753227173545D+02  4.749771430280D+02
  4.746109795886D+02  4.742236609255D+02  4.738146229637D+02  4.733833133204D+02
  4.729291846835D+02  4.724517045443D+02  4.719503486389D+02  4.714246107266D+02
  4.708739960589D+02  4.702980311657D+02  4.696962573085D+02  4.690682402266D+02
  4.684135635226D+02  4.677318383117D+02  4.670226964790D+02  4.662858001656D+02
  4.655208348277D+02  4.647275184866D+02  4.639055945119D+02  4.630548405546D+02
  4.621750609715D+02  4.612660953568D+02  4.603278105222D+02  4.593601085418D+02
  4.583629182048D+02  4.573362024939D+02  4.562799494356D+02  4.551941789454D+02
  4.540789330174D+02  4.529342818986D+02  4.517603135881D+02  4.505571393244D+02
  4.493248824235D+02  4.480636831281D+02  4.467736868612D+02  4.454550485621D+02
  4.441079205232D+02  4.427324564330D+02  4.413287990734D+02  4.398970844084D+02
  4.384374295456D+02  4.369499373413D+02  4.354346851631D+02  4.338917306071D+02
  4.323211017077D+02  4.307228044469D+02  4.290968150973D+02  4.274430901837D+02
  4.257615615520D+02  4.240521492527D+02  4.223147596228D+02  4.205493011312D+02
  4.187556852001D+02  4.169338443682D+02  4.150837347938D+02  4.132053552496D+02
  4.112987494123D+02  4.093640234494D+02  4.074013456243D+02  4.054109599326D+02
  4.033931806054D+02  4.013483997199D+02  3.992770750809D+02  3.971797310253D+02
  3.950569397672D+02  3.929093163921D+02  3.907374955366D+02  3.885421231889D+02
  3.863238318643D+02  3.840832326743D+02  3.818208924932D+02  3.795373295728D+02
  3.772329955439D+02  3.749082768297D+02  3.725634830515D+02  3.701988550920D+02
  3.678145600645D+02  3.654107055606D+02  3.629873401828D+02  3.605444725501D+02
  3.580820756538D+02  3.556001086679D+02  3.530985230547D+02  3.505772850684D+02
  3.480363815232D+02  3.454758409790D+02  3.428957372822D+02  3.402962076882D+02
  3.376774526164D+02  3.350397493667D+02  3.323834469554D+02  3.297089745514D+02
  3.270168308084D+02  3.243075867371D+02  3.215818695938D+02  3.188403606257D+02
  3.160837743718D+02  3.133128525634D+02  3.105283406264D+02  3.077309800569D+02
  3.049214848914D+02  3.021005358291D+02  2.992687603698D+02  2.964267326182D+02
  2.935749610622D+02  2.907138977320D+02  2.878439365541D+02  2.849654335457D+02
  2.820787156212D+02  2.791841094073D+02  2.762819555041D+02  2.733726383960D+02
  2.704565966361D+02  2.675343433512D+02  2.646064623582D+02  2.616736114553D+02
  2.587365003787D+02  2.557958775030D+02  2.528524951493D+02  2.499070893611D+02
  2.469603448859D+02  2.440128810946D+02  2.410652285577D+02  2.381178303821D+02
  2.351710361193D+02  2.322251204980D+02  2.292802932080D+02  2.263367308204D+02
  2.233945963397D+02  2.204540771208D+02  2.175154066728D+02  2.145789012900D+02
  2.116449773930D+02  2.087141810295D+02  2.057871959078D+02  2.028648619367D+02
  1.999481711554D+02  1.970382734622D+02  1.941364595669D+02  1.912441539215D+02
  1.883628854330D+02  1.854942691527D+02  1.826399670016D+02  1.798016611352D+02
  1.769810083130D+02  1.741796092659D+02  1.713989618342D+02  1.686404323738D+02
  1.659052147704D+02  1.631943122208D+02  1.605085117662D+02  1.578483872441D+02
  1.552143006769D+02  1.526064369127D+02  1.500248392139D+02  1.474694764122D+02
  1.449403032251D+02  1.424373372822D+02  1.399607083974D+02  1.375107013662D+02
  1.350877515995D+02  1.326924250251D+02  1.303253554684D+02  1.279871839827D+02
  1.256784809764D+02  1.233996958128D+02  1.211511085741D+02  1.189328193845D+02
  1.167447409427D+02  1.145866231082D+02  1.124580717527D+02  1.103585899580D+02
  1.082876047243D+02  1.062445090591D+02  1.042286845341D+02  1.022395359980D+02
  1.002765048899D+02  9.833909396283D+01  9.642687061847D+01  9.453948211495D+01
  9.267665025618D+01  9.083817897132D+01  8.902394250122D+01  8.723388762424D+01
  8.546801762180D+01  8.372639135523D+01  8.200910507933D+01  8.031629026224D+01
  7.864809493612D+01  7.700468173004D+01  7.538621000416D+01  7.379283511977D+01
  7.222469216959D+01  7.068189710047D+01  6.916453247931D+01  6.767265075587D+01
  6.620626222744D+01  6.476534050793D+01  6.334981268934D+01  6.195956697039D+01
  6.059444494081D+01  5.925425127245D+01  5.793874799358D+01  5.664766603714D+01
  5.538070116829D+01  5.413752684315D+01  5.291779095669D+01  5.172112884582D+01
  5.054715937952D+01  4.939549643353D+01  4.826574267692D+01  4.715749816687D+01
  4.607035104897D+01  4.500388339493D+01  4.395765888029D+01  4.293122783126D+01
  4.192411337871D+01
N_07 POTENTIAL                      exc: Vosko,Wilk,Nusair      
  1.63952924  6.17500000  1.64793099
   7.00000
   1.91467   1.0890118082   0.9652352290
353
 0.25000000D-01 0.28864751D-03
 2 1
    0  -2.69998930000D+01
    0  -4.29582100000D-01
  2.633453902922D+01  2.633490136163D+01  2.633527241533D+01  2.633567792263D+01
  2.633609841438D+01  2.633653186980D+01  2.633697690678D+01  2.633743409996D+01
  2.633790281713D+01  2.633838393036D+01  2.633887695222D+01  2.633938283710D+01
  2.633990115080D+01  2.634043288596D+01  2.634097763844D+01  2.634153642622D+01
  2.634210886767D+01  2.634269600160D+01  2.634329746618D+01  2.634391431938D+01
  2.634454621829D+01  2.634519423965D+01  2.634585805930D+01  2.634653877286D+01
  2.634723607526D+01  2.634795108139D+01  2.634868350572D+01  2.634943448302D+01
  2.635020374794D+01  2.635099245577D+01  2.635180036205D+01  2.635262864336D+01
  2.635347707689D+01  2.635434686129D+01  2.635523779627D+01  2.635615110334D+01
  2.635708660557D+01  2.635804554826D+01  2.635902777884D+01  2.636003457239D+01
  2.636106618059D+01  2.636212350749D+01  2.636320645178D+01  2.636431633576D+01
  2.636545308503D+01  2.636661804930D+01  2.636781118208D+01  2.636903386142D+01
  2.637028606971D+01  2.637156921436D+01  2.637288330756D+01  2.637422978706D+01
  2.637560869587D+01  2.637702150302D+01  2.637846828329D+01  2.637995053796D+01
  2.638146837455D+01  2.638302332754D+01  2.638461553809D+01  2.638624657481D+01
  2.638791661344D+01  2.638962725759D+01  2.639137871843D+01  2.639317263543D+01
  2.639500925603D+01  2.639689025635D+01  2.639881592086D+01  2.640078796308D+01
  2.640280670519D+01  2.640487389876D+01  2.640698990433D+01  2.640915651205D+01
  2.641137412132D+01  2.641364456137D+01  2.641596827085D+01  2.641834711838D+01
  2.642078158211D+01  2.642327357023D+01  2.642582360052D+01  2.642843362074D+01
  2.643110418817D+01  2.643383729000D+01  2.643663352271D+01  2.643949491247D+01
  2.644242209444D+01  2.644541713310D+01  2.644848070148D+01  2.645161490140D+01
  2.645482044261D+01  2.645809946300D+01  2.646145270757D+01  2.646488234856D+01
  2.646838916438D+01  2.647197535953D+01  2.647564174348D+01  2.647939055045D+01
  2.648322261814D+01  2.648714020737D+01  2.649114418069D+01  2.649523682187D+01
  2.649941901429D+01  2.650369306030D+01  2.650805985941D+01  2.651252172748D+01
  2.651707957469D+01  2.652173572449D+01  2.652649109142D+01  2.653134799974D+01
  2.653630736104D+01  2.654137149263D+01  2.654654129482D+01  2.655181906908D+01
  2.655720569498D+01  2.656270344807D+01  2.656831317644D+01  2.657403711826D+01
  2.657987607807D+01  2.658583224379D+01  2.659190636271D+01  2.659810055808D+01
  2.660441550461D+01  2.661085324470D+01  2.661741436337D+01  2.662410080402D+01
  2.663091304290D+01  2.663785290428D+01  2.664492073438D+01  2.665211821596D+01
  2.665944554163D+01  2.666690422781D+01  2.667449428743D+01  2.668221704318D+01
  2.669007229946D+01  2.669806115499D+01  2.670618317398D+01  2.671443919788D+01
  2.672282851583D+01  2.673135167555D+01  2.674000765291D+01  2.674879666194D+01
  2.675771732343D+01  2.676676947410D+01  2.677595133414D+01  2.678526231534D+01
  2.679470018771D+01  2.680426388651D+01  2.681395067770D+01  2.682375896398D+01
  2.683368544905D+01  2.684372794246D+01  2.685388252276D+01  2.686414634109D+01
  2.687451478312D+01  2.688498427140D+01  2.689554942605D+01  2.690620586583D+01
  2.691694736756D+01  2.692776866587D+01  2.693866261135D+01  2.694962296902D+01
  2.696064157515D+01  2.697171113446D+01  2.698282237564D+01  2.699396684734D+01
  2.700513407245D+01  2.701631434282D+01  2.702749587242D+01  2.703866759094D+01
  2.704981629585D+01  2.706092944497D+01  2.707199230757D+01  2.708299075611D+01
  2.709390841652D+01  2.710472945922D+01  2.711543574885D+01  2.712600963481D+01
  2.713643110068D+01  2.714668055456D+01  2.715673597846D+01  2.716657571882D+01
  2.717617563622D+01  2.718551189647D+01  2.719455812112D+01  2.720328817952D+01
  2.721167334068D+01  2.721968506687D+01  2.722729216732D+01  2.723446359405D+01
  2.724116559810D+01  2.724736452824D+01  2.725302399045D+01  2.725810765037D+01
  2.726257639688D+01  2.726639114908D+01  2.726951002490D+01  2.727189115368D+01
  2.727348985077D+01  2.727426143663D+01  2.727415841868D+01  2.727313331803D+01
  2.727113585964D+01  2.726811580794D+01  2.726402016650D+01  2.725879602388D+01
  2.725238776397D+01  2.724473992335D+01  2.723579441372D+01  2.722549339196D+01
  2.721377649597D+01  2.720058372871D+01  2.718585270871D+01  2.716952156935D+01
  2.715152622512D+01  2.713180328730D+01  2.711028734712D+01  2.708691390867D+01
  2.706161668984D+01  2.703433057329D+01  2.700498892572D+01  2.697352656740D+01
  2.693987711003D+01  2.690397594492D+01  2.686575759944D+01  2.682515874343D+01
  2.678211556362D+01  2.673656678753D+01  2.668845107461D+01  2.663771005618D+01
  2.658428574151D+01  2.652812357160D+01  2.646916983772D+01  2.640737474597D+01
  2.634268984499D+01  2.627507109754D+01  2.620447631302D+01  2.613086822147D+01
  2.605421190568D+01  2.597447787194D+01  2.589163947568D+01  2.580567598228D+01
  2.571656997914D+01  2.562431041907D+01  2.552889001077D+01  2.543030823633D+01
  2.532856871130D+01  2.522368216707D+01  2.511566377101D+01  2.500453606386D+01
  2.489032622984D+01  2.477306897877D+01  2.465280375575D+01  2.452957755742D+01
  2.440344207131D+01  2.427445641566D+01  2.414268419739D+01  2.400819616668D+01
  2.387106718432D+01  2.373137878155D+01  2.358921602865D+01  2.344466999261D+01
  2.329783450035D+01  2.314880848865D+01  2.299769265777D+01  2.284459171074D+01
  2.268961089622D+01  2.253285813785D+01  2.237444046934D+01  2.221446605942D+01
  2.205304054782D+01  2.189026897823D+01  2.172625205169D+01  2.156108798950D+01
  2.139486873226D+01  2.122768176849D+01  2.105960632436D+01  2.089071521406D+01
  2.072107108967D+01  2.055072839828D+01  2.037972979527D+01  2.020810833250D+01
  2.003588418219D+01  1.986306722787D+01  1.968965429474D+01  1.951563236072D+01
  1.934097652552D+01  1.916565407715D+01  1.898962342023D+01  1.881283917761D+01
  1.863525218323D+01  1.845681561010D+01  1.827748586171D+01  1.809722936397D+01
  1.791602376916D+01  1.773386459806D+01  1.755076574471D+01  1.736676482881D+01
  1.718192184312D+01  1.699632217931D+01  1.681007265057D+01  1.662330182170D+01
  1.643615351629D+01  1.624878505022D+01  1.606135924783D+01  1.587404189953D+01
  1.568699373648D+01  1.550036851743D+01  1.531430617504D+01  1.512893245290D+01
  1.494435380685D+01  1.476065884355D+01  1.457791494074D+01  1.439617123007D+01
  1.421545653076D+01  1.403578339138D+01  1.385714682816D+01  1.367952893522D+01
  1.350289798223D+01  1.332721320770D+01  1.315242395570D+01  1.297847439540D+01
  1.280530249833D+01  1.263284453614D+01  1.246103379295D+01  1.228980477057D+01
  1.211909159234D+01  1.194883189363D+01  1.177896491126D+01  1.160943506498D+01
  1.144018974685D+01  1.127118261407D+01  1.110237110248D+01  1.093371945698D+01
  1.076519599635D+01  1.059677590827D+01  1.042843829134D+01  1.026016873858D+01
  1.009195617807D+01  9.923795263109D+00  9.755683025768D+00  9.587621083573D+00
  9.419612111208D+00  9.251661863662D+00  9.083775460878D+00  8.915959217073D+00
  8.748216723593D+00  8.580550466139D+00  8.412957687445D+00  8.245431772737D+00
  8.077957878362D+00  7.910514158805D+00  7.743066917371D+00  7.575571996723D+00
  7.407969514751D+00
Vac0 POTENTIAL                      exc: Vosko,Wilk,Nusair      
  2.14187055  6.17500000  2.11957662
   0.00000
   2.34253   1.0890118082   0.9652352290
353
 0.25000000D-01 0.35315022D-03
 0 1
  9.366325353266D-01  9.366007756379D-01  9.365674842672D-01  9.365577299422D-01
  9.365523127407D-01  9.365497711203D-01  9.365477670194D-01  9.365473674389D-01
  9.365469608711D-01  9.365478990102D-01  9.365487060987D-01  9.365508089980D-01
  9.365527792061D-01  9.365560769371D-01  9.365593001506D-01  9.365639322293D-01
  9.365685930497D-01  9.365747881672D-01  9.365811608950D-01  9.365892422303D-01
  9.365977038336D-01  9.366081086037D-01  9.366191644768D-01  9.366324758987D-01
  9.366467985684D-01  9.366637920620D-01  9.366822758533D-01  9.367039834794D-01
  9.367278203215D-01  9.367556198158D-01  9.367864037425D-01  9.368221412673D-01
  9.368620126185D-01  9.369081721603D-01  9.369600167624D-01  9.370199544161D-01
  9.370876764231D-01  9.371658048012D-01  9.372459848491D-01  9.372824421799D-01
  9.372520072972D-01  9.372238791147D-01  9.371965060893D-01  9.371712216612D-01
  9.371464944008D-01  9.371236755872D-01  9.371012496611D-01  9.370805820648D-01
  9.370601698960D-01  9.370413899517D-01  9.370227495372D-01  9.370056346401D-01
  9.369885608588D-01  9.369729216824D-01  9.369572395103D-01  9.369429140057D-01
  9.369284731853D-01  9.369153218297D-01  9.369019926263D-01  9.368898946284D-01
  9.368775644350D-01  9.368664146873D-01  9.368549852742D-01  9.368446918722D-01
  9.368340771648D-01  9.368245593968D-01  9.368146836319D-01  9.368058703106D-01
  9.367966665310D-01  9.367884946240D-01  9.367799034339D-01  9.367723169149D-01
  9.367642854238D-01  9.367572343200D-01  9.367497152700D-01  9.367431548553D-01
  9.367361058821D-01  9.367299959966D-01  9.367233789999D-01  9.367176834687D-01
  9.367114640788D-01  9.367061502242D-01  9.367002973432D-01  9.366953355516D-01
  9.366898209648D-01  9.366851843304D-01  9.366799823616D-01  9.366756463677D-01
  9.366707335876D-01  9.366666758304D-01  9.366620308023D-01  9.366582307529D-01
  9.366538338061D-01  9.366502726028D-01  9.366461056370D-01  9.366427658986D-01
  9.366388122106D-01  9.366356778736D-01  9.366319220038D-01  9.366289781782D-01
  9.366254057739D-01  9.366226386136D-01  9.366192363060D-01  9.366166328926D-01
  9.366133881880D-01  9.366109364265D-01  9.366078376044D-01  9.366055261285D-01
  9.366025621539D-01  9.366003802371D-01  9.365975406747D-01  9.365954781533D-01
  9.365927530910D-01  9.365908002881D-01  9.365881802670D-01  9.365863279232D-01
  9.365838038678D-01  9.365820430762D-01  9.365796062319D-01  9.365779283758D-01
  9.365755702482D-01  9.365739669398D-01  9.365716792342D-01  9.365701422576D-01
  9.365679168216D-01  9.365664380739D-01  9.365642668406D-01  9.365628382758D-01
  9.365607132055D-01  9.365593267766D-01  9.365572398001D-01  9.365558874007D-01
  9.365538303598D-01  9.365525037644D-01  9.365504683514D-01  9.365491591541D-01
  9.365471368483D-01  9.365458363984D-01  9.365438184007D-01  9.365425177336D-01
  9.365404948974D-01  9.365391846647D-01  9.365371474210D-01  9.365358178132D-01
  9.365337560918D-01  9.365323967573D-01  9.365302999025D-01  9.365288998592D-01
  9.365267565388D-01  9.365253040793D-01  9.365231021850D-01  9.365215847736D-01
  9.365193113144D-01  9.365177154754D-01  9.365153564608D-01  9.365136676566D-01
  9.365112079685D-01  9.365094104661D-01  9.365068337202D-01  9.365049104459D-01
  9.365021988387D-01  9.365001312176D-01  9.364972653593D-01  9.364950331404D-01
  9.364919918704D-01  9.364895729335D-01  9.364863331192D-01  9.364837032632D-01
  9.364802395768D-01  9.364773722859D-01  9.364736569600D-01  9.364705231475D-01
  9.364665257048D-01  9.364630934292D-01  9.364587803856D-01  9.364550145386D-01
  9.364503490754D-01  9.364462110371D-01  9.364411526389D-01  9.364365998986D-01
  9.364311039543D-01  9.364260896904D-01  9.364201070525D-01  9.364145796702D-01
  9.364080561686D-01  9.364019587883D-01  9.363948346932D-01  9.363881045867D-01
  9.363803140155D-01  9.363728819821D-01  9.363643522442D-01  9.363561419228D-01
  9.363467927963D-01  9.363377199045D-01  9.363274628368D-01  9.363174343310D-01
  9.363061715554D-01  9.362950847023D-01  9.362827082628D-01  9.362704496140D-01
  9.362568402867D-01  9.362432845452D-01  9.362283106473D-01  9.362133194155D-01
  9.361968354885D-01  9.361802558838D-01  9.361621012391D-01  9.361437643652D-01
  9.361237614762D-01  9.361034807322D-01  9.360814334571D-01  9.360590026699D-01
  9.360346942885D-01  9.360098856483D-01  9.359830766910D-01  9.359556384693D-01
  9.359260643185D-01  9.358957183459D-01  9.358630865842D-01  9.358295254629D-01
  9.357935129422D-01  9.357563969645D-01  9.357166465661D-01  9.356756003080D-01
  9.356317173619D-01  9.355863259180D-01  9.355378742435D-01  9.354876790646D-01
  9.354341765943D-01  9.353786708857D-01  9.353195848270D-01  9.352582084619D-01
  9.351929499482D-01  9.351250838430D-01  9.350530020198D-01  9.349779619157D-01
  9.348983374022D-01  9.348153669896D-01  9.347274046483D-01  9.346356679645D-01
  9.345384889065D-01  9.344370619279D-01  9.343296946718D-01  9.342175560164D-01
  9.340989267108D-01  9.339749473555D-01  9.338438689639D-01  9.337068008707D-01
  9.335619612098D-01  9.334104247443D-01  9.332503732510D-01  9.330828432634D-01
  9.329059763537D-01  9.327207667788D-01  9.325253116483D-01  9.323205584631D-01
  9.321045551581D-01  9.318781975207D-01  9.316394790943D-01  9.313892384645D-01
  9.311254090075D-01  9.308487660295D-01  9.305571763434D-01  9.302513452445D-01
  9.299290658966D-01  9.295909661265D-01  9.292347575975D-01  9.288609824019D-01
  9.284672619991D-01  9.280540435827D-01  9.276188487559D-01  9.271620196482D-01
  9.266809672974D-01  9.261759174866D-01  9.256441587991D-01  9.250857881423D-01
  9.244979584366D-01  9.238806237892D-01  9.232307867723D-01  9.225482432036D-01
  9.218298289644D-01  9.210751643359D-01  9.202809002994D-01  9.194464623719D-01
  9.185682963210D-01  9.176456114320D-01  9.166746255597D-01  9.156543077494D-01
  9.145806225323D-01  9.134522718082D-01  9.122649382764D-01  9.110170264681D-01
  9.097039051834D-01  9.083236475404D-01  9.068712722620D-01  9.053444825797D-01
  9.037379061807D-01  9.020488327684D-01  9.002714524379D-01  8.984025916485D-01
  8.964359497429D-01  8.943678330270D-01  8.921913890791D-01  8.899023385567D-01
  8.874932068536D-01  8.849590531580D-01  8.822916989014D-01  8.794854534660D-01
  8.765313387294D-01  8.734228106586D-01  8.701499790692D-01  8.667053241418D-01
  8.630779102813D-01  8.592590963311D-01  8.552367421212D-01  8.510009108258D-01
  8.465380664137D-01  8.418367661735D-01  8.368818468031D-01  8.316601045951D-01
  8.261544672960D-01  8.203496587707D-01  8.142263529948D-01  8.077668191597D-01
  8.009490531914D-01  7.937523981701D-01  7.861516475361D-01  7.781226343208D-01
  7.696362986371D-01  7.606642374713D-01  7.511727270810D-01  7.411282228878D-01
  7.304913249173D-01  7.192222145627D-01  7.072745480957D-01  6.946008136315D-01
  6.811461339233D-01  6.668535226844D-01  6.516575733108D-01  6.354895888122D-01
  6.182711278912D-01  5.999189773327D-01  5.803385213543D-01  5.594285201293D-01
  5.370742635688D-01  5.131521147008D-01  4.875224131519D-01  4.600337341838D-01
  4.305155021113D-01  3.987821894591D-01  3.646248125864D-01  3.278158531188D-01
  2.880999324088D-01
Vac0 POTENTIAL                      exc: Vosko,Wilk,Nusair      
  1.63952924  6.17500000  1.64793099
   0.00000
   1.91467   1.0890118082   0.9652352290
353
 0.25000000D-01 0.28864751D-03
 0 1
  7.168284024204D-01  7.167823533830D-01  7.167346828556D-01  7.167202267673D-01
  7.167122174796D-01  7.167074287878D-01  7.167036726006D-01  7.167013061333D-01
  7.166991583308D-01  7.166979793751D-01  7.166967809852D-01  7.166964100383D-01
  7.166959346662D-01  7.166962373833D-01  7.166964105601D-01  7.166973544049D-01
  7.166981750969D-01  7.166997843186D-01  7.167012984320D-01  7.167036386596D-01
  7.167059307223D-01  7.167091054286D-01  7.167122985637D-01  7.167164517634D-01
  7.167207126610D-01  7.167260360112D-01  7.167315841273D-01  7.167383282753D-01
  7.167454494282D-01  7.167539400620D-01  7.167630053059D-01  7.167736652087D-01
  7.167851564697D-01  7.167985353362D-01  7.168130800332D-01  7.168298945692D-01
  7.168483117156D-01  7.168694732042D-01  7.168907578003D-01  7.168991226768D-01
  7.168890245310D-01  7.168798966695D-01  7.168708015947D-01  7.168626054954D-01
  7.168543774300D-01  7.168469894072D-01  7.168395156699D-01  7.168328328429D-01
  7.168260193081D-01  7.168199554001D-01  7.168137228276D-01  7.168082049374D-01
  7.168024861415D-01  7.167974522359D-01  7.167921898640D-01  7.167875868354D-01
  7.167827316304D-01  7.167785137309D-01  7.167740231452D-01  7.167701507549D-01
  7.167659878444D-01  7.167624264685D-01  7.167585589915D-01  7.167552784590D-01
  7.167516781464D-01  7.167486519418D-01  7.167452939014D-01  7.167424986290D-01
  7.167393608441D-01  7.167367757708D-01  7.167338386991D-01  7.167314453842D-01
  7.167286916090D-01  7.167264735876D-01  7.167238875330D-01  7.167218300555D-01
  7.167193977385D-01  7.167174875426D-01  7.167151963745D-01  7.167134214989D-01
  7.167112601040D-01  7.167096097204D-01  7.167075677877D-01  7.167060320683D-01
  7.167041002196D-01  7.167026702104D-01  7.167008398904D-01  7.166995074088D-01
  7.166977707858D-01  7.166965283292D-01  7.166948782096D-01  7.166937188774D-01
  7.166921486333D-01  7.166910660519D-01  7.166895695526D-01  7.166885578172D-01
  7.166871293694D-01  7.166861829888D-01  7.166848172876D-01  7.166839311306D-01
  7.166826232101D-01  7.166817924647D-01  7.166805376553D-01  7.166797577854D-01
  7.166785516761D-01  7.166778183855D-01  7.166766567869D-01  7.166759659850D-01
  7.166748448963D-01  7.166741926650D-01  7.166731082433D-01  7.166724908075D-01
  7.166714393379D-01  7.166708530363D-01  7.166698309050D-01  7.166692721629D-01
  7.166682758274D-01  7.166677411295D-01  7.166667670952D-01  7.166662529601D-01
  7.166652977509D-01  7.166648007022D-01  7.166638608363D-01  7.166633773795D-01
  7.166624493419D-01  7.166619759351D-01  7.166610561505D-01  7.166605891776D-01
  7.166596739822D-01  7.166592097241D-01  7.166582953363D-01  7.166578299412D-01
  7.166569124308D-01  7.166564418824D-01  7.166555171382D-01  7.166550372217D-01
  7.166541009171D-01  7.166536071845D-01  7.166526547400D-01  7.166521424705D-01
  7.166511690141D-01  7.166506331738D-01  7.166496334977D-01  7.166490686938D-01
  7.166480372084D-01  7.166474376411D-01  7.166463683234D-01  7.166457277329D-01
  7.166446140714D-01  7.166439256798D-01  7.166427606145D-01  7.166420170625D-01
  7.166407929179D-01  7.166399861957D-01  7.166386946088D-01  7.166378159801D-01
  7.166364478202D-01  7.166354877384D-01  7.166340330197D-01  7.166329810359D-01
  7.166314288213D-01  7.166302734835D-01  7.166286117782D-01  7.166273405197D-01
  7.166255561545D-01  7.166241551712D-01  7.166222336733D-01  7.166206877884D-01
  7.166186132399D-01  7.166169057550D-01  7.166146606356D-01  7.166127731655D-01
  7.166103381797D-01  7.166082504712D-01  7.166056043579D-01  7.166032940887D-01
  7.166004134097D-01  7.165978559677D-01  7.165947148754D-01  7.165918831137D-01
  7.165884530944D-01  7.165853170611D-01  7.165815666505D-01  7.165780932909D-01
  7.165739877613D-01  7.165701405878D-01  7.165656416010D-01  7.165613803297D-01
  7.165564455550D-01  7.165517257026D-01  7.165463083937D-01  7.165410808339D-01
  7.165351293616D-01  7.165293398334D-01  7.165227971693D-01  7.165163857347D-01
  7.165091888811D-01  7.165020893248D-01  7.164941686836D-01  7.164863078508D-01
  7.164775865272D-01  7.164688835906D-01  7.164592766225D-01  7.164496422727D-01
  7.164390557799D-01  7.164283913307D-01  7.164167215739D-01  7.164049179729D-01
  7.163920503135D-01  7.163789870491D-01  7.163647948002D-01  7.163503386926D-01
  7.163346818479D-01  7.163186857135D-01  7.163014095430D-01  7.162837107172D-01
  7.162646442142D-01  7.162450629191D-01  7.162240170832D-01  7.162023546224D-01
  7.161791205624D-01  7.161551573252D-01  7.161295041600D-01  7.161029974153D-01
  7.160746699543D-01  7.160453514109D-01  7.160140675881D-01  7.159816406970D-01
  7.159470887350D-01  7.159112257062D-01  7.158730609785D-01  7.158333994824D-01
  7.157912410443D-01  7.157473805626D-01  7.157008073143D-01  7.156523051050D-01
  7.156008515468D-01  7.155472181799D-01  7.154903697177D-01  7.154310641373D-01
  7.153682518882D-01  7.153026759485D-01  7.152332709939D-01  7.151607634145D-01
  7.150840704404D-01  7.150039001158D-01  7.149191503752D-01  7.148305089701D-01
  7.147368524919D-01  7.146388462451D-01  7.145353432101D-01  7.144269838586D-01
  7.143125950497D-01  7.141927897798D-01  7.140663660053D-01  7.139339063208D-01
  7.137941766990D-01  7.136477260893D-01  7.134932850666D-01  7.133313653404D-01
  7.131606583031D-01  7.129816344393D-01  7.127929417618D-01  7.125950051106D-01
  7.123864244637D-01  7.121675741127D-01  7.119370008342D-01  7.116950229288D-01
  7.114401282362D-01  7.111725730212D-01  7.108907798155D-01  7.105949361325D-01
  7.102833921151D-01  7.099562590587D-01  7.096118068425D-01  7.092500622381D-01
  7.088692060973D-01  7.084691714204D-01  7.080480402710D-01  7.076056415747D-01
  7.071399477267D-01  7.066506720864D-01  7.061356652399D-01  7.055945121514D-01
  7.050249280368D-01  7.044263551262D-01  7.037963580976D-01  7.031342204000D-01
  7.024373391876D-01  7.017048211430D-01  7.009338768444D-01  7.001234160182D-01
  6.992704412604D-01  6.983736426369D-01  6.974297906647D-01  6.964373301637D-01
  6.953927723893D-01  6.942942880210D-01  6.931380983157D-01  6.919220670981D-01
  6.906420907810D-01  6.892956891938D-01  6.878783942856D-01  6.863873395966D-01
  6.848176474218D-01  6.831660166879D-01  6.814271083095D-01  6.795971311831D-01
  6.776702254085D-01  6.756420460478D-01  6.735061438106D-01  6.712575461450D-01
  6.688891348937D-01  6.663952241801D-01  6.637679344253D-01  6.610007663636D-01
  6.580849706627D-01  6.550131172355D-01  6.517754595171D-01  6.483634980312D-01
  6.447663381363D-01  6.409742465342D-01  6.369750009914D-01  6.327574381320D-01
  6.283077932466D-01  6.236132372689D-01  6.186582042787D-01  6.134279149909D-01
  6.079046889094D-01  6.020714509222D-01  5.959080242237D-01  5.893946156615D-01
  5.825080844594D-01  5.752254007328D-01  5.675198836444D-01  5.593646259134D-01
  5.507286932200D-01  5.415805054747D-01  5.318839869387D-01  5.216018923594D-01
  5.106918942465D-01  4.991098385628D-01  4.868057517060D-01  4.737270061382D-01
  4.598142247352D-01  4.450043305475D-01  4.292263236606D-01  4.124041776584D-01
  3.944524496686D-01  3.752791717375D-01  3.547806207020D-01  3.328448279574D-01
  3.093455499260D-01
