In49 POTENTIAL                      exc: Vosko,Wilk,Nusair      
  2.25914357  6.50000000  2.23392349
  49.00000
   2.46891   0.8856775877   0.8856506684
353
 0.25000000D-01 0.37220196D-03
 9 1
    0  -1.96656160000D+03
    0  -2.87428550000D+02
    0  -5.37136240000D+01
    0  -7.39818510000D+00
    1  -2.68528840000D+02
    1  -4.59639090000D+01
    1  -4.86454470000D+00
    2  -3.15522220000D+01
    2  -7.38539920000D-01
  4.725879641142D+02  4.726143297578D+02  4.726412979137D+02  4.726688749900D+02
  4.726970696749D+02  4.727258958441D+02  4.727553631268D+02  4.727854855209D+02
  4.728162728978D+02  4.728477394081D+02  4.728798950981D+02  4.729127542390D+02
  4.729463270039D+02  4.729806277477D+02  4.730156667215D+02  4.730514583199D+02
  4.730880128196D+02  4.731253446018D+02  4.731634639097D+02  4.732023850508D+02
  4.732421181675D+02  4.732826774239D+02  4.733240727860D+02  4.733663181951D+02
  4.734094233550D+02  4.734534018942D+02  4.734982631579D+02  4.735440203602D+02
  4.735906823791D+02  4.736382619000D+02  4.736867672121D+02  4.737362103438D+02
  4.737865988597D+02  4.738379439878D+02  4.738902524166D+02  4.739435344137D+02
  4.739977956229D+02  4.740530451741D+02  4.741092874789D+02  4.741665303326D+02
  4.742247767158D+02  4.742840328627D+02  4.743443000769D+02  4.744055828087D+02
  4.744678804410D+02  4.745311953666D+02  4.745955247701D+02  4.746608686963D+02
  4.747272218271D+02  4.747945815408D+02  4.748629396830D+02  4.749322906173D+02
  4.750026229895D+02  4.750739277683D+02  4.751461900029D+02  4.752193968539D+02
  4.752935293432D+02  4.753685703743D+02  4.754444964744D+02  4.755212858041D+02
  4.755989098906D+02  4.756773416267D+02  4.757565469947D+02  4.758364930545D+02
  4.759171396576D+02  4.759984474234D+02  4.760803694445D+02  4.761628592502D+02
  4.762458625022D+02  4.763293249462D+02  4.764131840974D+02  4.764973771806D+02
  4.765818328047D+02  4.766664788922D+02  4.767512343428D+02  4.768360169520D+02
  4.769207350647D+02  4.770052954831D+02  4.770895951113D+02  4.771735288526D+02
  4.772569812461D+02  4.773398343545D+02  4.774219593938D+02  4.775032246130D+02
  4.775834869176D+02  4.776625997439D+02  4.777404046772D+02  4.778167393228D+02
  4.778914289218D+02  4.779642942204D+02  4.780351430866D+02  4.781037783801D+02
  4.781699895732D+02  4.782335606255D+02  4.782942616118D+02  4.783518566058D+02
  4.784060953196D+02  4.784567210010D+02  4.785034620892D+02  4.785460401310D+02
  4.785841614585D+02  4.786175251304D+02  4.786458146377D+02  4.786687058760D+02
  4.786858588874D+02  4.786969258708D+02  4.787015429669D+02  4.786993383150D+02
  4.786899238892D+02  4.786729036111D+02  4.786478652450D+02  4.786143885755D+02
  4.785720373723D+02  4.785203676410D+02  4.784589196676D+02  4.783872263526D+02
  4.783048053444D+02  4.782111674671D+02  4.781058089524D+02  4.779882199703D+02
  4.778578769691D+02  4.777142513184D+02  4.775568017656D+02  4.773849831987D+02
  4.771982392272D+02  4.769960110714D+02  4.767777302731D+02  4.765428277162D+02
  4.762907264703D+02  4.760208509442D+02  4.757326198632D+02  4.754254555547D+02
  4.750987770542D+02  4.747520095177D+02  4.743845774494D+02  4.739959142294D+02
  4.735854554495D+02  4.731526485398D+02  4.726969461928D+02  4.722178160654D+02
  4.717147342645D+02  4.711871950935D+02  4.706347045637D+02  4.700567901464D+02
  4.694529942672D+02  4.688228840149D+02  4.681660445655D+02  4.674820887916D+02
  4.667706505546D+02  4.660313941475D+02  4.652640073854D+02  4.644682108078D+02
  4.636437504890D+02  4.627904069189D+02  4.619079874501D+02  4.609963347728D+02
  4.600553189119D+02  4.590848452105D+02  4.580848457954D+02  4.570552869880D+02
  4.559961601641D+02  4.549074885271D+02  4.537893173028D+02  4.526417198391D+02
  4.514647871084D+02  4.502586331187D+02  4.490233837553D+02  4.477591815553D+02
  4.464661739680D+02  4.451445176222D+02  4.437943661774D+02  4.424158743089D+02
  4.410091854327D+02  4.395744357535D+02  4.381117422743D+02  4.366212073837D+02
  4.351029076934D+02  4.335568997683D+02  4.319832104433D+02  4.303818443778D+02
  4.287527765399D+02  4.270959622453D+02  4.254113323929D+02  4.236988064467D+02
  4.219582906938D+02  4.201896941842D+02  4.183929297086D+02  4.165679320169D+02
  4.147146604184D+02  4.128331177526D+02  4.109233526792D+02  4.089854771306D+02
  4.070196658002D+02  4.050261695302D+02  4.030053095957D+02  4.009574849856D+02
  3.988831600174D+02  3.967828648007D+02  3.946571763458D+02  3.925067132907D+02
  3.903321124506D+02  3.881340204879D+02  3.859130691114D+02  3.836698671727D+02
  3.814049780096D+02  3.791189152230D+02  3.768121249665D+02  3.744849876039D+02
  3.721378064511D+02  3.697708161027D+02  3.673841777259D+02  3.649779935339D+02
  3.625523075862D+02  3.601071249459D+02  3.576424162175D+02  3.551581394162D+02
  3.526542461594D+02  3.501307041321D+02  3.475875028463D+02  3.450246746984D+02
  3.424422984166D+02  3.398405169780D+02  3.372195372031D+02  3.345796432093D+02
  3.319211910406D+02  3.292446168080D+02  3.265504257981D+02  3.238391950484D+02
  3.211115570289D+02  3.183681971283D+02  3.156098328075D+02  3.128372073235D+02
  3.100510661930D+02  3.072521495254D+02  3.044411686113D+02  3.016188001802D+02
  2.987856668467D+02  2.959423372445D+02  2.930893142917D+02  2.902270448218D+02
  2.873559185080D+02  2.844762885226D+02  2.815884807947D+02  2.786928230436D+02
  2.757896591211D+02  2.728793786698D+02  2.699624268732D+02  2.670393242192D+02
  2.641106618031D+02  2.611771036878D+02  2.582393640902D+02  2.552981934387D+02
  2.523543434006D+02  2.494085466310D+02  2.464614821196D+02  2.435137616650D+02
  2.405659072611D+02  2.376183532550D+02  2.346714411471D+02  2.317254390574D+02
  2.287805521823D+02  2.258369551393D+02  2.228948118358D+02  2.199543134402D+02
  2.170157001445D+02  2.140792975255D+02  2.111455335619D+02  2.082149676335D+02
  2.052882980484D+02  2.023663799499D+02  1.994502206588D+02  1.965409847306D+02
  1.936399763276D+02  1.907486315232D+02  1.878684885162D+02  1.850011688109D+02
  1.821483375931D+02  1.793116767674D+02  1.764928391926D+02  1.736934179717D+02
  1.709148997475D+02  1.681586363715D+02  1.654258044694D+02  1.627173879360D+02
  1.600341535210D+02  1.573766550181D+02  1.547452361870D+02  1.521400669613D+02
  1.495611805905D+02  1.470085418927D+02  1.444821080263D+02  1.419819048916D+02
  1.395080747463D+02  1.370609163603D+02  1.346408776803D+02  1.322485329663D+02
  1.298845183860D+02  1.275494707265D+02  1.252439501896D+02  1.229683914651D+02
  1.207230574633D+02  1.185080305194D+02  1.163232065803D+02  1.141683209216D+02
  1.120429677439D+02  1.099466416350D+02  1.078787643051D+02  1.058387264094D+02
  1.038259097810D+02  1.018397216756D+02  9.987960767364D+01  9.794507593272D+01
  9.603570016481D+01  9.415113446362D+01  9.229110774979D+01  9.045543109411D+01
  8.864398578831D+01  8.685672544140D+01  8.509365995063D+01  8.335485456169D+01
  8.164041179032D+01  7.995046931640D+01  7.828518152108D+01  7.664471765921D+01
  7.502924423169D+01  7.343892443256D+01  7.187390213974D+01  7.033430322068D+01
  6.882022154567D+01  6.733172239827D+01  6.586883062525D+01  6.443153615860D+01
  6.301978422855D+01  6.163348286663D+01  6.027249501526D+01  5.893664782234D+01
  5.762572643950D+01  5.633948487161D+01  5.507764117385D+01  5.383988947176D+01
  5.262589602793D+01  5.143531170966D+01  5.026776798407D+01  4.912288869456D+01
  4.800028473328D+01  4.689956391289D+01  4.582032333454D+01  4.476215677748D+01
  4.372464471351D+01  4.270735983657D+01  4.170985515992D+01  4.073166940101D+01
  3.977231430371D+01
N_07 POTENTIAL                      exc: Vosko,Wilk,Nusair      
  1.72127726  6.50000000  1.73067725
   7.00000
   2.01081   0.8856775877   0.8856506684
353
 0.25000000D-01 0.30314114D-03
 2 1
    0  -2.69998930000D+01
    0  -4.29582100000D-01
  2.611904913735D+01  2.611943102485D+01  2.611982218267D+01  2.612024852652D+01
  2.612069049688D+01  2.612114592277D+01  2.612161354988D+01  2.612209383480D+01
  2.612258628259D+01  2.612309165126D+01  2.612360959285D+01  2.612414094913D+01
  2.612468542649D+01  2.612524390586D+01  2.612581612454D+01  2.612640298959D+01
  2.612700426159D+01  2.612762086918D+01  2.612825259346D+01  2.612890038302D+01
  2.612956403861D+01  2.613024452834D+01  2.613094167252D+01  2.613165645889D+01
  2.613238872760D+01  2.613313948649D+01  2.613390859608D+01  2.613469708485D+01
  2.613550483435D+01  2.613633289442D+01  2.613718116834D+01  2.613805072810D+01
  2.613894149950D+01  2.613985457747D+01  2.614078991119D+01  2.614174861940D+01
  2.614273067551D+01  2.614373722295D+01  2.614476826045D+01  2.614582496076D+01
  2.614690773203D+01  2.614801737560D+01  2.614915394337D+01  2.615031865861D+01
  2.615151160111D+01  2.615273402252D+01  2.615398603151D+01  2.615526890905D+01
  2.615658279366D+01  2.615792899664D+01  2.615930768731D+01  2.616072020828D+01
  2.616216676064D+01  2.616364871926D+01  2.616516631795D+01  2.616672096479D+01
  2.616831292727D+01  2.616994364758D+01  2.617161342779D+01  2.617332374510D+01
  2.617507493703D+01  2.617686851665D+01  2.617870485775D+01  2.618058551006D+01
  2.618251088441D+01  2.618448256794D+01  2.618650100922D+01  2.618856783344D+01
  2.619068352753D+01  2.619284975529D+01  2.619506704254D+01  2.619733709217D+01
  2.619966046924D+01  2.620203891607D+01  2.620447303725D+01  2.620696461470D+01
  2.620951429264D+01  2.621212389259D+01  2.621479409831D+01  2.621752677077D+01
  2.622032263297D+01  2.622318358487D+01  2.622611038821D+01  2.622910498129D+01
  2.623216816375D+01  2.623530191127D+01  2.623850706028D+01  2.624178562255D+01
  2.624513846980D+01  2.624856764824D+01  2.625207406302D+01  2.625565979269D+01
  2.625932577351D+01  2.626307411381D+01  2.626690577815D+01  2.627082290154D+01
  2.627482647348D+01  2.627891865197D+01  2.628310044743D+01  2.628737403656D+01
  2.629174044599D+01  2.629620186602D+01  2.630075933405D+01  2.630541504809D+01
  2.631017005000D+01  2.631502653872D+01  2.631998555331D+01  2.632504928586D+01
  2.633021876430D+01  2.633549616503D+01  2.634088249539D+01  2.634637990600D+01
  2.635198937291D+01  2.635771300955D+01  2.636355174856D+01  2.636950765333D+01
  2.637558159945D+01  2.638177558585D+01  2.638809041577D+01  2.639452800751D+01
  2.640108907484D+01  2.640777543734D+01  2.641458770026D+01  2.642152756431D+01
  2.642859550502D+01  2.643579308186D+01  2.644312061706D+01  2.645057950409D+01
  2.645816988582D+01  2.646589296232D+01  2.647374866834D+01  2.648173798033D+01
  2.648986059321D+01  2.649811722661D+01  2.650650730080D+01  2.651503124210D+01
  2.652368815795D+01  2.653247814146D+01  2.654139994551D+01  2.655045328637D+01
  2.655963651682D+01  2.656894892880D+01  2.657838842543D+01  2.658795382266D+01
  2.659764252021D+01  2.660745280205D+01  2.661738150628D+01  2.662742632436D+01
  2.663758346990D+01  2.664784997664D+01  2.665822136599D+01  2.666869394385D+01
  2.667926246679D+01  2.668992243768D+01  2.670066777055D+01  2.671149308492D+01
  2.672239136941D+01  2.673335627472D+01  2.674437977597D+01  2.675545446439D+01
  2.676657120838D+01  2.677772144397D+01  2.678889483458D+01  2.680008156033D+01
  2.681126997661D+01  2.682244890222D+01  2.683360527692D+01  2.684472644852D+01
  2.685579782945D+01  2.686680518300D+01  2.687773227909D+01  2.688856317980D+01
  2.689927989457D+01  2.690986466523D+01  2.692029762090D+01  2.693055906284D+01
  2.694062711929D+01  2.695048003045D+01  2.696009380373D+01  2.696944449925D+01
  2.697850588583D+01  2.698725172755D+01  2.699565344102D+01  2.700368238347D+01
  2.701130751190D+01  2.701849767336D+01  2.702521926661D+01  2.703143853528D+01
  2.703711923283D+01  2.704222491935D+01  2.704671663064D+01  2.705055517959D+01
  2.705369883022D+01  2.705610560465D+01  2.705773096314D+01  2.705853011761D+01
  2.705845571884D+01  2.705746017770D+01  2.705549336057D+01  2.705250491949D+01
  2.704844199717D+01  2.704325156717D+01  2.703687814977D+01  2.702926616356D+01
  2.702035765339D+01  2.701009465474D+01  2.699841693500D+01  2.698526437187D+01
  2.697057470931D+01  2.695428595116D+01  2.693633413289D+01  2.691665573168D+01
  2.689518545496D+01  2.687185866785D+01  2.684660919947D+01  2.681937178849D+01
  2.679007990782D+01  2.675866822869D+01  2.672507046406D+01  2.668922185139D+01
  2.665105701465D+01  2.661051246544D+01  2.656752448304D+01  2.652203163306D+01
  2.647397266438D+01  2.642328904386D+01  2.636992286837D+01  2.631381941347D+01
  2.625492505794D+01  2.619318984352D+01  2.612856540864D+01  2.606100755535D+01
  2.599047418811D+01  2.591692788319D+01  2.584033382735D+01  2.576066238412D+01
  2.567788702620D+01  2.559198689208D+01  2.550294470505D+01  2.541074931263D+01
  2.531539358426D+01  2.521687692505D+01  2.511520314331D+01  2.501038292949D+01
  2.490243168399D+01  2.479137195137D+01  2.467723119842D+01  2.456004419338D+01
  2.443985072377D+01  2.431669791005D+01  2.419063785340D+01  2.406172987311D+01
  2.393003807316D+01  2.379563349469D+01  2.365859159206D+01  2.351899429066D+01
  2.337692736443D+01  2.323248239146D+01  2.308575402615D+01  2.293684184698D+01
  2.278584751894D+01  2.263287653030D+01  2.247803524388D+01  2.232143252331D+01
  2.216317667563D+01  2.200337697218D+01  2.184214049062D+01  2.167957354205D+01
  2.151577842821D+01  2.135085479563D+01  2.118489633498D+01  2.101799209654D+01
  2.085022317481D+01  2.068166403932D+01  2.051237927154D+01  2.034242499332D+01
  2.017184575657D+01  2.000067619069D+01  1.982893818965D+01  1.965664294793D+01
  1.948378863983D+01  1.931036306216D+01  1.913634204144D+01  1.896169292584D+01
  1.878637395250D+01  1.861033878580D+01  1.843353697349D+01  1.825591955119D+01
  1.807744045447D+01  1.789806286102D+01  1.771776100250D+01  1.753652645106D+01
  1.735436932309D+01  1.717132335219D+01  1.698744528424D+01  1.680281763435D+01
  1.661754542360D+01  1.643175616292D+01  1.624559396111D+01  1.605921727624D+01
  1.587279139129D+01  1.568648525967D+01  1.550046383457D+01  1.531488547283D+01
  1.512989540137D+01  1.494562467012D+01  1.476218539935D+01  1.457967157871D+01
  1.439815608813D+01  1.421769309856D+01  1.403831646104D+01  1.386004321474D+01
  1.368287282099D+01  1.350679127123D+01  1.333177070375D+01  1.315777371068D+01
  1.298475300384D+01  1.281265565329D+01  1.264142259547D+01  1.247099264936D+01
  1.230130175743D+01  1.213228670618D+01  1.196388405526D+01  1.179603354018D+01
  1.162867668439D+01  1.146175989128D+01  1.129523275584D+01  1.112905086883D+01
  1.096317385522D+01  1.079756792062D+01  1.063220364790D+01  1.046705831768D+01
  1.030211349467D+01  1.013735715260D+01  9.972781078781D+00  9.808382829822D+00
  9.644162977962D+00  9.480126917476D+00  9.316281969021D+00  9.152639048514D+00
  8.989209636480D+00  8.826007311215D+00  8.663044579650D+00  8.500334265927D+00
  8.337886189936D+00  8.175708392976D+00  8.013803643561D+00  7.852170476859D+00
  7.690799506438D+00  7.529674317738D+00  7.368767392810D+00  7.208041072512D+00
  7.047443124783D+00
Vac0 POTENTIAL                      exc: Vosko,Wilk,Nusair      
  2.25914357  6.50000000  2.23392349
   0.00000
   2.46891   0.8856775877   0.8856506684
353
 0.25000000D-01 0.37220196D-03
 0 1
  8.331148928277D-01  8.330880424086D-01  8.330597206860D-01  8.330515546498D-01
  8.330469351111D-01  8.330449625769D-01  8.330433086137D-01  8.330432234526D-01
  8.330429972939D-01  8.330441228875D-01  8.330450064616D-01  8.330472049191D-01
  8.330491648111D-01  8.330524717764D-01  8.330555950408D-01  8.330601400480D-01
  8.330645947965D-01  8.330705836512D-01  8.330766144972D-01  8.330843332775D-01
  8.330922717705D-01  8.331021027053D-01  8.331123882298D-01  8.331248356724D-01
  8.331380468403D-01  8.331537746368D-01  8.331706733974D-01  8.331905567395D-01
  8.332121492247D-01  8.332373458936D-01  8.332649658240D-01  8.332970138772D-01
  8.333324369445D-01  8.333733887840D-01  8.334189898956D-01  8.334715966520D-01
  8.335305641163D-01  8.335984178245D-01  8.336677285409D-01  8.336978697706D-01
  8.336691510162D-01  8.336427099345D-01  8.336168754019D-01  8.335931130772D-01
  8.335697707781D-01  8.335483309763D-01  8.335271564442D-01  8.335077429866D-01
  8.334884653125D-01  8.334708299224D-01  8.334532211360D-01  8.334371541158D-01
  8.334210209957D-01  8.334063440044D-01  8.333915216838D-01  8.333780820760D-01
  8.333644290159D-01  8.333520953692D-01  8.333394893691D-01  8.333281479045D-01
  8.333164828961D-01  8.333060346134D-01  8.332952180766D-01  8.332855764122D-01
  8.332755272718D-01  8.332666162048D-01  8.332572631033D-01  8.332490155888D-01
  8.332402954671D-01  8.332326521375D-01  8.332245090555D-01  8.332174171473D-01
  8.332098012933D-01  8.332032137464D-01  8.331960806182D-01  8.331899553132D-01
  8.331832650174D-01  8.331775641381D-01  8.331712807979D-01  8.331659702830D-01
  8.331600615392D-01  8.331551106205D-01  8.331495471962D-01  8.331449279975D-01
  8.331396833296D-01  8.331353705240D-01  8.331304204467D-01  8.331263909574D-01
  8.331217134201D-01  8.331179461650D-01  8.331135209971D-01  8.331099966617D-01
  8.331058053574D-01  8.331025061981D-01  8.330985317327D-01  8.330954414041D-01
  8.330916680718D-01  8.330887714720D-01  8.330851847414D-01  8.330824678768D-01
  8.330790542610D-01  8.330765041240D-01  8.330732510677D-01  8.330708555288D-01
  8.330677513028D-01  8.330654990105D-01  8.330625326209D-01  8.330604129155D-01
  8.330575740150D-01  8.330555768447D-01  8.330528556580D-01  8.330509715052D-01
  8.330483587561D-01  8.330465785675D-01  8.330440654105D-01  8.330423805340D-01
  8.330399584932D-01  8.330383606147D-01  8.330360215235D-01  8.330345026098D-01
  8.330322385548D-01  8.330307907981D-01  8.330285940635D-01  8.330272098267D-01
  8.330250728411D-01  8.330237446050D-01  8.330216598879D-01  8.330203801982D-01
  8.330183403081D-01  8.330171017225D-01  8.330150992035D-01  8.330138942388D-01
  8.330119215661D-01  8.330107426423D-01  8.330087921675D-01  8.330076315528D-01
  8.330056954455D-01  8.330045451960D-01  8.330026153842D-01  8.330014672841D-01
  8.329995353901D-01  8.329983808839D-01  8.329964381583D-01  8.329952682840D-01
  8.329933055330D-01  8.329921108460D-01  8.329901183551D-01  8.329888888500D-01
  8.329868563006D-01  8.329855813241D-01  8.329834977053D-01  8.329821658634D-01
  8.329800193734D-01  8.329786184306D-01  8.329763963720D-01  8.329749131406D-01
  8.329726018051D-01  8.329710220245D-01  8.329686065670D-01  8.329669147727D-01
  8.329643790728D-01  8.329625584515D-01  8.329598849634D-01  8.329579171951D-01
  8.329550867807D-01  8.329529518638D-01  8.329499436110D-01  8.329476196723D-01
  8.329444106936D-01  8.329418737764D-01  8.329384389887D-01  8.329356628222D-01
  8.329319747028D-01  8.329289304458D-01  8.329249587645D-01  8.329216147240D-01
  8.329173262475D-01  8.329136475682D-01  8.329090057337D-01  8.329049540553D-01
  8.328999186105D-01  8.328954516896D-01  8.328899782956D-01  8.328850495883D-01
  8.328790893811D-01  8.328736475823D-01  8.328671466884D-01  8.328611352227D-01
  8.328540342246D-01  8.328473906848D-01  8.328396240304D-01  8.328322795565D-01
  8.328237749067D-01  8.328156535006D-01  8.328063310089D-01  8.327973487768D-01
  8.327871202930D-01  8.327771846085D-01  8.327659527993D-01  8.327549613793D-01
  8.327426187564D-01  8.327304586389D-01  8.327168864849D-01  8.327034329008D-01
  8.326885000827D-01  8.326736152077D-01  8.326571768657D-01  8.326407084420D-01
  8.326226045397D-01  8.326043843525D-01  8.325844380757D-01  8.325642802691D-01
  8.325422962553D-01  8.325199954715D-01  8.324957578537D-01  8.324710871760D-01
  8.324443574199D-01  8.324170660995D-01  8.323875806137D-01  8.323573915563D-01
  8.323248590500D-01  8.322914660387D-01  8.322555646015D-01  8.322186292262D-01
  8.321790031001D-01  8.321381513631D-01  8.320944073738D-01  8.320492259384D-01
  8.320009295501D-01  8.319509615923D-01  8.318976325470D-01  8.318423731701D-01
  8.317834806655D-01  8.317223718299D-01  8.316573291889D-01  8.315897541071D-01
  8.315179128833D-01  8.314431898218D-01  8.313638332822D-01  8.312812087081D-01
  8.311935446265D-01  8.311021856291D-01  8.310053383160D-01  8.309043242252D-01
  8.307973257140D-01  8.306856388311D-01  8.305674191292D-01  8.304439344738D-01
  8.303133107794D-01  8.301767847480D-01  8.300324495209D-01  8.298815073396D-01
  8.297220151037D-01  8.295551369453D-01  8.293788896842D-01  8.291943953057D-01
  8.289996263017D-01  8.287956580416D-01  8.285804139866D-01  8.283549179430D-01
  8.281170391350D-01  8.278677443270D-01  8.276048427404D-01  8.273292380300D-01
  8.270386730272D-01  8.267339815548D-01  8.264128329768D-01  8.260759838337D-01
  8.257210221769D-01  8.253486190047D-01  8.249562723565D-01  8.245445585259D-01
  8.241108758889D-01  8.236556958667D-01  8.231763064572D-01  8.226730629190D-01
  8.221431309700D-01  8.215867371596D-01  8.210009116946D-01  8.203857384612D-01
  8.197380974326D-01  8.190579142970D-01  8.183419023942D-01  8.175898118989D-01
  8.167981712259D-01  8.159665357092D-01  8.150912284057D-01  8.141715882005D-01
  8.132037099265D-01  8.121866918136D-01  8.111163748269D-01  8.099915893624D-01
  8.088078936871D-01  8.075638197630D-01  8.062546106503D-01  8.048784653171D-01
  8.034302748358D-01  8.019078660042D-01  8.003057361287D-01  7.986212952410D-01
  7.968485992137D-01  7.949845903052D-01  7.930228282923D-01  7.909597290080D-01
  7.887882930984D-01  7.865043421320D-01  7.841002444873D-01  7.815711485025D-01
  7.789087048723D-01  7.761072961644D-01  7.731577549405D-01  7.700535887844D-01
  7.667846931530D-01  7.633435708285D-01  7.597190382382D-01  7.559024379456D-01
  7.518813368388D-01  7.476457298961D-01  7.431817282079D-01  7.384777517696D-01
  7.335182047497D-01  7.282896544443D-01  7.227744904988D-01  7.169570863689D-01
  7.108174383027D-01  7.043373046415D-01  6.974938192157D-01  6.902656025227D-01
  6.826263427101D-01  6.745508710067D-01  6.660087015699D-01  6.569700614106D-01
  6.473993779586D-01  6.372612509958D-01  6.265138737019D-01  6.151149306553D-01
  6.030149342288D-01  5.901630283904D-01  5.765002175008D-01  5.619650503615D-01
  5.464867126828D-01  5.299905596277D-01  5.123910366139D-01  4.935970219100D-01
  4.735045336792D-01  4.520018369009D-01  4.289618937331D-01  4.042471788305D-01
  3.777018214866D-01  3.491562766300D-01  3.184185072549D-01  2.852790676713D-01
  2.495015341903D-01
Vac0 POTENTIAL                      exc: Vosko,Wilk,Nusair      
  1.72127726  6.50000000  1.73067725
   0.00000
   2.01081   0.8856775877   0.8856506684
353
 0.25000000D-01 0.30314114D-03
 0 1
  6.288067338688D-01  6.287662020700D-01  6.287242277873D-01  6.287115100613D-01
  6.287044515474D-01  6.287002423388D-01  6.286969260976D-01  6.286948473557D-01
  6.286929449799D-01  6.286919091826D-01  6.286908396067D-01  6.286905114446D-01
  6.286900738224D-01  6.286903331254D-01  6.286904596110D-01  6.286912749517D-01
  6.286919612538D-01  6.286933499245D-01  6.286946316174D-01  6.286966456317D-01
  6.286985902838D-01  6.287013126283D-01  6.287040190318D-01  6.287075651675D-01
  6.287111667396D-01  6.287156896978D-01  6.287203611939D-01  6.287260599652D-01
  6.287320275719D-01  6.287391590703D-01  6.287467145020D-01  6.287556099697D-01
  6.287651295321D-01  6.287762167168D-01  6.287881869788D-01  6.288020198282D-01
  6.288170716942D-01  6.288343501314D-01  6.288516487671D-01  6.288580108262D-01
  6.288489992647D-01  6.288408629067D-01  6.288327459857D-01  6.288254406653D-01
  6.288180970322D-01  6.288115124382D-01  6.288048415913D-01  6.287988859699D-01
  6.287928039663D-01  6.287874003662D-01  6.287818365319D-01  6.287769199281D-01
  6.287718143390D-01  6.287673294142D-01  6.287626309177D-01  6.287585303012D-01
  6.287541949660D-01  6.287504378570D-01  6.287464277369D-01  6.287429787975D-01
  6.287392609403D-01  6.287360894064D-01  6.287326350600D-01  6.287297140210D-01
  6.287264979705D-01  6.287238037791D-01  6.287208038219D-01  6.287183156118D-01
  6.287155121158D-01  6.287132113966D-01  6.287105869287D-01  6.287084572523D-01
  6.287059962830D-01  6.287040229662D-01  6.287017116021D-01  6.286998814900D-01
  6.286977072614D-01  6.286960085273D-01  6.286939602080D-01  6.286923821847D-01
  6.286904496286D-01  6.286889826608D-01  6.286871566738D-01  6.286857919954D-01
  6.286840642157D-01  6.286827938442D-01  6.286811566420D-01  6.286799732811D-01
  6.286784196734D-01  6.286773166346D-01  6.286758402095D-01  6.286748113379D-01
  6.286734061856D-01  6.286724458016D-01  6.286711064562D-01  6.286702092975D-01
  6.286689306858D-01  6.286680918564D-01  6.286668692503D-01  6.286660841783D-01
  6.286649131529D-01  6.286641775508D-01  6.286630539456D-01  6.286623637727D-01
  6.286612836590D-01  6.286606350886D-01  6.286595947352D-01  6.286589841248D-01
  6.286579799698D-01  6.286574038321D-01  6.286564324547D-01  6.286558874293D-01
  6.286549455249D-01  6.286544283543D-01  6.286535127072D-01  6.286530202127D-01
  6.286521276733D-01  6.286516567294D-01  6.286507841912D-01  6.286503317029D-01
  6.286494760773D-01  6.286490389574D-01  6.286481971516D-01  6.286477722965D-01
  6.286469411898D-01  6.286465254552D-01  6.286457018743D-01  6.286452920514D-01
  6.286444727461D-01  6.286440655364D-01  6.286432471526D-01  6.286428391408D-01
  6.286420181949D-01  6.286416058208D-01  6.286407786693D-01  6.286403581989D-01
  6.286395210089D-01  6.286390885019D-01  6.286382372175D-01  6.286377884941D-01
  6.286369188015D-01  6.286364494049D-01  6.286355566948D-01  6.286350618520D-01
  6.286341411777D-01  6.286336157568D-01  6.286326617892D-01  6.286321002521D-01
  6.286311072311D-01  6.286305035825D-01  6.286294652634D-01  6.286288129946D-01
  6.286277225898D-01  6.286270146179D-01  6.286258647324D-01  6.286250933327D-01
  6.286238758936D-01  6.286230326259D-01  6.286217388053D-01  6.286208144327D-01
  6.286194345622D-01  6.286184189614D-01  6.286169424386D-01  6.286158245020D-01
  6.286142396868D-01  6.286130072137D-01  6.286113013149D-01  6.286099408920D-01
  6.286080998414D-01  6.286065967112D-01  6.286046050254D-01  6.286029429402D-01
  6.286007835673D-01  6.285989446293D-01  6.285965987810D-01  6.285945632644D-01
  6.285920102291D-01  6.285897563850D-01  6.285869733224D-01  6.285844771627D-01
  6.285814388768D-01  6.285786739352D-01  6.285753526237D-01  6.285722896924D-01
  6.285686546694D-01  6.285652615079D-01  6.285612788979D-01  6.285575199112D-01
  6.285531523112D-01  6.285489881948D-01  6.285441943003D-01  6.285395816472D-01
  6.285343158399D-01  6.285292067064D-01  6.285234185980D-01  6.285177600246D-01
  6.285113939522D-01  6.285051274338D-01  6.284981219035D-01  6.284911828033D-01
  6.284834698739D-01  6.284757867766D-01  6.284672913796D-01  6.284587853758D-01
  6.284494245634D-01  6.284400084589D-01  6.284296905722D-01  6.284192680142D-01
  6.284078917652D-01  6.283963562764D-01  6.283838097317D-01  6.283710436423D-01
  6.283572031007D-01  6.283430763683D-01  6.283278051200D-01  6.283121740244D-01
  6.282953209789D-01  6.282780266803D-01  6.282594248497D-01  6.282402917931D-01
  6.282197566154D-01  6.281985907686D-01  6.281759182537D-01  6.281525051570D-01
  6.281274698374D-01  6.281015724490D-01  6.280739251129D-01  6.280452814251D-01
  6.280147466107D-01  6.279830670149D-01  6.279493402387D-01  6.279143046109D-01
  6.278770493029D-01  6.278383037804D-01  6.277971478944D-01  6.277543013106D-01
  6.277088335747D-01  6.276614535162D-01  6.276112192852D-01  6.275588277290D-01
  6.275033243965D-01  6.274453928841D-01  6.273840648054D-01  6.273200091026D-01
  6.272522419774D-01  6.271814161648D-01  6.271065308207D-01  6.270282207535D-01
  6.269454662645D-01  6.268588823326D-01  6.267674284019D-01  6.266716975147D-01
  6.265706260401D-01  6.264647827505D-01  6.263530784841D-01  6.262360551583D-01
  6.261125953596D-01  6.259832112864D-01  6.258467542587D-01  6.257037035818D-01
  6.255528759670D-01  6.253947143081D-01  6.252279970024D-01  6.250531266299D-01
  6.248688391635D-01  6.246754925405D-01  6.244717757493D-01  6.242579972797D-01
  6.240327940726D-01  6.237964198357D-01  6.235474538396D-01  6.232860890829D-01
  6.230108409174D-01  6.227218350449D-01  6.224175159505D-01  6.220979347108D-01
  6.217614572135D-01  6.214080517537D-01  6.210359970129D-01  6.206451694181D-01
  6.202337508506D-01  6.198015157379D-01  6.193465384586D-01  6.188684801332D-01
  6.183652956859D-01  6.178365202950D-01  6.172799760682D-01  6.166950581066D-01
  6.160794407414D-01  6.154323631604D-01  6.147513351463D-01  6.140354222040D-01
  6.132819507317D-01  6.124897925775D-01  6.116560695623D-01  6.107794373821D-01
  6.098567893868D-01  6.088865397293D-01  6.078653262874D-01  6.067912929420D-01
  6.056607915085D-01  6.044716630019D-01  6.032199384189D-01  6.019031188202D-01
  6.005168747696D-01  5.990583250298D-01  5.975227344245D-01  5.959067908987D-01
  5.942053015203D-01  5.924144675985D-01  5.905285784783D-01  5.885432843414D-01
  5.864522873650D-01  5.842506117401D-01  5.819312916650D-01  5.794886380020D-01
  5.769149224459D-01  5.742036400952D-01  5.713461889702D-01  5.683351275893D-01
  5.651608487992D-01  5.618148312088D-01  5.582863060210D-01  5.545655008697D-01
  5.506402979939D-01  5.464994686259D-01  5.421293203941D-01  5.375169199009D-01
  5.326467266524D-01  5.275038007979D-01  5.220704201257D-01  5.163292690682D-01
  5.102600343087D-01  5.038425700289D-01  4.970534663729D-01  4.898691844344D-01
  4.822625901279D-01  4.742060504737D-01  4.656679232014D-01  4.566156033508D-01
  4.470119560192D-01  4.368182989762D-01  4.259907621511D-01  4.144831876699D-01
  4.022433947621D-01  3.892159725121D-01  3.753384251796D-01  3.605438223069D-01
  3.447567859230D-01  3.278961013111D-01  3.098700214061D-01  2.905792987795D-01
  2.699118248294D-01
