In49 POTENTIAL                      exc: Vosko,Wilk,Nusair      
  2.37798540  6.82500000  2.34921590
  49.00000
   2.59633   0.7247658542   0.8163257549
353
 0.25000000D-01 0.39141124D-03
 9 1
    0  -1.96656160000D+03
    0  -2.87428550000D+02
    0  -5.37136240000D+01
    0  -7.39818510000D+00
    1  -2.68528840000D+02
    1  -4.59639090000D+01
    1  -4.86454470000D+00
    2  -3.15522220000D+01
    2  -7.38539920000D-01
  4.724081916719D+02  4.724359157547D+02  4.724642699976D+02  4.724932602368D+02
  4.725228954759D+02  4.725531898427D+02  4.725841532628D+02  4.726157999585D+02
  4.726481400724D+02  4.726811879449D+02  4.727149538611D+02  4.727494522430D+02
  4.727846934626D+02  4.728206919813D+02  4.728574582027D+02  4.728950065757D+02
  4.729333474751D+02  4.729724952776D+02  4.730124602614D+02  4.730532566613D+02
  4.730948945831D+02  4.731373880404D+02  4.731807468802D+02  4.732249848053D+02
  4.732701113071D+02  4.733161396759D+02  4.733630789389D+02  4.734109418592D+02
  4.734597368778D+02  4.735094761024D+02  4.735601672519D+02  4.736118216350D+02
  4.736644460961D+02  4.737180509850D+02  4.737726421029D+02  4.738282286628D+02
  4.738848152349D+02  4.739424096982D+02  4.740010151841D+02  4.740606380195D+02
  4.741212796758D+02  4.741829446782D+02  4.742456325687D+02  4.743093458229D+02
  4.743740817835D+02  4.744398405767D+02  4.745066170408D+02  4.745744086332D+02
  4.746432073538D+02  4.747130076423D+02  4.747837982954D+02  4.748555703541D+02
  4.749283090145D+02  4.750020015048D+02  4.750766289884D+02  4.751521744307D+02
  4.752286144941D+02  4.753059273941D+02  4.753840847858D+02  4.754630596084D+02
  4.755428179635D+02  4.756233269476D+02  4.757045465212D+02  4.757864373297D+02
  4.758689525623D+02  4.759520457618D+02  4.760356626731D+02  4.761197490409D+02
  4.762042424485D+02  4.762890801032D+02  4.763741906650D+02  4.764595020204D+02
  4.765449331013D+02  4.766304016468D+02  4.767158160125D+02  4.768010829220D+02
  4.768860992661D+02  4.769707598448D+02  4.770549491581D+02  4.771385491382D+02
  4.772214309333D+02  4.773034626324D+02  4.773845010425D+02  4.774643994070D+02
  4.775429991797D+02  4.776201377381D+02  4.776956401555D+02  4.777693269130D+02
  4.778410056718D+02  4.779104789866D+02  4.779775360817D+02  4.780419605688D+02
  4.781035222308D+02  4.781619847486D+02  4.782170974962D+02  4.782686032808D+02
  4.783162301549D+02  4.783596991754D+02  4.783987162373D+02  4.784329798576D+02
  4.784621730377D+02  4.784859710790D+02  4.785040334802D+02  4.785160117914D+02
  4.785215415557D+02  4.785202502087D+02  4.785117490719D+02  4.784956413082D+02
  4.784715139748D+02  4.784389460431D+02  4.783975005219D+02  4.783467325509D+02
  4.782861816032D+02  4.782153796626D+02  4.781338435155D+02  4.780410830221D+02
  4.779365935066D+02  4.778198641319D+02  4.776903703986D+02  4.775475826318D+02
  4.773909585968D+02  4.772199521066D+02  4.770340057616D+02  4.768325596851D+02
  4.766150443918D+02  4.763808896557D+02  4.761295175118D+02  4.758603512573D+02
  4.755728085875D+02  4.752663107283D+02  4.749402757031D+02  4.745941275910D+02
  4.742272899160D+02  4.738391950211D+02  4.734292775656D+02  4.729969839989D+02
  4.725417661455D+02  4.720630907550D+02  4.715604331486D+02  4.710332868136D+02
  4.704811570761D+02  4.699035707009D+02  4.693000695471D+02  4.686702201244D+02
  4.680136071788D+02  4.673298431490D+02  4.666185616195D+02  4.658794266106D+02
  4.651121258290D+02  4.643163797166D+02  4.634919344206D+02  4.626385705199D+02
  4.617560956311D+02  4.608443527272D+02  4.599032122937D+02  4.589325801543D+02
  4.579323890927D+02  4.569026061066D+02  4.558432234204D+02  4.547542650999D+02
  4.536357773995D+02  4.524878347003D+02  4.513105291632D+02  4.501039759766D+02
  4.488683023466D+02  4.476036521064D+02  4.463101741226D+02  4.449880263950D+02
  4.436373640528D+02  4.422583431701D+02  4.408511086342D+02  4.394157980223D+02
  4.379525297540D+02  4.364614075073D+02  4.349425091987D+02  4.333958925435D+02
  4.318215855163D+02  4.302195937391D+02  4.285898931130D+02  4.269324396953D+02
  4.252471650892D+02  4.235339892705D+02  4.217928190083D+02  4.200235636583D+02
  4.182261363118D+02  4.164004718768D+02  4.145465298576D+02  4.126643131936D+02
  4.107538707328D+02  4.088153145532D+02  4.068488196324D+02  4.048546370978D+02
  4.028330886816D+02  4.007845738520D+02  3.987095575841D+02  3.966085706570D+02
  3.944821909038D+02  3.923310377577D+02  3.901557489324D+02  3.879569719046D+02
  3.857353392413D+02  3.834914605108D+02  3.812258997600D+02  3.789391711155D+02
  3.766317212191D+02  3.743039307224D+02  3.719561031880D+02  3.695884732660D+02
  3.672012021589D+02  3.647943919542D+02  3.623680866022D+02  3.599222909377D+02
  3.574569753974D+02  3.549720977534D+02  3.524676094819D+02  3.499434780888D+02
  3.473996930408D+02  3.448362866755D+02  3.422533378140D+02  3.396509895222D+02
  3.370294488613D+02  3.343890001780D+02  3.317299998824D+02  3.290528844178D+02
  3.263581595106D+02  3.236464025711D+02  3.209182465126D+02  3.181743770616D+02
  3.154155120497D+02  3.126423949640D+02  3.098557715552D+02  3.070563820056D+02
  3.042449376726D+02  3.014221151945D+02  2.985885371081D+02  2.957447718465D+02
  2.928913221910D+02  2.900286347809D+02  2.871570992327D+02  2.842770686815D+02
  2.813888692269D+02  2.784928288305D+02  2.755892918195D+02  2.726786483727D+02
  2.697613443902D+02  2.668379010446D+02  2.639089101724D+02  2.609750364057D+02
  2.580369944489D+02  2.550955349303D+02  2.521514095607D+02  2.492053507267D+02
  2.462580370232D+02  2.433100796221D+02  2.403619998830D+02  2.374142314289D+02
  2.344671151793D+02  2.315209187270D+02  2.285758470102D+02  2.256320745416D+02
  2.226897654602D+02  2.197491113538D+02  2.168103531728D+02  2.138738174124D+02
  2.109399332543D+02  2.080092613652D+02  2.050825015315D+02  2.021605103526D+02
  1.992442966828D+02  1.963350264728D+02  1.934340052423D+02  1.905426701739D+02
  1.876625604378D+02  1.847952981748D+02  1.819425489983D+02  1.791059948543D+02
  1.762872884044D+02  1.734880221631D+02  1.707096819687D+02  1.679536185284D+02
  1.652210071902D+02  1.625128303485D+02  1.598298532692D+02  1.571726282205D+02
  1.545414976590D+02  1.519366303873D+02  1.493580589442D+02  1.468057477567D+02
  1.442796540698D+02  1.417798041219D+02  1.393063407789D+02  1.368595633437D+02
  1.344399201796D+02  1.320479855261D+02  1.296843951602D+02  1.273497849470D+02
  1.250447138679D+02  1.227696150612D+02  1.205247498518D+02  1.183101989284D+02
  1.161258567860D+02  1.139714573501D+02  1.118465937596D+02  1.097507596754D+02
  1.076833761578D+02  1.056438333062D+02  1.036315126210D+02  1.016458210634D+02
  9.968620409411D+01  9.775216975652D+01  9.584329180842D+01  9.395922440189D+01
  9.209969670660D+01  9.026452010931D+01  8.845357648633D+01  8.666682019918D+01
  8.490426228925D+01  8.316596945778D+01  8.145204623028D+01  7.976263278769D+01
  7.809788676172D+01  7.645798135780D+01  7.484308799648D+01  7.325337571924D+01
  7.168899545278D+01  7.015008127291D+01  6.863673668438D+01  6.714903797343D+01
  6.568702259558D+01  6.425069459446D+01  6.284001498563D+01  6.145490906260D+01
  6.009525855170D+01  5.876091055022D+01  5.745167117899D+01  5.616731586316D+01
  5.490758417091D+01  5.367219108609D+01  5.246082261788D+01  5.127314755495D+01
  5.010881321594D+01  4.896745692624D+01  4.784870104502D+01  4.675216325779D+01
  4.567745003277D+01  4.462416506464D+01  4.359190079594D+01  4.258024501291D+01
  4.158877080641D+01  4.061704209907D+01  3.966460251850D+01  3.873098116040D+01
  3.781568110016D+01
N_07 POTENTIAL                      exc: Vosko,Wilk,Nusair      
  1.80145647  6.82500000  1.81203139
   7.00000
   2.10533   0.7247658542   0.8163257549
353
 0.25000000D-01 0.31739093D-03
 2 1
    0  -2.69998930000D+01
    0  -4.29582100000D-01
  2.594276435048D+01  2.594316540481D+01  2.594357625644D+01  2.594402308904D+01
  2.594448618232D+01  2.594496323033D+01  2.594545308108D+01  2.594595609474D+01
  2.594647188998D+01  2.594700113310D+01  2.594754359224D+01  2.594810001907D+01
  2.594867023724D+01  2.594925503858D+01  2.594985427850D+01  2.595046877574D+01
  2.595109840977D+01  2.595174402164D+01  2.595240551211D+01  2.595308374289D+01
  2.595377863513D+01  2.595449107081D+01  2.595522099135D+01  2.595596929914D+01
  2.595673595622D+01  2.595752188583D+01  2.595832707115D+01  2.595915245687D+01
  2.595999804797D+01  2.596086481133D+01  2.596175277449D+01  2.596266292726D+01
  2.596359532057D+01  2.596455096800D+01  2.596552994471D+01  2.596653328895D+01
  2.596756110099D+01  2.596861444462D+01  2.596969344631D+01  2.597079919895D+01
  2.597193224439D+01  2.597309330224D+01  2.597428255395D+01  2.597550114592D+01
  2.597674928839D+01  2.597802815704D+01  2.597933799190D+01  2.598067999892D+01
  2.598205444888D+01  2.598346257898D+01  2.598490469172D+01  2.598638205649D+01
  2.598789500848D+01  2.598944485023D+01  2.599103195055D+01  2.599265764605D+01
  2.599432234006D+01  2.599602740416D+01  2.599777327710D+01  2.599956136627D+01
  2.600139214665D+01  2.600326706226D+01  2.600518662508D+01  2.600715231652D+01
  2.600916468625D+01  2.601122525370D+01  2.601333460691D+01  2.601549430390D+01
  2.601770497156D+01  2.601996820700D+01  2.602228467636D+01  2.602465601617D+01
  2.602708293212D+01  2.602956710034D+01  2.603210926617D+01  2.603471114539D+01
  2.603737352290D+01  2.604009815397D+01  2.604288586280D+01  2.604573844372D+01
  2.604865675973D+01  2.605164264359D+01  2.605469699629D+01  2.605782168807D+01
  2.606101765684D+01  2.606428680907D+01  2.606763011809D+01  2.607104952496D+01
  2.607454603664D+01  2.607812162671D+01  2.608177733346D+01  2.608551516048D+01
  2.608933617460D+01  2.609324240637D+01  2.609723494784D+01  2.610131585289D+01
  2.610548623482D+01  2.610974816655D+01  2.611410277801D+01  2.611855215613D+01
  2.612309744208D+01  2.612774073096D+01  2.613248316892D+01  2.613732685257D+01
  2.614227292579D+01  2.614732347900D+01  2.615247964563D+01  2.615774350109D+01
  2.616311615898D+01  2.616859966972D+01  2.617419511647D+01  2.617990451337D+01
  2.618572890109D+01  2.619167024474D+01  2.619772952903D+01  2.620390865570D+01
  2.621020853830D+01  2.621663099917D+01  2.622317686374D+01  2.622984785701D+01
  2.623664469733D+01  2.624356899240D+01  2.625062133243D+01  2.625780318559D+01
  2.626511499059D+01  2.627255805148D+01  2.628013262956D+01  2.628783983756D+01
  2.629567973081D+01  2.630365320069D+01  2.631176006509D+01  2.632000096104D+01
  2.632837543437D+01  2.633688383153D+01  2.634552538837D+01  2.635430012107D+01
  2.636320691400D+01  2.637224540973D+01  2.638141409591D+01  2.639071219425D+01
  2.640013774640D+01  2.640968950185D+01  2.641936500277D+01  2.642916247080D+01
  2.643907889068D+01  2.644911189597D+01  2.645925785149D+01  2.646951373776D+01
  2.647987523233D+01  2.649033859290D+01  2.650089873742D+01  2.651155112595D+01
  2.652228983945D+01  2.653310946038D+01  2.654400315016D+01  2.655496452850D+01
  2.656598574956D+01  2.657705937999D+01  2.658817647377D+01  2.659932844905D+01
  2.661050516174D+01  2.662169678105D+01  2.663289186201D+01  2.664407921984D+01
  2.665524600131D+01  2.666637955816D+01  2.667746551749D+01  2.668848965421D+01
  2.669943596068D+01  2.671028851846D+01  2.672102956729D+01  2.673164137641D+01
  2.674210431314D+01  2.675239871398D+01  2.676250295321D+01  2.677239531406D+01
  2.678205205758D+01  2.679144929441D+01  2.680056105437D+01  2.680936115916D+01
  2.681782129324D+01  2.682591287804D+01  2.683360514462D+01  2.684086701010D+01
  2.684766515270D+01  2.685396589102D+01  2.685973326235D+01  2.686493090553D+01
  2.686952014328D+01  2.687346186957D+01  2.687671463694D+01  2.687923654927D+01
  2.688098335508D+01  2.688191034681D+01  2.688197046115D+01  2.688111618592D+01
  2.687929766865D+01  2.687646463225D+01  2.687256449302D+01  2.686754428638D+01
  2.686134879561D+01  2.685392248890D+01  2.684520766012D+01  2.683514637851D+01
  2.682367864275D+01  2.681074434466D+01  2.679628143775D+01  2.678022791617D+01
  2.676251999898D+01  2.674309412545D+01  2.672188515620D+01  2.669882838572D+01
  2.667385776131D+01  2.664690791371D+01  2.661791239435D+01  2.658680572461D+01
  2.655352165184D+01  2.651799521728D+01  2.648016103080D+01  2.643995535730D+01
  2.639731440957D+01  2.635217645235D+01  2.630448011228D+01  2.625416649823D+01
  2.620117752655D+01  2.614545805559D+01  2.608695422385D+01  2.602561559578D+01
  2.596139350951D+01  2.589424323032D+01  2.582412230375D+01  2.575099271210D+01
  2.567481922787D+01  2.559557156773D+01  2.551322274026D+01  2.542775119084D+01
  2.533913913670D+01  2.524737469532D+01  2.515245019878D+01  2.505436429733D+01
  2.495312024437D+01  2.484872796586D+01  2.474120230654D+01  2.463056505543D+01
  2.451684314306D+01  2.440007061285D+01  2.428028675902D+01  2.415753803314D+01
  2.403187611283D+01  2.390335973281D+01  2.377205267318D+01  2.363802550621D+01
  2.350135349467D+01  2.336211824469D+01  2.322040550589D+01  2.307630672239D+01
  2.292991672792D+01  2.278133518908D+01  2.263066419058D+01  2.247800956733D+01
  2.232347837798D+01  2.216718012570D+01  2.200922412202D+01  2.184972060067D+01
  2.168877797887D+01  2.152650387487D+01  2.136300228121D+01  2.119837450523D+01
  2.103271627941D+01  2.086611865700D+01  2.069866510006D+01  2.053043238111D+01
  2.036148771234D+01  2.019188973162D+01  2.002168576886D+01  1.985091303290D+01
  1.967959615471D+01  1.950774874019D+01  1.933537138140D+01  1.916245379160D+01
  1.898897352153D+01  1.881489892489D+01  1.864018882372D+01  1.846479652117D+01
  1.828867057360D+01  1.811175990919D+01  1.793401562120D+01  1.775539691703D+01
  1.757587342971D+01  1.739543124912D+01  1.721407477116D+01  1.703183165277D+01
  1.684875296201D+01  1.666491588053D+01  1.648042119817D+01  1.629539317835D+01
  1.610997429733D+01  1.592432270209D+01  1.573860511591D+01  1.555299318796D+01
  1.536765607264D+01  1.518275719755D+01  1.499844788952D+01  1.481486565184D+01
  1.463212957649D+01  1.445034050783D+01  1.426957829208D+01  1.408990361860D+01
  1.391135671633D+01  1.373396037693D+01  1.355771956236D+01  1.338262508353D+01
  1.320865363485D+01  1.303577170564D+01  1.286393568801D+01  1.269309573607D+01
  1.252319572607D+01  1.235417689813D+01  1.218597755045D+01  1.201853638410D+01
  1.185179188237D+01  1.168568533357D+01  1.152015988882D+01  1.135516326952D+01
  1.119064652038D+01  1.102656642549D+01  1.086288398527D+01  1.069956657315D+01
  1.053658617051D+01  1.037392129886D+01  1.021155504779D+01  1.004947681714D+01
  9.887680171538D+00  9.726164424429D+00  9.564932348932D+00  9.403991631098D+00
  9.243352461490D+00  9.083028878550D+00  8.923036258041D+00  8.763392559327D+00
  8.604115720849D+00  8.445224812442D+00  8.286737334784D+00  8.128670270324D+00
  7.971037274164D+00  7.813849606169D+00  7.657113192603D+00  7.500829414850D+00
  7.344992016545D+00  7.189587766553D+00  7.034593056700D+00  6.879974575305D+00
  6.725685601497D+00
Vac0 POTENTIAL                      exc: Vosko,Wilk,Nusair      
  2.37798540  6.82500000  2.34921590
   0.00000
   2.59633   0.7247658542   0.8163257549
353
 0.25000000D-01 0.39141124D-03
 0 1
  7.465637900211D-01  7.465408887214D-01  7.465165671609D-01  7.465096752602D-01
  7.465056899811D-01  7.465041596503D-01  7.465027690074D-01  7.465029103878D-01
  7.465027996144D-01  7.465040377910D-01  7.465049404123D-01  7.465071638293D-01
  7.465090584028D-01  7.465123051588D-01  7.465152739818D-01  7.465196629270D-01
  7.465238579921D-01  7.465295733826D-01  7.465352120035D-01  7.465425063310D-01
  7.465498794339D-01  7.465590862772D-01  7.465685753220D-01  7.465801303774D-01
  7.465922327980D-01  7.466067040808D-01  7.466220688524D-01  7.466401984172D-01
  7.466596748544D-01  7.466824357999D-01  7.467071400852D-01  7.467358142411D-01
  7.467672201943D-01  7.468035041996D-01  7.468435673232D-01  7.468897177085D-01
  7.469410433080D-01  7.469999858945D-01  7.470599023124D-01  7.470847078395D-01
  7.470576103939D-01  7.470327521776D-01  7.470083716728D-01  7.469860368292D-01
  7.469640039807D-01  7.469438569131D-01  7.469238660472D-01  7.469056277410D-01
  7.468874236525D-01  7.468708602186D-01  7.468542281551D-01  7.468391420564D-01
  7.468238999978D-01  7.468101232356D-01  7.467961158798D-01  7.467835046647D-01
  7.467705986838D-01  7.467590292163D-01  7.467471095056D-01  7.467364746164D-01
  7.467254412629D-01  7.467156476932D-01  7.467054135506D-01  7.466963797712D-01
  7.466868684710D-01  7.466785228752D-01  7.466696672102D-01  7.466619466476D-01
  7.466536872227D-01  7.466465357816D-01  7.466388199078D-01  7.466321878928D-01
  7.466249686598D-01  7.466188117487D-01  7.466120472457D-01  7.466063257725D-01
  7.465999784291D-01  7.465946567823D-01  7.465886928137D-01  7.465837389203D-01
  7.465781278550D-01  7.465735127411D-01  7.465682270152D-01  7.465639244345D-01
  7.465589390384D-01  7.465549251469D-01  7.465502173289D-01  7.465464704048D-01
  7.465420194111D-01  7.465385196104D-01  7.465343064551D-01  7.465310356010D-01
  7.465270428709D-01  7.465239842681D-01  7.465201959449D-01  7.465173342166D-01
  7.465137355281D-01  7.465110564705D-01  7.465076337508D-01  7.465051242064D-01
  7.465018647763D-01  7.464995125196D-01  7.464964045804D-01  7.464941982137D-01
  7.464912307480D-01  7.464891596112D-01  7.464863222959D-01  7.464843763826D-01
  7.464816595081D-01  7.464798293884D-01  7.464772237878D-01  7.464755005391D-01
  7.464729975181D-01  7.464713726602D-01  7.464689639363D-01  7.464674293703D-01
  7.464651070140D-01  7.464636549657D-01  7.464614113445D-01  7.464600343102D-01
  7.464578620360D-01  7.464565527303D-01  7.464544446085D-01  7.464531959145D-01
  7.464511448935D-01  7.464499498130D-01  7.464479489360D-01  7.464468005413D-01
  7.464448428971D-01  7.464437342814D-01  7.464418129557D-01  7.464407371842D-01
  7.464388452089D-01  7.464377952687D-01  7.464359255721D-01  7.464348943194D-01
  7.464330396728D-01  7.464320197789D-01  7.464301727409D-01  7.464291566373D-01
  7.464273094959D-01  7.464262893128D-01  7.464244340245D-01  7.464234015278D-01
  7.464215296515D-01  7.464204761754D-01  7.464185788023D-01  7.464174951766D-01
  7.464155628550D-01  7.464144393260D-01  7.464124619796D-01  7.464112881256D-01
  7.464092549646D-01  7.464080196043D-01  7.464059190296D-01  7.464046101201D-01
  7.464024296186D-01  7.464010341474D-01  7.463987601769D-01  7.463972640411D-01
  7.463948819053D-01  7.463932697807D-01  7.463907634913D-01  7.463890186881D-01
  7.463863708143D-01  7.463844751191D-01  7.463816666216D-01  7.463796001232D-01
  7.463766101716D-01  7.463743510703D-01  7.463711568423D-01  7.463686812384D-01
  7.463652576991D-01  7.463625393614D-01  7.463588590190D-01  7.463558691283D-01
  7.463519017659D-01  7.463486086333D-01  7.463443210124D-01  7.463406897679D-01
  7.463360453010D-01  7.463320375500D-01  7.463269959405D-01  7.463225693843D-01
  7.463170862274D-01  7.463121942454D-01  7.463062205888D-01  7.463008117757D-01
  7.462942936337D-01  7.462883112894D-01  7.462811891064D-01  7.462745706722D-01
  7.462667787307D-01  7.462594551665D-01  7.462509209324D-01  7.462428160290D-01
  7.462334594282D-01  7.462244890473D-01  7.462142216672D-01  7.462042929016D-01
  7.461930171087D-01  7.461820273546D-01  7.461696353187D-01  7.461574712503D-01
  7.461438438669D-01  7.461303803038D-01  7.461153860034D-01  7.461004846580D-01
  7.460839780895D-01  7.460674861839D-01  7.460493067605D-01  7.460310554970D-01
  7.460110257879D-01  7.459908286591D-01  7.459687526134D-01  7.459464035340D-01
  7.459220645161D-01  7.458973357583D-01  7.458704943782D-01  7.458431342898D-01
  7.458135260029D-01  7.457832564845D-01  7.457505889399D-01  7.457171026568D-01
  7.456810527657D-01  7.456440100654D-01  7.456042207602D-01  7.455632462649D-01
  7.455193229167D-01  7.454740017569D-01  7.454255082148D-01  7.453753818644D-01
  7.453218360769D-01  7.452663977493D-01  7.452072669229D-01  7.451459564807D-01
  7.450806517274D-01  7.450128500534D-01  7.449407204721D-01  7.448657432458D-01
  7.447860693774D-01  7.447031601929D-01  7.446151467826D-01  7.445234695370D-01
  7.444262375304D-01  7.443248680060D-01  7.442174456959D-01  7.441053622496D-01
  7.439866754837D-01  7.438627487473D-01  7.437316100951D-01  7.435945915817D-01
  7.434496883497D-01  7.432981978463D-01  7.431380788164D-01  7.429705904335D-01
  7.427936511873D-01  7.426084779195D-01  7.424129445943D-01  7.422082212288D-01
  7.419921325344D-01  7.417657967292D-01  7.415269840362D-01  7.412767553647D-01
  7.410128206500D-01  7.407361773892D-01  7.404444688037D-01  7.401386222142D-01
  7.398162070056D-01  7.394780728230D-01  7.391217073169D-01  7.387478741394D-01
  7.383539704448D-01  7.379406646624D-01  7.375052537245D-01  7.370483005895D-01
  7.365669911655D-01  7.360617715531D-01  7.355297046282D-01  7.349711069714D-01
  7.343829050675D-01  7.337652718815D-01  7.331149826287D-01  7.324320509515D-01
  7.317130842035D-01  7.309579191761D-01  7.301629768321D-01  7.293278975193D-01
  7.284488950799D-01  7.275253914771D-01  7.265533701923D-01  7.255320101775D-01
  7.244570384352D-01  7.233273631916D-01  7.221384255332D-01  7.208888316744D-01
  7.195737034971D-01  7.181913097582D-01  7.167364153461D-01  7.152069112358D-01
  7.135971622341D-01  7.119046354439D-01  7.101232462148D-01  7.082499848188D-01
  7.062782602529D-01  7.042045247513D-01  7.020216149976D-01  6.997253739997D-01
  6.973079891537D-01  6.947646108817D-01  6.920866868420D-01  6.892685765666D-01
  6.863008809242D-01  6.831770517848D-01  6.798867156022D-01  6.764222768636D-01
  6.727722343493D-01  6.689277767843D-01  6.648760899361D-01  6.606069424450D-01
  6.561059814167D-01  6.513613058405D-01  6.463567476859D-01  6.410784295897D-01
  6.355080276305D-01  6.296293090273D-01  6.234213716867D-01  6.168651564420D-01
  6.099366570724D-01  6.026134000346D-01  5.948676168459D-01  5.866726822133D-01
  5.779962383246D-01  5.688065796267D-01  5.590657155326D-01  5.487356866688D-01
  5.377715486031D-01  5.261275999925D-01  5.137502649734D-01  5.005842081151D-01
  4.865650869470D-01  4.716255218536D-01  4.556876827984D-01  4.386690744487D-01
  4.204749128392D-01  4.010036768654D-01  3.801392258680D-01  3.577560564173D-01
  3.337111000490D-01  3.078487728895D-01  2.799919359056D-01  2.499471194386D-01
  2.174947831076D-01
Vac0 POTENTIAL                      exc: Vosko,Wilk,Nusair      
  1.80145647  6.82500000  1.81203139
   0.00000
   2.10533   0.7247658542   0.8163257549
353
 0.25000000D-01 0.31739093D-03
 0 1
  5.566124122496D-01  5.565766161430D-01  5.565395371717D-01  5.565283085797D-01
  5.565220671350D-01  5.565183489443D-01  5.565154086425D-01  5.565135678479D-01
  5.565118717258D-01  5.565109469937D-01  5.565099806772D-01  5.565096745411D-01
  5.565092590224D-01  5.565094633120D-01  5.565095363004D-01  5.565102204415D-01
  5.565107747954D-01  5.565119501501D-01  5.565130127351D-01  5.565147198675D-01
  5.565163440693D-01  5.565186489176D-01  5.565209134100D-01  5.565239079238D-01
  5.565269188208D-01  5.565307245251D-01  5.565346202666D-01  5.565393943650D-01
  5.565443531335D-01  5.565502973706D-01  5.565565475031D-01  5.565639203197D-01
  5.565717544249D-01  5.565808873081D-01  5.565906811876D-01  5.566020005432D-01
  5.566142382190D-01  5.566282794268D-01  5.566422702981D-01  5.566470315203D-01
  5.566390237745D-01  5.566318001232D-01  5.566245870007D-01  5.566181014891D-01
  5.566115752141D-01  5.566057298650D-01  5.565998011722D-01  5.565945144846D-01
  5.565891088126D-01  5.565843124425D-01  5.565793670215D-01  5.565750032125D-01
  5.565704648144D-01  5.565664844335D-01  5.565623076259D-01  5.565586685964D-01
  5.565548143589D-01  5.565514804409D-01  5.565479150676D-01  5.565448548731D-01
  5.565415490946D-01  5.565387353000D-01  5.565356635775D-01  5.565330722794D-01
  5.565302122181D-01  5.565278224102D-01  5.565251542848D-01  5.565229474346D-01
  5.565204538092D-01  5.565184134892D-01  5.565160788830D-01  5.565141904841D-01
  5.565120010963D-01  5.565102515775D-01  5.565081950681D-01  5.565065727433D-01
  5.565046380367D-01  5.565031324002D-01  5.565013095233D-01  5.564999110980D-01
  5.564981910387D-01  5.564968912483D-01  5.564952658381D-01  5.564940568954D-01
  5.564925187060D-01  5.564913935182D-01  5.564899357707D-01  5.564888878564D-01
  5.564875043480D-01  5.564865277639D-01  5.564852127962D-01  5.564843020757D-01
  5.564830503981D-01  5.564822004921D-01  5.564810072479D-01  5.564802134801D-01
  5.564790741605D-01  5.564783321808D-01  5.564772425839D-01  5.564765483282D-01
  5.564755045205D-01  5.564748541780D-01  5.564738524611D-01  5.564732424388D-01
  5.564722793199D-01  5.564717062164D-01  5.564707783774D-01  5.564702389526D-01
  5.564693432255D-01  5.564688343777D-01  5.564679677202D-01  5.564674864596D-01
  5.564666459304D-01  5.564661893592D-01  5.564653720965D-01  5.564649373845D-01
  5.564641405858D-01  5.564637249504D-01  5.564629458487D-01  5.564625465344D-01
  5.564617823789D-01  5.564613966354D-01  5.564606446710D-01  5.564602697325D-01
  5.564595271782D-01  5.564591602425D-01  5.564584242695D-01  5.564580624764D-01
  5.564573301863D-01  5.564569705937D-01  5.564562389955D-01  5.564558785567D-01
  5.564551445423D-01  5.564547800813D-01  5.564540403991D-01  5.564536685831D-01
  5.564529198124D-01  5.564525371240D-01  5.564517756437D-01  5.564513783506D-01
  5.564506003090D-01  5.564501844316D-01  5.564493857117D-01  5.564489469870D-01
  5.564481231702D-01  5.564476570133D-01  5.564468033388D-01  5.564463048021D-01
  5.564454161230D-01  5.564448798492D-01  5.564439505855D-01  5.564433707581D-01
  5.564423948437D-01  5.564417651325D-01  5.564407359578D-01  5.564400494583D-01
  5.564389598075D-01  5.564382089752D-01  5.564370509570D-01  5.564362275347D-01
  5.564349925058D-01  5.564340874436D-01  5.564327659253D-01  5.564317692927D-01
  5.564303508786D-01  5.564292517672D-01  5.564277250206D-01  5.564265114380D-01
  5.564248637806D-01  5.564235225315D-01  5.564217401190D-01  5.564202566757D-01
  5.564183242613D-01  5.564166826201D-01  5.564145834036D-01  5.564127659262D-01
  5.564104813874D-01  5.564084686262D-01  5.564059783414D-01  5.564037488458D-01
  5.564010302845D-01  5.563985603878D-01  5.563955886885D-01  5.563928522724D-01
  5.563895999947D-01  5.563865682286D-01  5.563830050799D-01  5.563796461336D-01
  5.563757386663D-01  5.563720173917D-01  5.563677286697D-01  5.563636062500D-01
  5.563588954790D-01  5.563543290407D-01  5.563491511607D-01  5.563440933446D-01
  5.563383985788D-01  5.563327970663D-01  5.563265304236D-01  5.563203274128D-01
  5.563134281362D-01  5.563065597637D-01  5.562989607229D-01  5.562913564234D-01
  5.562829834417D-01  5.562745652414D-01  5.562653363528D-01  5.562560180879D-01
  5.562458427152D-01  5.562355291683D-01  5.562243072151D-01  5.562128931604D-01
  5.562005140075D-01  5.561878831550D-01  5.561742245506D-01  5.561602483800D-01
  5.561451752131D-01  5.561297116841D-01  5.561130746284D-01  5.560959667545D-01
  5.560776007696D-01  5.560586750420D-01  5.560383977155D-01  5.560174623606D-01
  5.559950720762D-01  5.559719151285D-01  5.559471890394D-01  5.559215762111D-01
  5.558942679997D-01  5.558659403250D-01  5.558357777259D-01  5.558044489552D-01
  5.557711310155D-01  5.557364847351D-01  5.556996787841D-01  5.556613652294D-01
  5.556207035278D-01  5.555783360590D-01  5.555334120925D-01  5.554865632960D-01
  5.554369276743D-01  5.553851250501D-01  5.553302809711D-01  5.552730021608D-01
  5.552124003909D-01  5.551490678981D-01  5.550821012183D-01  5.550120765656D-01
  5.549380736240D-01  5.548606508854D-01  5.547788693934D-01  5.546932680355D-01
  5.546028872346D-01  5.545082441899D-01  5.544083565106D-01  5.543037173996D-01
  5.541933192231D-01  5.540776286314D-01  5.539556100562D-01  5.538277007621D-01
  5.536928342641D-01  5.535514153011D-01  5.534023431649D-01  5.532459865875D-01
  5.530812069714D-01  5.529083331802D-01  5.527261846600D-01  5.525350461222D-01
  5.523336905425D-01  5.521223537247D-01  5.518997571628D-01  5.516660824717D-01
  5.514199940968D-01  5.511616135955D-01  5.508895421770D-01  5.506038348166D-01
  5.503030226055D-01  5.499870866775D-01  5.496544803461D-01  5.493051028212D-01
  5.489373211066D-01  5.485509434811D-01  5.481442411267D-01  5.477169213441D-01
  5.472671488784D-01  5.467945188336D-01  5.462970776572D-01  5.457742957153D-01
  5.452240878899D-01  5.446457857692D-01  5.440371578066D-01  5.433973810724D-01
  5.427240609136D-01  5.420162022062D-01  5.412712284450D-01  5.404879524228D-01
  5.396635946687D-01  5.387967534678D-01  5.378844225496D-01  5.369249603468D-01
  5.359151068180D-01  5.348529518230D-01  5.337349509410D-01  5.325588928167D-01
  5.313209138063D-01  5.300184641170D-01  5.286473210796D-01  5.272045538647D-01
  5.256855351366D-01  5.240869040816D-01  5.224035761409D-01  5.206317040263D-01
  5.187656851593D-01  5.168011202704D-01  5.147318180831D-01  5.125527509926D-01
  5.102570564195D-01  5.078389889352D-01  5.052909175644D-01  5.026062735601D-01
  4.997765427443D-01  4.967942079256D-01  4.936497351238D-01  4.903345093479D-01
  4.868378132381D-01  4.831497545657D-01  4.792582354170D-01  4.751518693149D-01
  4.708169385392D-01  4.662402981648D-01  4.614063184180D-01  4.562997721368D-01
  4.509027581521D-01  4.451975676354D-01  4.391635832971D-01  4.327801187138D-01
  4.260232865547D-01  4.188688031681D-01  4.112888169506D-01  4.032546680662D-01
  3.947336652990D-01  3.856917875893D-01  3.760903940212D-01  3.658888496643D-01
  3.550411484968D-01  3.434984400833D-01  3.312055407979D-01  3.181033280488D-01
  3.041251025335D-01  2.891989197212D-01  2.732433927124D-01  2.561702979788D-01
  2.378798195350D-01
