In49 POTENTIAL                      exc: Vosko,Wilk,Nusair      
  2.25914357  6.50000000  2.23392349
  49.00000
   2.46891   0.8856778027   0.8856506270
353
 0.25000000D-01 0.37220196D-03
 9 1
    0  -1.96656160000D+03
    0  -2.87428550000D+02
    0  -5.37136240000D+01
    0  -7.39818510000D+00
    1  -2.68528840000D+02
    1  -4.59639090000D+01
    1  -4.86454470000D+00
    2  -3.15522220000D+01
    2  -7.38539920000D-01
  4.725879640592D+02  4.726143297027D+02  4.726412978587D+02  4.726688749349D+02
  4.726970696199D+02  4.727258957890D+02  4.727553630717D+02  4.727854854658D+02
  4.728162728427D+02  4.728477393530D+02  4.728798950430D+02  4.729127541840D+02
  4.729463269488D+02  4.729806276926D+02  4.730156666665D+02  4.730514582649D+02
  4.730880127645D+02  4.731253445468D+02  4.731634638546D+02  4.732023849958D+02
  4.732421181124D+02  4.732826773689D+02  4.733240727309D+02  4.733663181400D+02
  4.734094232999D+02  4.734534018391D+02  4.734982631028D+02  4.735440203051D+02
  4.735906823241D+02  4.736382618449D+02  4.736867671570D+02  4.737362102887D+02
  4.737865988047D+02  4.738379439327D+02  4.738902523615D+02  4.739435343586D+02
  4.739977955678D+02  4.740530451190D+02  4.741092874238D+02  4.741665302775D+02
  4.742247766607D+02  4.742840328076D+02  4.743443000218D+02  4.744055827536D+02
  4.744678803859D+02  4.745311953115D+02  4.745955247150D+02  4.746608686412D+02
  4.747272217720D+02  4.747945814857D+02  4.748629396279D+02  4.749322905622D+02
  4.750026229344D+02  4.750739277132D+02  4.751461899478D+02  4.752193967988D+02
  4.752935292881D+02  4.753685703192D+02  4.754444964193D+02  4.755212857490D+02
  4.755989098355D+02  4.756773415715D+02  4.757565469396D+02  4.758364929994D+02
  4.759171396024D+02  4.759984473683D+02  4.760803693894D+02  4.761628591951D+02
  4.762458624471D+02  4.763293248911D+02  4.764131840423D+02  4.764973771255D+02
  4.765818327496D+02  4.766664788371D+02  4.767512342877D+02  4.768360168968D+02
  4.769207350096D+02  4.770052954280D+02  4.770895950562D+02  4.771735287975D+02
  4.772569811910D+02  4.773398342994D+02  4.774219593387D+02  4.775032245579D+02
  4.775834868625D+02  4.776625996888D+02  4.777404046221D+02  4.778167392677D+02
  4.778914288667D+02  4.779642941654D+02  4.780351430316D+02  4.781037783251D+02
  4.781699895182D+02  4.782335605704D+02  4.782942615567D+02  4.783518565507D+02
  4.784060952646D+02  4.784567209460D+02  4.785034620343D+02  4.785460400760D+02
  4.785841614036D+02  4.786175250754D+02  4.786458145827D+02  4.786687058211D+02
  4.786858588325D+02  4.786969258160D+02  4.787015429120D+02  4.786993382601D+02
  4.786899238344D+02  4.786729035562D+02  4.786478651902D+02  4.786143885207D+02
  4.785720373176D+02  4.785203675863D+02  4.784589196129D+02  4.783872262979D+02
  4.783048052898D+02  4.782111674125D+02  4.781058088979D+02  4.779882199157D+02
  4.778578769146D+02  4.777142512640D+02  4.775568017112D+02  4.773849831443D+02
  4.771982391728D+02  4.769960110171D+02  4.767777302188D+02  4.765428276620D+02
  4.762907264161D+02  4.760208508900D+02  4.757326198091D+02  4.754254555007D+02
  4.750987770002D+02  4.747520094637D+02  4.743845773955D+02  4.739959141756D+02
  4.735854553958D+02  4.731526484861D+02  4.726969461391D+02  4.722178160118D+02
  4.717147342110D+02  4.711871950400D+02  4.706347045103D+02  4.700567900931D+02
  4.694529942140D+02  4.688228839618D+02  4.681660445124D+02  4.674820887386D+02
  4.667706505017D+02  4.660313940947D+02  4.652640073327D+02  4.644682107552D+02
  4.636437504364D+02  4.627904068664D+02  4.619079873978D+02  4.609963347205D+02
  4.600553188597D+02  4.590848451585D+02  4.580848457434D+02  4.570552869361D+02
  4.559961601123D+02  4.549074884754D+02  4.537893172511D+02  4.526417197876D+02
  4.514647870570D+02  4.502586330674D+02  4.490233837040D+02  4.477591815041D+02
  4.464661739169D+02  4.451445175713D+02  4.437943661266D+02  4.424158742581D+02
  4.410091853820D+02  4.395744357029D+02  4.381117422238D+02  4.366212073333D+02
  4.351029076430D+02  4.335568997181D+02  4.319832103931D+02  4.303818443277D+02
  4.287527764899D+02  4.270959621953D+02  4.254113323430D+02  4.236988063969D+02
  4.219582906440D+02  4.201896941346D+02  4.183929296590D+02  4.165679319674D+02
  4.147146603689D+02  4.128331177032D+02  4.109233526300D+02  4.089854770814D+02
  4.070196657511D+02  4.050261694812D+02  4.030053095468D+02  4.009574849368D+02
  3.988831599687D+02  3.967828647520D+02  3.946571762973D+02  3.925067132423D+02
  3.903321124023D+02  3.881340204397D+02  3.859130690633D+02  3.836698671247D+02
  3.814049779617D+02  3.791189151752D+02  3.768121249189D+02  3.744849875563D+02
  3.721378064037D+02  3.697708160554D+02  3.673841776787D+02  3.649779934868D+02
  3.625523075392D+02  3.601071248990D+02  3.576424161708D+02  3.551581393696D+02
  3.526542461129D+02  3.501307040857D+02  3.475875028001D+02  3.450246746522D+02
  3.424422983706D+02  3.398405169321D+02  3.372195371573D+02  3.345796431636D+02
  3.319211909950D+02  3.292446167625D+02  3.265504257527D+02  3.238391950031D+02
  3.211115569837D+02  3.183681970832D+02  3.156098327624D+02  3.128372072785D+02
  3.100510661480D+02  3.072521494805D+02  3.044411685665D+02  3.016188001353D+02
  2.987856668019D+02  2.959423371996D+02  2.930893142468D+02  2.902270447769D+02
  2.873559184630D+02  2.844762884776D+02  2.815884807497D+02  2.786928229986D+02
  2.757896590760D+02  2.728793786247D+02  2.699624268280D+02  2.670393241740D+02
  2.641106617579D+02  2.611771036425D+02  2.582393640449D+02  2.552981933934D+02
  2.523543433552D+02  2.494085465857D+02  2.464614820742D+02  2.435137616196D+02
  2.405659072157D+02  2.376183532095D+02  2.346714411017D+02  2.317254390120D+02
  2.287805521368D+02  2.258369550938D+02  2.228948117904D+02  2.199543133947D+02
  2.170157000991D+02  2.140792974801D+02  2.111455335166D+02  2.082149675882D+02
  2.052882980033D+02  2.023663799049D+02  1.994502206138D+02  1.965409846857D+02
  1.936399762829D+02  1.907486314787D+02  1.878684884718D+02  1.850011687667D+02
  1.821483375491D+02  1.793116767237D+02  1.764928391491D+02  1.736934179284D+02
  1.709148997045D+02  1.681586363289D+02  1.654258044271D+02  1.627173878942D+02
  1.600341534796D+02  1.573766549772D+02  1.547452361467D+02  1.521400669217D+02
  1.495611805517D+02  1.470085418548D+02  1.444821079892D+02  1.419819048555D+02
  1.395080747112D+02  1.370609163262D+02  1.346408776473D+02  1.322485329343D+02
  1.298845183551D+02  1.275494706965D+02  1.252439501606D+02  1.229683914371D+02
  1.207230574363D+02  1.185080304934D+02  1.163232065552D+02  1.141683208974D+02
  1.120429677205D+02  1.099466416125D+02  1.078787642834D+02  1.058387263883D+02
  1.038259097606D+02  1.018397216557D+02  9.987960765422D+01  9.794507591362D+01
  9.603570014589D+01  9.415113444473D+01  9.229110773074D+01  9.045543107475D+01
  8.864398576843D+01  8.685672542081D+01  8.509365992913D+01  8.335485453910D+01
  8.164041176647D+01  7.995046929111D+01  7.828518149421D+01  7.664471763065D+01
  7.502924420134D+01  7.343892440038D+01  7.187390210571D+01  7.033430318482D+01
  6.882022150806D+01  6.733172235902D+01  6.586883058451D+01  6.443153611656D+01
  6.301978418545D+01  6.163348282272D+01  6.027249497081D+01  5.893664777765D+01
  5.762572639484D+01  5.633948482726D+01  5.507764113005D+01  5.383988942873D+01
  5.262589598583D+01  5.143531166858D+01  5.026776794406D+01  4.912288865557D+01
  4.800028469521D+01  4.689956387556D+01  4.582032329772D+01  4.476215674086D+01
  4.372464467674D+01  4.270735979924D+01  4.170985512159D+01  4.073166936122D+01
  3.977231426194D+01
N_07 POTENTIAL                      exc: Vosko,Wilk,Nusair      
  1.72127726  6.50000000  1.73067725
   7.00000
   2.01081   0.8856778027   0.8856506270
353
 0.25000000D-01 0.30314114D-03
 2 1
    0  -2.69998930000D+01
    0  -4.29582100000D-01
  2.611904919100D+01  2.611943107851D+01  2.611982223632D+01  2.612024858017D+01
  2.612069055053D+01  2.612114597641D+01  2.612161360352D+01  2.612209388844D+01
  2.612258633622D+01  2.612309170488D+01  2.612360964647D+01  2.612414100275D+01
  2.612468548010D+01  2.612524395948D+01  2.612581617815D+01  2.612640304320D+01
  2.612700431519D+01  2.612762092277D+01  2.612825264705D+01  2.612890043660D+01
  2.612956409219D+01  2.613024458192D+01  2.613094172609D+01  2.613165651245D+01
  2.613238878116D+01  2.613313954004D+01  2.613390864963D+01  2.613469713839D+01
  2.613550488788D+01  2.613633294795D+01  2.613718122186D+01  2.613805078161D+01
  2.613894155301D+01  2.613985463097D+01  2.614078996469D+01  2.614174867289D+01
  2.614273072899D+01  2.614373727642D+01  2.614476831392D+01  2.614582501421D+01
  2.614690778548D+01  2.614801742904D+01  2.614915399680D+01  2.615031871203D+01
  2.615151165453D+01  2.615273407593D+01  2.615398608490D+01  2.615526896243D+01
  2.615658284703D+01  2.615792905000D+01  2.615930774067D+01  2.616072026163D+01
  2.616216681398D+01  2.616364877258D+01  2.616516637126D+01  2.616672101809D+01
  2.616831298056D+01  2.616994370086D+01  2.617161348105D+01  2.617332379835D+01
  2.617507499027D+01  2.617686856987D+01  2.617870491096D+01  2.618058556326D+01
  2.618251093760D+01  2.618448262111D+01  2.618650106238D+01  2.618856788658D+01
  2.619068358065D+01  2.619284980840D+01  2.619506709563D+01  2.619733714524D+01
  2.619966052230D+01  2.620203896911D+01  2.620447309028D+01  2.620696466771D+01
  2.620951434563D+01  2.621212394556D+01  2.621479415127D+01  2.621752682370D+01
  2.622032268588D+01  2.622318363776D+01  2.622611044108D+01  2.622910503414D+01
  2.623216821658D+01  2.623530196408D+01  2.623850711307D+01  2.624178567532D+01
  2.624513852255D+01  2.624856770096D+01  2.625207411572D+01  2.625565984537D+01
  2.625932582617D+01  2.626307416644D+01  2.626690583076D+01  2.627082295412D+01
  2.627482652603D+01  2.627891870450D+01  2.628310049994D+01  2.628737408904D+01
  2.629174049844D+01  2.629620191844D+01  2.630075938644D+01  2.630541510045D+01
  2.631017010234D+01  2.631502659103D+01  2.631998560559D+01  2.632504933811D+01
  2.633021881652D+01  2.633549621722D+01  2.634088254755D+01  2.634637995814D+01
  2.635198942501D+01  2.635771306163D+01  2.636355180060D+01  2.636950770534D+01
  2.637558165143D+01  2.638177563780D+01  2.638809046769D+01  2.639452805939D+01
  2.640108912670D+01  2.640777548916D+01  2.641458775205D+01  2.642152761608D+01
  2.642859555675D+01  2.643579313356D+01  2.644312066873D+01  2.645057955573D+01
  2.645816993743D+01  2.646589301390D+01  2.647374871989D+01  2.648173803185D+01
  2.648986064471D+01  2.649811727808D+01  2.650650735224D+01  2.651503129352D+01
  2.652368820934D+01  2.653247819283D+01  2.654139999686D+01  2.655045333770D+01
  2.655963656814D+01  2.656894898009D+01  2.657838847671D+01  2.658795387393D+01
  2.659764257147D+01  2.660745285330D+01  2.661738155752D+01  2.662742637560D+01
  2.663758352113D+01  2.664785002788D+01  2.665822141724D+01  2.666869399510D+01
  2.667926251806D+01  2.668992248896D+01  2.670066782185D+01  2.671149313624D+01
  2.672239142076D+01  2.673335632610D+01  2.674437982739D+01  2.675545451585D+01
  2.676657125989D+01  2.677772149553D+01  2.678889488621D+01  2.680008161203D+01
  2.681127002839D+01  2.682244895408D+01  2.683360532887D+01  2.684472650057D+01
  2.685579788161D+01  2.686680523528D+01  2.687773233150D+01  2.688856323235D+01
  2.689927994727D+01  2.690986471809D+01  2.692029767394D+01  2.693055911607D+01
  2.694062717271D+01  2.695048008409D+01  2.696009385760D+01  2.696944455336D+01
  2.697850594020D+01  2.698725178220D+01  2.699565349596D+01  2.700368243873D+01
  2.701130756749D+01  2.701849772930D+01  2.702521932292D+01  2.703143859199D+01
  2.703711928995D+01  2.704222497692D+01  2.704671668867D+01  2.705055523811D+01
  2.705369888926D+01  2.705610566424D+01  2.705773102330D+01  2.705853017837D+01
  2.705845578024D+01  2.705746023976D+01  2.705549342333D+01  2.705250498299D+01
  2.704844206143D+01  2.704325163224D+01  2.703687821568D+01  2.702926623035D+01
  2.702035772110D+01  2.701009472342D+01  2.699841700468D+01  2.698526444260D+01
  2.697057478113D+01  2.695428602412D+01  2.693633420704D+01  2.691665580707D+01
  2.689518553163D+01  2.687185874584D+01  2.684660927885D+01  2.681937186931D+01
  2.679007999013D+01  2.675866831254D+01  2.672507054951D+01  2.668922193849D+01
  2.665105710346D+01  2.661051255601D+01  2.656752457543D+01  2.652203172733D+01
  2.647397276059D+01  2.642328914206D+01  2.636992296862D+01  2.631381951583D+01
  2.625492516247D+01  2.619318995026D+01  2.612856551766D+01  2.606100766671D+01
  2.599047430185D+01  2.591692799937D+01  2.584033394601D+01  2.576066250532D+01
  2.567788714999D+01  2.559198701849D+01  2.550294483413D+01  2.541074944442D+01
  2.531539371880D+01  2.521687706236D+01  2.511520328343D+01  2.501038307244D+01
  2.490243182979D+01  2.479137210004D+01  2.467723134996D+01  2.456004434780D+01
  2.443985088107D+01  2.431669807023D+01  2.419063801644D+01  2.406173003898D+01
  2.393003824185D+01  2.379563366616D+01  2.365859176626D+01  2.351899446754D+01
  2.337692754394D+01  2.323248257353D+01  2.308575421070D+01  2.293684203394D+01
  2.278584770820D+01  2.263287672177D+01  2.247803543745D+01  2.232143271886D+01
  2.216317687302D+01  2.200337717129D+01  2.184214069130D+01  2.167957374415D+01
  2.151577863157D+01  2.135085500008D+01  2.118489654037D+01  2.101799230268D+01
  2.085022338153D+01  2.068166424645D+01  2.051237947890D+01  2.034242520073D+01
  2.017184596387D+01  2.000067639771D+01  1.982893839624D+01  1.965664315395D+01
  1.948378884515D+01  1.931036326666D+01  1.913634224504D+01  1.896169312846D+01
  1.878637415412D+01  1.861033898640D+01  1.843353717307D+01  1.825591974981D+01
  1.807744065220D+01  1.789806305796D+01  1.771776119878D+01  1.753652664683D+01
  1.735436951851D+01  1.717132354742D+01  1.698744547946D+01  1.680281782973D+01
  1.661754561928D+01  1.643175635904D+01  1.624559415776D+01  1.605921747350D+01
  1.587279158920D+01  1.568648545824D+01  1.550046403376D+01  1.531488567258D+01
  1.512989560158D+01  1.494562487068D+01  1.476218560012D+01  1.457967177953D+01
  1.439815628883D+01  1.421769329897D+01  1.403831666098D+01  1.386004341402D+01
  1.368287301943D+01  1.350679146865D+01  1.333177089996D+01  1.315777390552D+01
  1.298475319713D+01  1.281265584487D+01  1.264142278517D+01  1.247099283702D+01
  1.230130194289D+01  1.213228688927D+01  1.196388423583D+01  1.179603371805D+01
  1.162867685940D+01  1.146176006326D+01  1.129523292459D+01  1.112905103417D+01
  1.096317401696D+01  1.079756807856D+01  1.063220380181D+01  1.046705846736D+01
  1.030211363989D+01  1.013735729313D+01  9.972781214385D+00  9.808382960266D+00
  9.644163103012D+00  9.480127036902D+00  9.316282082601D+00  9.152639156037D+00
  8.989209737751D+00  8.826007406060D+00  8.663044667921D+00  8.500334347507D+00
  8.337886264744D+00  8.175708460974D+00  8.013803704757D+00  7.852170531313D+00
  7.690799554264D+00  7.529674359112D+00  7.368767427964D+00  7.208041101740D+00
  7.047443148432D+00
Vac0 POTENTIAL                      exc: Vosko,Wilk,Nusair      
  2.25914357  6.50000000  2.23392349
   0.00000
   2.46891   0.8856778027   0.8856506270
353
 0.25000000D-01 0.37220196D-03
 0 1
  8.331148838276D-01  8.330880337932D-01  8.330597124654D-01  8.330515463910D-01
  8.330469268732D-01  8.330449543250D-01  8.330433003666D-01  8.330432152015D-01
  8.330429890411D-01  8.330441146450D-01  8.330449982115D-01  8.330471966664D-01
  8.330491565626D-01  8.330524635253D-01  8.330555867995D-01  8.330601318089D-01
  8.330645865641D-01  8.330705754199D-01  8.330766062728D-01  8.330843250579D-01
  8.330922635623D-01  8.331020945019D-01  8.331123800399D-01  8.331248274945D-01
  8.331380386654D-01  8.331537664841D-01  8.331706652612D-01  8.331905486171D-01
  8.332121411241D-01  8.332373378149D-01  8.332649577682D-01  8.332970058527D-01
  8.333324289544D-01  8.333733808318D-01  8.334189819868D-01  8.334715887886D-01
  8.335305563099D-01  8.335984100804D-01  8.336677208588D-01  8.336978621158D-01
  8.336691433326D-01  8.336427022207D-01  8.336168676625D-01  8.335931053113D-01
  8.335697629921D-01  8.335483231653D-01  8.335271486129D-01  8.335077351337D-01
  8.334884574412D-01  8.334708220313D-01  8.334532132299D-01  8.334371461925D-01
  8.334210130558D-01  8.334063360496D-01  8.333915137129D-01  8.333780740910D-01
  8.333644210166D-01  8.333520873567D-01  8.333394813438D-01  8.333281398695D-01
  8.333164748484D-01  8.333060265545D-01  8.332952100063D-01  8.332855683318D-01
  8.332755191824D-01  8.332666081058D-01  8.332572549955D-01  8.332490074722D-01
  8.332402873426D-01  8.332326440040D-01  8.332245009133D-01  8.332174089983D-01
  8.332097931371D-01  8.332032055822D-01  8.331960724476D-01  8.331899471359D-01
  8.331832568339D-01  8.331775559472D-01  8.331712726019D-01  8.331659620810D-01
  8.331600533324D-01  8.331551024085D-01  8.331495389782D-01  8.331449197746D-01
  8.331396751025D-01  8.331353622913D-01  8.331304122088D-01  8.331263827153D-01
  8.331217051745D-01  8.331179379145D-01  8.331135127433D-01  8.331099884035D-01
  8.331057970950D-01  8.331024979324D-01  8.330985234629D-01  8.330954331310D-01
  8.330916597953D-01  8.330887631926D-01  8.330851764588D-01  8.330824595906D-01
  8.330790459721D-01  8.330764958323D-01  8.330732427731D-01  8.330708472307D-01
  8.330677430029D-01  8.330654907077D-01  8.330625243159D-01  8.330604046077D-01
  8.330575657052D-01  8.330555685325D-01  8.330528473437D-01  8.330509631886D-01
  8.330483504372D-01  8.330465702469D-01  8.330440570879D-01  8.330423722092D-01
  8.330399501662D-01  8.330383522860D-01  8.330360131930D-01  8.330344942775D-01
  8.330322302209D-01  8.330307824625D-01  8.330285857264D-01  8.330272014880D-01
  8.330250645009D-01  8.330237362631D-01  8.330216515446D-01  8.330203718534D-01
  8.330183319620D-01  8.330170933750D-01  8.330150908548D-01  8.330138858884D-01
  8.330119132149D-01  8.330107342898D-01  8.330087838137D-01  8.330076231977D-01
  8.330056870892D-01  8.330045368389D-01  8.330026070258D-01  8.330014589244D-01
  8.329995270294D-01  8.329983725221D-01  8.329964297956D-01  8.329952599200D-01
  8.329932971681D-01  8.329921024801D-01  8.329901099881D-01  8.329888804819D-01
  8.329868479317D-01  8.329855729540D-01  8.329834893343D-01  8.329821574914D-01
  8.329800110005D-01  8.329786100566D-01  8.329763879971D-01  8.329749047645D-01
  8.329725934282D-01  8.329710136465D-01  8.329685981879D-01  8.329669063926D-01
  8.329643706918D-01  8.329625500693D-01  8.329598765803D-01  8.329579088105D-01
  8.329550783953D-01  8.329529434771D-01  8.329499352234D-01  8.329476112831D-01
  8.329444023035D-01  8.329418653849D-01  8.329384305959D-01  8.329356544280D-01
  8.329319663072D-01  8.329289220486D-01  8.329249503660D-01  8.329216063238D-01
  8.329173178458D-01  8.329136391647D-01  8.329089973285D-01  8.329049456482D-01
  8.328999102016D-01  8.328954432787D-01  8.328899698828D-01  8.328850411732D-01
  8.328790809638D-01  8.328736391625D-01  8.328671382662D-01  8.328611267978D-01
  8.328540257971D-01  8.328473822543D-01  8.328396155971D-01  8.328322711199D-01
  8.328237664670D-01  8.328156450573D-01  8.328063225621D-01  8.327973403260D-01
  8.327871118384D-01  8.327771761495D-01  8.327659443360D-01  8.327549529112D-01
  8.327426102835D-01  8.327304501608D-01  8.327168780014D-01  8.327034244115D-01
  8.326884915875D-01  8.326736067061D-01  8.326571683575D-01  8.326406999268D-01
  8.326225960172D-01  8.326043758221D-01  8.325844295372D-01  8.325642717219D-01
  8.325422876992D-01  8.325199869057D-01  8.324957492780D-01  8.324710785897D-01
  8.324443488227D-01  8.324170574904D-01  8.323875719924D-01  8.323573829219D-01
  8.323248504021D-01  8.322914573763D-01  8.322555559242D-01  8.322186205328D-01
  8.321789943901D-01  8.321381426353D-01  8.320943986275D-01  8.320492171725D-01
  8.320009207638D-01  8.319509527843D-01  8.318976237163D-01  8.318423643153D-01
  8.317834717857D-01  8.317223629234D-01  8.316573202547D-01  8.315897451434D-01
  8.315179038888D-01  8.314431807947D-01  8.313638242211D-01  8.312811996110D-01
  8.311935354916D-01  8.311021764544D-01  8.310053290996D-01  8.309043149647D-01
  8.307973164074D-01  8.306856294758D-01  8.305674097229D-01  8.304439250137D-01
  8.303133012629D-01  8.301767751720D-01  8.300324398828D-01  8.298814976358D-01
  8.297220053311D-01  8.295551271001D-01  8.293788797631D-01  8.291943853046D-01
  8.289996162167D-01  8.287956478683D-01  8.285804037209D-01  8.283549075800D-01
  8.281170286699D-01  8.278677337547D-01  8.276048320556D-01  8.273292272271D-01
  8.270386621004D-01  8.267339704979D-01  8.264128217835D-01  8.260759724972D-01
  8.257210106905D-01  8.253486073607D-01  8.249562605476D-01  8.245445465440D-01
  8.241108637258D-01  8.236556835135D-01  8.231762939052D-01  8.226730501585D-01
  8.221431179914D-01  8.215867239525D-01  8.210008982485D-01  8.203857247650D-01
  8.197380834750D-01  8.190579000658D-01  8.183418878773D-01  8.175897970831D-01
  8.167981560983D-01  8.159665202558D-01  8.150912126125D-01  8.141715720525D-01
  8.132036934088D-01  8.121866749103D-01  8.111163575222D-01  8.099915716395D-01
  8.088078755291D-01  8.075638011524D-01  8.062545915695D-01  8.048784457476D-01
  8.034302547593D-01  8.019078454016D-01  8.003057149810D-01  7.986212735286D-01
  7.968485769172D-01  7.949845674046D-01  7.930228047680D-01  7.909597048401D-01
  7.887882682673D-01  7.865043166180D-01  7.841002182714D-01  7.815711215657D-01
  7.789086771964D-01  7.761072677315D-01  7.731577257339D-01  7.700535587879D-01
  7.667846623521D-01  7.633435392093D-01  7.597190057889D-01  7.559024046555D-01
  7.518813026997D-01  7.476456949012D-01  7.431816923534D-01  7.384777150538D-01
  7.335181671742D-01  7.282896160131D-01  7.227744512201D-01  7.169570462537D-01
  7.108173973667D-01  7.043372629039D-01  6.974937767007D-01  6.902655592588D-01
  6.826262987314D-01  6.745508263518D-01  6.660086562836D-01  6.569700155432D-01
  6.473993315666D-01  6.372612041416D-01  6.265138264549D-01  6.151148830909D-01
  6.030148864296D-01  5.901629804454D-01  5.765001695065D-01  5.619650024206D-01
  5.464866649056D-01  5.299905121308D-01  5.123909895210D-01  4.935969753508D-01
  4.735044877902D-01  4.520017918240D-01  4.289618496161D-01  4.042471358255D-01
  3.777017797507D-01  3.491562363234D-01  3.184184685408D-01  2.852790307143D-01
  2.495014991557D-01
Vac0 POTENTIAL                      exc: Vosko,Wilk,Nusair      
  1.72127726  6.50000000  1.73067725
   0.00000
   2.01081   0.8856778027   0.8856506270
353
 0.25000000D-01 0.30314114D-03
 0 1
  6.288066272599D-01  6.287660954190D-01  6.287241210931D-01  6.287114033199D-01
  6.287043448190D-01  6.287001355934D-01  6.286968193588D-01  6.286947406024D-01
  6.286928382118D-01  6.286918024250D-01  6.286907328372D-01  6.286904046718D-01
  6.286899670547D-01  6.286902263494D-01  6.286903528381D-01  6.286911681742D-01
  6.286918544852D-01  6.286932431563D-01  6.286945248476D-01  6.286965388581D-01
  6.286984835033D-01  6.287012058486D-01  6.287039122550D-01  6.287074583869D-01
  6.287110599641D-01  6.287155829221D-01  6.287202544209D-01  6.287259531950D-01
  6.287319208049D-01  6.287390523045D-01  6.287466077381D-01  6.287555032138D-01
  6.287650227846D-01  6.287761099771D-01  6.287880802490D-01  6.288019131117D-01
  6.288169649903D-01  6.288342434477D-01  6.288515421037D-01  6.288579041735D-01
  6.288488926091D-01  6.288407562475D-01  6.288326393204D-01  6.288253339976D-01
  6.288179903618D-01  6.288114057648D-01  6.288047349169D-01  6.287987792943D-01
  6.287926972849D-01  6.287872936806D-01  6.287817298442D-01  6.287768132411D-01
  6.287717076484D-01  6.287672227211D-01  6.287625242232D-01  6.287584236048D-01
  6.287540882678D-01  6.287503311576D-01  6.287463210346D-01  6.287428720936D-01
  6.287391542360D-01  6.287359827012D-01  6.287325283523D-01  6.287296073111D-01
  6.287263912601D-01  6.287236970672D-01  6.287206971094D-01  6.287182088979D-01
  6.287154054005D-01  6.287131046789D-01  6.287104802119D-01  6.287083505341D-01
  6.287058895637D-01  6.287039162465D-01  6.287016048800D-01  6.286997747671D-01
  6.286976005377D-01  6.286959018038D-01  6.286938534829D-01  6.286922754590D-01
  6.286903429024D-01  6.286888759336D-01  6.286870499459D-01  6.286856852676D-01
  6.286839574873D-01  6.286826871146D-01  6.286810499122D-01  6.286798665504D-01
  6.286783129424D-01  6.286772099024D-01  6.286757334769D-01  6.286747046048D-01
  6.286732994518D-01  6.286723390680D-01  6.286709997212D-01  6.286701025620D-01
  6.286688239503D-01  6.286679851201D-01  6.286667625138D-01  6.286659774417D-01
  6.286648064155D-01  6.286640708130D-01  6.286629472074D-01  6.286622570341D-01
  6.286611769201D-01  6.286605283494D-01  6.286594879958D-01  6.286588773852D-01
  6.286578732299D-01  6.286572970917D-01  6.286563257142D-01  6.286557806883D-01
  6.286548387834D-01  6.286543216126D-01  6.286534059654D-01  6.286529134707D-01
  6.286520209312D-01  6.286515499869D-01  6.286506774483D-01  6.286502249601D-01
  6.286493693340D-01  6.286489322142D-01  6.286480904082D-01  6.286476655528D-01
  6.286468344460D-01  6.286464187111D-01  6.286455951299D-01  6.286451853070D-01
  6.286443660014D-01  6.286439587914D-01  6.286431404077D-01  6.286427323956D-01
  6.286419114494D-01  6.286414990752D-01  6.286406719236D-01  6.286402514530D-01
  6.286394142627D-01  6.286389817558D-01  6.286381304710D-01  6.286376817475D-01
  6.286368120548D-01  6.286363426578D-01  6.286354499479D-01  6.286349551048D-01
  6.286340344304D-01  6.286335090094D-01  6.286325550416D-01  6.286319935043D-01
  6.286310004831D-01  6.286303968341D-01  6.286293585150D-01  6.286287062460D-01
  6.286276158410D-01  6.286269078689D-01  6.286257579832D-01  6.286249865832D-01
  6.286237691440D-01  6.286229258760D-01  6.286216320552D-01  6.286207076823D-01
  6.286193278116D-01  6.286183122105D-01  6.286168356874D-01  6.286157177504D-01
  6.286141329350D-01  6.286129004615D-01  6.286111945624D-01  6.286098341391D-01
  6.286079930882D-01  6.286064899576D-01  6.286044982713D-01  6.286028361857D-01
  6.286006768124D-01  6.285988378738D-01  6.285964920250D-01  6.285944565078D-01
  6.285919034720D-01  6.285896496273D-01  6.285868665641D-01  6.285843704036D-01
  6.285813321171D-01  6.285785671747D-01  6.285752458624D-01  6.285721829302D-01
  6.285685479064D-01  6.285651547438D-01  6.285611721329D-01  6.285574131452D-01
  6.285530455441D-01  6.285488814264D-01  6.285440875308D-01  6.285394748763D-01
  6.285342090677D-01  6.285290999327D-01  6.285233118227D-01  6.285176532477D-01
  6.285112871737D-01  6.285050206534D-01  6.284980151212D-01  6.284910760190D-01
  6.284833630874D-01  6.284756799879D-01  6.284671845886D-01  6.284586785822D-01
  6.284493177671D-01  6.284399016598D-01  6.284295837702D-01  6.284191612091D-01
  6.284077849568D-01  6.283962494646D-01  6.283837029162D-01  6.283709368229D-01
  6.283570962773D-01  6.283429695405D-01  6.283276982878D-01  6.283120671874D-01
  6.282952141370D-01  6.282779198330D-01  6.282593179968D-01  6.282401849344D-01
  6.282196497504D-01  6.281984838971D-01  6.281758113753D-01  6.281523982714D-01
  6.281273629442D-01  6.281014655476D-01  6.280738182031D-01  6.280451745064D-01
  6.280146396825D-01  6.279829600769D-01  6.279492332902D-01  6.279141976515D-01
  6.278769423319D-01  6.278381967972D-01  6.277970408984D-01  6.277541943011D-01
  6.277087265509D-01  6.276613464774D-01  6.276111122308D-01  6.275587206580D-01
  6.275032173081D-01  6.274452857773D-01  6.273839576793D-01  6.273199019561D-01
  6.272521348096D-01  6.271813089745D-01  6.271064236068D-01  6.270281135147D-01
  6.269453589996D-01  6.268587750402D-01  6.267673210806D-01  6.266715901629D-01
  6.265705186564D-01  6.264646753332D-01  6.263529710316D-01  6.262359476686D-01
  6.261124878310D-01  6.259831037168D-01  6.258466466460D-01  6.257035959239D-01
  6.255527682617D-01  6.253946065529D-01  6.252278891949D-01  6.250530187673D-01
  6.248687312432D-01  6.246753845596D-01  6.244716677049D-01  6.242578891685D-01
  6.240326858915D-01  6.237963115811D-01  6.235473455080D-01  6.232859806705D-01
  6.230107324205D-01  6.227217264592D-01  6.224174072718D-01  6.220978259347D-01
  6.217613483354D-01  6.214079427687D-01  6.210358879161D-01  6.206450602042D-01
  6.202336415141D-01  6.198014062733D-01  6.193464288601D-01  6.188683703946D-01
  6.183651858009D-01  6.178364102571D-01  6.172798658707D-01  6.166949477424D-01
  6.160793302034D-01  6.154322524411D-01  6.147512242381D-01  6.140353110990D-01
  6.132818394217D-01  6.124896810543D-01  6.116559578174D-01  6.107793254067D-01
  6.098566771722D-01  6.088864272662D-01  6.078652135669D-01  6.067911799547D-01
  6.056606782451D-01  6.044715494529D-01  6.032198245750D-01  6.019030046718D-01
  6.005167603076D-01  5.990582102448D-01  5.975226193077D-01  5.959066754411D-01
  5.942051857136D-01  5.924143514346D-01  5.905284619498D-01  5.885431674412D-01
  5.864521700871D-01  5.842504940790D-01  5.819311736165D-01  5.794885195628D-01
  5.769148036142D-01  5.742035208704D-01  5.713460693536D-01  5.683350075840D-01
  5.651607284106D-01  5.618147104442D-01  5.582861848908D-01  5.545653793871D-01
  5.506401761751D-01  5.464993464908D-01  5.421291979666D-01  5.375167972088D-01
  5.326466037285D-01  5.275036776800D-01  5.220702968570D-01  5.163291456978D-01
  5.102599108924D-01  5.038424466292D-01  4.970533430600D-01  4.898690612864D-01
  4.822624672317D-01  4.742059279253D-01  4.656678011066D-01  4.566154818260D-01
  4.470118351920D-01  4.368181789858D-01  4.259906431494D-01  4.144830698220D-01
  4.022432782469D-01  3.892158575231D-01  3.753383119257D-01  3.605437110128D-01
  3.447566768300D-01  3.278959946779D-01  3.098699175087D-01  2.905791979122D-01
  2.699117273044D-01
