In49 POTENTIAL                      exc: Vosko,Wilk,Nusair      
  2.25914357  6.50000000  2.23392349
  49.00000
   2.46891   0.8856778006   0.8856506271
353
 0.25000000D-01 0.37220196D-03
 9 1
    0  -1.96656160000D+03
    0  -2.87428550000D+02
    0  -5.37136240000D+01
    0  -7.39818510000D+00
    1  -2.68528840000D+02
    1  -4.59639090000D+01
    1  -4.86454470000D+00
    2  -3.15522220000D+01
    2  -7.38539920000D-01
  4.725879640591D+02  4.726143297027D+02  4.726412978586D+02  4.726688749349D+02
  4.726970696198D+02  4.727258957890D+02  4.727553630717D+02  4.727854854658D+02
  4.728162728427D+02  4.728477393530D+02  4.728798950430D+02  4.729127541839D+02
  4.729463269488D+02  4.729806276925D+02  4.730156666664D+02  4.730514582648D+02
  4.730880127644D+02  4.731253445467D+02  4.731634638546D+02  4.732023849957D+02
  4.732421181123D+02  4.732826773688D+02  4.733240727308D+02  4.733663181400D+02
  4.734094232998D+02  4.734534018391D+02  4.734982631028D+02  4.735440203051D+02
  4.735906823240D+02  4.736382618449D+02  4.736867671570D+02  4.737362102886D+02
  4.737865988046D+02  4.738379439327D+02  4.738902523614D+02  4.739435343586D+02
  4.739977955678D+02  4.740530451190D+02  4.741092874238D+02  4.741665302775D+02
  4.742247766607D+02  4.742840328076D+02  4.743443000218D+02  4.744055827536D+02
  4.744678803859D+02  4.745311953114D+02  4.745955247149D+02  4.746608686412D+02
  4.747272217720D+02  4.747945814856D+02  4.748629396279D+02  4.749322905622D+02
  4.750026229344D+02  4.750739277131D+02  4.751461899477D+02  4.752193967988D+02
  4.752935292881D+02  4.753685703192D+02  4.754444964193D+02  4.755212857489D+02
  4.755989098354D+02  4.756773415715D+02  4.757565469396D+02  4.758364929993D+02
  4.759171396024D+02  4.759984473683D+02  4.760803693893D+02  4.761628591951D+02
  4.762458624470D+02  4.763293248911D+02  4.764131840422D+02  4.764973771254D+02
  4.765818327495D+02  4.766664788370D+02  4.767512342876D+02  4.768360168968D+02
  4.769207350095D+02  4.770052954279D+02  4.770895950561D+02  4.771735287975D+02
  4.772569811909D+02  4.773398342994D+02  4.774219593386D+02  4.775032245578D+02
  4.775834868625D+02  4.776625996887D+02  4.777404046221D+02  4.778167392676D+02
  4.778914288667D+02  4.779642941653D+02  4.780351430315D+02  4.781037783250D+02
  4.781699895181D+02  4.782335605704D+02  4.782942615567D+02  4.783518565507D+02
  4.784060952646D+02  4.784567209460D+02  4.785034620342D+02  4.785460400759D+02
  4.785841614035D+02  4.786175250754D+02  4.786458145827D+02  4.786687058210D+02
  4.786858588325D+02  4.786969258159D+02  4.787015429120D+02  4.786993382600D+02
  4.786899238344D+02  4.786729035562D+02  4.786478651902D+02  4.786143885207D+02
  4.785720373175D+02  4.785203675862D+02  4.784589196129D+02  4.783872262979D+02
  4.783048052897D+02  4.782111674125D+02  4.781058088978D+02  4.779882199157D+02
  4.778578769146D+02  4.777142512639D+02  4.775568017111D+02  4.773849831443D+02
  4.771982391728D+02  4.769960110170D+02  4.767777302188D+02  4.765428276620D+02
  4.762907264160D+02  4.760208508900D+02  4.757326198091D+02  4.754254555006D+02
  4.750987770002D+02  4.747520094637D+02  4.743845773955D+02  4.739959141755D+02
  4.735854553957D+02  4.731526484860D+02  4.726969461391D+02  4.722178160117D+02
  4.717147342110D+02  4.711871950400D+02  4.706347045103D+02  4.700567900931D+02
  4.694529942140D+02  4.688228839617D+02  4.681660445124D+02  4.674820887386D+02
  4.667706505016D+02  4.660313940946D+02  4.652640073326D+02  4.644682107551D+02
  4.636437504364D+02  4.627904068663D+02  4.619079873977D+02  4.609963347205D+02
  4.600553188597D+02  4.590848451584D+02  4.580848457433D+02  4.570552869361D+02
  4.559961601123D+02  4.549074884753D+02  4.537893172511D+02  4.526417197875D+02
  4.514647870569D+02  4.502586330674D+02  4.490233837040D+02  4.477591815041D+02
  4.464661739169D+02  4.451445175712D+02  4.437943661265D+02  4.424158742580D+02
  4.410091853819D+02  4.395744357029D+02  4.381117422237D+02  4.366212073332D+02
  4.351029076429D+02  4.335568997180D+02  4.319832103930D+02  4.303818443276D+02
  4.287527764898D+02  4.270959621953D+02  4.254113323429D+02  4.236988063969D+02
  4.219582906440D+02  4.201896941345D+02  4.183929296590D+02  4.165679319673D+02
  4.147146603689D+02  4.128331177032D+02  4.109233526299D+02  4.089854770813D+02
  4.070196657510D+02  4.050261694812D+02  4.030053095467D+02  4.009574849367D+02
  3.988831599686D+02  3.967828647520D+02  3.946571762973D+02  3.925067132422D+02
  3.903321124023D+02  3.881340204397D+02  3.859130690632D+02  3.836698671247D+02
  3.814049779617D+02  3.791189151751D+02  3.768121249188D+02  3.744849875562D+02
  3.721378064036D+02  3.697708160553D+02  3.673841776786D+02  3.649779934867D+02
  3.625523075391D+02  3.601071248990D+02  3.576424161707D+02  3.551581393695D+02
  3.526542461128D+02  3.501307040856D+02  3.475875028000D+02  3.450246746521D+02
  3.424422983705D+02  3.398405169320D+02  3.372195371573D+02  3.345796431636D+02
  3.319211909949D+02  3.292446167625D+02  3.265504257527D+02  3.238391950030D+02
  3.211115569836D+02  3.183681970831D+02  3.156098327624D+02  3.128372072784D+02
  3.100510661480D+02  3.072521494804D+02  3.044411685664D+02  3.016188001353D+02
  2.987856668018D+02  2.959423371996D+02  2.930893142468D+02  2.902270447768D+02
  2.873559184630D+02  2.844762884776D+02  2.815884807496D+02  2.786928229985D+02
  2.757896590759D+02  2.728793786246D+02  2.699624268280D+02  2.670393241740D+02
  2.641106617578D+02  2.611771036425D+02  2.582393640448D+02  2.552981933933D+02
  2.523543433552D+02  2.494085465856D+02  2.464614820742D+02  2.435137616196D+02
  2.405659072157D+02  2.376183532095D+02  2.346714411016D+02  2.317254390119D+02
  2.287805521368D+02  2.258369550937D+02  2.228948117903D+02  2.199543133947D+02
  2.170157000991D+02  2.140792974801D+02  2.111455335166D+02  2.082149675882D+02
  2.052882980032D+02  2.023663799048D+02  1.994502206138D+02  1.965409846857D+02
  1.936399762829D+02  1.907486314787D+02  1.878684884718D+02  1.850011687667D+02
  1.821483375490D+02  1.793116767236D+02  1.764928391490D+02  1.736934179284D+02
  1.709148997045D+02  1.681586363289D+02  1.654258044271D+02  1.627173878941D+02
  1.600341534796D+02  1.573766549772D+02  1.547452361467D+02  1.521400669217D+02
  1.495611805517D+02  1.470085418547D+02  1.444821079892D+02  1.419819048555D+02
  1.395080747112D+02  1.370609163262D+02  1.346408776473D+02  1.322485329343D+02
  1.298845183550D+02  1.275494706965D+02  1.252439501606D+02  1.229683914371D+02
  1.207230574363D+02  1.185080304934D+02  1.163232065551D+02  1.141683208973D+02
  1.120429677205D+02  1.099466416125D+02  1.078787642833D+02  1.058387263883D+02
  1.038259097606D+02  1.018397216557D+02  9.987960765421D+01  9.794507591361D+01
  9.603570014588D+01  9.415113444472D+01  9.229110773074D+01  9.045543107474D+01
  8.864398576843D+01  8.685672542081D+01  8.509365992914D+01  8.335485453911D+01
  8.164041176647D+01  7.995046929112D+01  7.828518149422D+01  7.664471763066D+01
  7.502924420136D+01  7.343892440040D+01  7.187390210573D+01  7.033430318485D+01
  6.882022150808D+01  6.733172235904D+01  6.586883058453D+01  6.443153611659D+01
  6.301978418548D+01  6.163348282275D+01  6.027249497084D+01  5.893664777768D+01
  5.762572639488D+01  5.633948482729D+01  5.507764113009D+01  5.383988942877D+01
  5.262589598587D+01  5.143531166862D+01  5.026776794410D+01  4.912288865562D+01
  4.800028469525D+01  4.689956387561D+01  4.582032329777D+01  4.476215674091D+01
  4.372464467679D+01  4.270735979930D+01  4.170985512165D+01  4.073166936128D+01
  3.977231426200D+01
N_07 POTENTIAL                      exc: Vosko,Wilk,Nusair      
  1.72127726  6.50000000  1.73067725
   7.00000
   2.01081   0.8856778006   0.8856506271
353
 0.25000000D-01 0.30314114D-03
 2 1
    0  -2.69998930000D+01
    0  -4.29582100000D-01
  2.611904919106D+01  2.611943107856D+01  2.611982223638D+01  2.612024858023D+01
  2.612069055059D+01  2.612114597647D+01  2.612161360358D+01  2.612209388850D+01
  2.612258633628D+01  2.612309170494D+01  2.612360964653D+01  2.612414100281D+01
  2.612468548016D+01  2.612524395953D+01  2.612581617821D+01  2.612640304325D+01
  2.612700431525D+01  2.612762092283D+01  2.612825264711D+01  2.612890043666D+01
  2.612956409225D+01  2.613024458198D+01  2.613094172615D+01  2.613165651251D+01
  2.613238878122D+01  2.613313954010D+01  2.613390864968D+01  2.613469713845D+01
  2.613550488794D+01  2.613633294800D+01  2.613718122192D+01  2.613805078167D+01
  2.613894155306D+01  2.613985463103D+01  2.614078996475D+01  2.614174867294D+01
  2.614273072905D+01  2.614373727648D+01  2.614476831398D+01  2.614582501427D+01
  2.614690778554D+01  2.614801742910D+01  2.614915399686D+01  2.615031871209D+01
  2.615151165458D+01  2.615273407598D+01  2.615398608496D+01  2.615526896249D+01
  2.615658284709D+01  2.615792905006D+01  2.615930774072D+01  2.616072026168D+01
  2.616216681403D+01  2.616364877264D+01  2.616516637132D+01  2.616672101815D+01
  2.616831298062D+01  2.616994370091D+01  2.617161348111D+01  2.617332379841D+01
  2.617507499032D+01  2.617686856993D+01  2.617870491102D+01  2.618058556331D+01
  2.618251093765D+01  2.618448262117D+01  2.618650106244D+01  2.618856788664D+01
  2.619068358071D+01  2.619284980846D+01  2.619506709569D+01  2.619733714530D+01
  2.619966052236D+01  2.620203896917D+01  2.620447309034D+01  2.620696466777D+01
  2.620951434569D+01  2.621212394562D+01  2.621479415133D+01  2.621752682376D+01
  2.622032268594D+01  2.622318363782D+01  2.622611044114D+01  2.622910503420D+01
  2.623216821664D+01  2.623530196414D+01  2.623850711313D+01  2.624178567538D+01
  2.624513852261D+01  2.624856770102D+01  2.625207411578D+01  2.625565984543D+01
  2.625932582623D+01  2.626307416650D+01  2.626690583082D+01  2.627082295418D+01
  2.627482652609D+01  2.627891870456D+01  2.628310050000D+01  2.628737408910D+01
  2.629174049850D+01  2.629620191850D+01  2.630075938650D+01  2.630541510051D+01
  2.631017010240D+01  2.631502659109D+01  2.631998560565D+01  2.632504933817D+01
  2.633021881658D+01  2.633549621728D+01  2.634088254761D+01  2.634637995820D+01
  2.635198942507D+01  2.635771306169D+01  2.636355180066D+01  2.636950770540D+01
  2.637558165149D+01  2.638177563786D+01  2.638809046775D+01  2.639452805945D+01
  2.640108912676D+01  2.640777548922D+01  2.641458775211D+01  2.642152761614D+01
  2.642859555681D+01  2.643579313362D+01  2.644312066879D+01  2.645057955579D+01
  2.645816993749D+01  2.646589301396D+01  2.647374871995D+01  2.648173803192D+01
  2.648986064477D+01  2.649811727814D+01  2.650650735230D+01  2.651503129358D+01
  2.652368820941D+01  2.653247819290D+01  2.654139999692D+01  2.655045333776D+01
  2.655963656820D+01  2.656894898015D+01  2.657838847677D+01  2.658795387399D+01
  2.659764257153D+01  2.660745285336D+01  2.661738155758D+01  2.662742637566D+01
  2.663758352120D+01  2.664785002794D+01  2.665822141730D+01  2.666869399516D+01
  2.667926251812D+01  2.668992248902D+01  2.670066782191D+01  2.671149313630D+01
  2.672239142082D+01  2.673335632616D+01  2.674437982745D+01  2.675545451591D+01
  2.676657125995D+01  2.677772149560D+01  2.678889488627D+01  2.680008161209D+01
  2.681127002845D+01  2.682244895414D+01  2.683360532893D+01  2.684472650063D+01
  2.685579788167D+01  2.686680523534D+01  2.687773233156D+01  2.688856323241D+01
  2.689927994732D+01  2.690986471815D+01  2.692029767400D+01  2.693055911612D+01
  2.694062717277D+01  2.695048008415D+01  2.696009385765D+01  2.696944455342D+01
  2.697850594026D+01  2.698725178226D+01  2.699565349602D+01  2.700368243878D+01
  2.701130756754D+01  2.701849772935D+01  2.702521932297D+01  2.703143859204D+01
  2.703711929000D+01  2.704222497697D+01  2.704671668872D+01  2.705055523816D+01
  2.705369888931D+01  2.705610566429D+01  2.705773102334D+01  2.705853017842D+01
  2.705845578029D+01  2.705746023981D+01  2.705549342337D+01  2.705250498303D+01
  2.704844206147D+01  2.704325163228D+01  2.703687821572D+01  2.702926623039D+01
  2.702035772114D+01  2.701009472345D+01  2.699841700471D+01  2.698526444263D+01
  2.697057478116D+01  2.695428602415D+01  2.693633420707D+01  2.691665580709D+01
  2.689518553165D+01  2.687185874586D+01  2.684660927887D+01  2.681937186932D+01
  2.679007999014D+01  2.675866831255D+01  2.672507054951D+01  2.668922193849D+01
  2.665105710346D+01  2.661051255601D+01  2.656752457542D+01  2.652203172732D+01
  2.647397276058D+01  2.642328914205D+01  2.636992296861D+01  2.631381951580D+01
  2.625492516244D+01  2.619318995024D+01  2.612856551763D+01  2.606100766667D+01
  2.599047430181D+01  2.591692799932D+01  2.584033394597D+01  2.576066250527D+01
  2.567788714993D+01  2.559198701843D+01  2.550294483407D+01  2.541074944435D+01
  2.531539371872D+01  2.521687706228D+01  2.511520328335D+01  2.501038307235D+01
  2.490243182970D+01  2.479137209994D+01  2.467723134986D+01  2.456004434769D+01
  2.443985088096D+01  2.431669807011D+01  2.419063801632D+01  2.406173003886D+01
  2.393003824172D+01  2.379563366602D+01  2.365859176612D+01  2.351899446740D+01
  2.337692754380D+01  2.323248257338D+01  2.308575421055D+01  2.293684203378D+01
  2.278584770804D+01  2.263287672161D+01  2.247803543728D+01  2.232143271868D+01
  2.216317687285D+01  2.200337717111D+01  2.184214069112D+01  2.167957374396D+01
  2.151577863138D+01  2.135085499990D+01  2.118489654018D+01  2.101799230249D+01
  2.085022338134D+01  2.068166424626D+01  2.051237947871D+01  2.034242520054D+01
  2.017184596367D+01  2.000067639752D+01  1.982893839605D+01  1.965664315375D+01
  1.948378884495D+01  1.931036326647D+01  1.913634224485D+01  1.896169312827D+01
  1.878637415393D+01  1.861033898620D+01  1.843353717288D+01  1.825591974962D+01
  1.807744065201D+01  1.789806305777D+01  1.771776119859D+01  1.753652664664D+01
  1.735436951831D+01  1.717132354723D+01  1.698744547926D+01  1.680281782953D+01
  1.661754561908D+01  1.643175635883D+01  1.624559415755D+01  1.605921747329D+01
  1.587279158899D+01  1.568648545802D+01  1.550046403354D+01  1.531488567235D+01
  1.512989560136D+01  1.494562487045D+01  1.476218559989D+01  1.457967177930D+01
  1.439815628860D+01  1.421769329874D+01  1.403831666074D+01  1.386004341379D+01
  1.368287301919D+01  1.350679146841D+01  1.333177089973D+01  1.315777390528D+01
  1.298475319689D+01  1.281265584464D+01  1.264142278493D+01  1.247099283678D+01
  1.230130194266D+01  1.213228688903D+01  1.196388423559D+01  1.179603371782D+01
  1.162867685917D+01  1.146176006303D+01  1.129523292436D+01  1.112905103395D+01
  1.096317401674D+01  1.079756807834D+01  1.063220380160D+01  1.046705846715D+01
  1.030211363968D+01  1.013735729292D+01  9.972781214183D+00  9.808382960068D+00
  9.644163102820D+00  9.480127036715D+00  9.316282082420D+00  9.152639155863D+00
  8.989209737584D+00  8.826007405900D+00  8.663044667769D+00  8.500334347365D+00
  8.337886264611D+00  8.175708460851D+00  8.013803704644D+00  7.852170531210D+00
  7.690799554172D+00  7.529674359031D+00  7.368767427895D+00  7.208041101682D+00
  7.047443148385D+00
Vac0 POTENTIAL                      exc: Vosko,Wilk,Nusair      
  2.25914357  6.50000000  2.23392349
   0.00000
   2.46891   0.8856778006   0.8856506271
353
 0.25000000D-01 0.37220196D-03
 0 1
  8.331148846950D-01  8.330880342286D-01  8.330597124579D-01  8.330515463594D-01
  8.330469268375D-01  8.330449543040D-01  8.330433003314D-01  8.330432151811D-01
  8.330429890107D-01  8.330441146255D-01  8.330449981883D-01  8.330471966453D-01
  8.330491565356D-01  8.330524635001D-01  8.330555867747D-01  8.330601317846D-01
  8.330645865343D-01  8.330705753946D-01  8.330766062485D-01  8.330843250317D-01
  8.330922635330D-01  8.331020944758D-01  8.331123800106D-01  8.331248274704D-01
  8.331380386417D-01  8.331537664567D-01  8.331706652330D-01  8.331905485863D-01
  8.332121410999D-01  8.332373377874D-01  8.332649577432D-01  8.332970058266D-01
  8.333324289295D-01  8.333733808076D-01  8.334189819637D-01  8.334715887664D-01
  8.335305562912D-01  8.335984100658D-01  8.336677208475D-01  8.336978621053D-01
  8.336691433204D-01  8.336427022092D-01  8.336168676496D-01  8.335931052989D-01
  8.335697629779D-01  8.335483231513D-01  8.335271485954D-01  8.335077351185D-01
  8.334884574265D-01  8.334708220164D-01  8.334532132124D-01  8.334371461759D-01
  8.334210130387D-01  8.334063360315D-01  8.333915136950D-01  8.333780740723D-01
  8.333644209972D-01  8.333520873383D-01  8.333394813251D-01  8.333281398481D-01
  8.333164748284D-01  8.333060265338D-01  8.332952099853D-01  8.332855683105D-01
  8.332755191603D-01  8.332666080845D-01  8.332572549742D-01  8.332490074493D-01
  8.332402873199D-01  8.332326439817D-01  8.332245008908D-01  8.332174089757D-01
  8.332097931141D-01  8.332032055597D-01  8.331960724247D-01  8.331899471127D-01
  8.331832568106D-01  8.331775559232D-01  8.331712725784D-01  8.331659620570D-01
  8.331600533081D-01  8.331551023837D-01  8.331495389538D-01  8.331449197501D-01
  8.331396750776D-01  8.331353622667D-01  8.331304121850D-01  8.331263826904D-01
  8.331217051495D-01  8.331179378901D-01  8.331135127180D-01  8.331099883783D-01
  8.331057970698D-01  8.331024979066D-01  8.330985234376D-01  8.330954331056D-01
  8.330916597697D-01  8.330887631668D-01  8.330851764328D-01  8.330824595651D-01
  8.330790459463D-01  8.330764958062D-01  8.330732427474D-01  8.330708472052D-01
  8.330677429766D-01  8.330654906820D-01  8.330625242896D-01  8.330604045816D-01
  8.330575656789D-01  8.330555685060D-01  8.330528473172D-01  8.330509631623D-01
  8.330483504108D-01  8.330465702203D-01  8.330440570614D-01  8.330423721827D-01
  8.330399501398D-01  8.330383522593D-01  8.330360131661D-01  8.330344942507D-01
  8.330322301940D-01  8.330307824356D-01  8.330285856995D-01  8.330272014612D-01
  8.330250644738D-01  8.330237362362D-01  8.330216515177D-01  8.330203718264D-01
  8.330183319349D-01  8.330170933477D-01  8.330150908276D-01  8.330138858614D-01
  8.330119131874D-01  8.330107342624D-01  8.330087837865D-01  8.330076231702D-01
  8.330056870620D-01  8.330045368115D-01  8.330026069983D-01  8.330014588969D-01
  8.329995270019D-01  8.329983724946D-01  8.329964297681D-01  8.329952598924D-01
  8.329932971405D-01  8.329921024525D-01  8.329901099605D-01  8.329888804543D-01
  8.329868479041D-01  8.329855729264D-01  8.329834893066D-01  8.329821574637D-01
  8.329800109728D-01  8.329786100289D-01  8.329763879695D-01  8.329749047368D-01
  8.329725934005D-01  8.329710136187D-01  8.329685981602D-01  8.329669063647D-01
  8.329643706639D-01  8.329625500415D-01  8.329598765524D-01  8.329579087828D-01
  8.329550783674D-01  8.329529434493D-01  8.329499351954D-01  8.329476112552D-01
  8.329444022755D-01  8.329418653570D-01  8.329384305680D-01  8.329356544000D-01
  8.329319662793D-01  8.329289220207D-01  8.329249503380D-01  8.329216062959D-01
  8.329173178178D-01  8.329136391367D-01  8.329089973006D-01  8.329049456203D-01
  8.328999101737D-01  8.328954432507D-01  8.328899698547D-01  8.328850411453D-01
  8.328790809359D-01  8.328736391345D-01  8.328671382382D-01  8.328611267699D-01
  8.328540257691D-01  8.328473822263D-01  8.328396155691D-01  8.328322710919D-01
  8.328237664390D-01  8.328156450293D-01  8.328063225341D-01  8.327973402980D-01
  8.327871118103D-01  8.327771761215D-01  8.327659443081D-01  8.327549528832D-01
  8.327426102555D-01  8.327304501328D-01  8.327168779735D-01  8.327034243835D-01
  8.326884915596D-01  8.326736066782D-01  8.326571683296D-01  8.326406998988D-01
  8.326225959893D-01  8.326043757942D-01  8.325844295093D-01  8.325642716940D-01
  8.325422876714D-01  8.325199868779D-01  8.324957492502D-01  8.324710785619D-01
  8.324443487949D-01  8.324170574626D-01  8.323875719646D-01  8.323573828942D-01
  8.323248503744D-01  8.322914573487D-01  8.322555558965D-01  8.322186205052D-01
  8.321789943625D-01  8.321381426078D-01  8.320943986000D-01  8.320492171451D-01
  8.320009207364D-01  8.319509527569D-01  8.318976236890D-01  8.318423642880D-01
  8.317834717585D-01  8.317223628963D-01  8.316573202276D-01  8.315897451163D-01
  8.315179038618D-01  8.314431807678D-01  8.313638241942D-01  8.312811995842D-01
  8.311935354649D-01  8.311021764277D-01  8.310053290730D-01  8.309043149382D-01
  8.307973163810D-01  8.306856294495D-01  8.305674096967D-01  8.304439249876D-01
  8.303133012369D-01  8.301767751462D-01  8.300324398570D-01  8.298814976101D-01
  8.297220053056D-01  8.295551270748D-01  8.293788797379D-01  8.291943852796D-01
  8.289996161918D-01  8.287956478436D-01  8.285804036964D-01  8.283549075556D-01
  8.281170286458D-01  8.278677337308D-01  8.276048320320D-01  8.273292272036D-01
  8.270386620772D-01  8.267339704749D-01  8.264128217608D-01  8.260759724748D-01
  8.257210106684D-01  8.253486073389D-01  8.249562605261D-01  8.245445465228D-01
  8.241108637050D-01  8.236556834931D-01  8.231762938851D-01  8.226730501389D-01
  8.221431179722D-01  8.215867239337D-01  8.210008982303D-01  8.203857247472D-01
  8.197380834577D-01  8.190579000490D-01  8.183418878611D-01  8.175897970676D-01
  8.167981560833D-01  8.159665202414D-01  8.150912125988D-01  8.141715720396D-01
  8.132036933966D-01  8.121866748988D-01  8.111163575115D-01  8.099915716296D-01
  8.088078755201D-01  8.075638011443D-01  8.062545915623D-01  8.048784457414D-01
  8.034302547541D-01  8.019078453974D-01  8.003057149779D-01  7.986212735266D-01
  7.968485769164D-01  7.949845674049D-01  7.930228047696D-01  7.909597048430D-01
  7.887882682715D-01  7.865043166236D-01  7.841002182784D-01  7.815711215741D-01
  7.789086772063D-01  7.761072677429D-01  7.731577257469D-01  7.700535588026D-01
  7.667846623684D-01  7.633435392273D-01  7.597190058086D-01  7.559024046769D-01
  7.518813027229D-01  7.476456949261D-01  7.431816923802D-01  7.384777150823D-01
  7.335181672046D-01  7.282896160454D-01  7.227744512542D-01  7.169570462897D-01
  7.108173974046D-01  7.043372629436D-01  6.974937767423D-01  6.902655593021D-01
  6.826262987764D-01  6.745508263985D-01  6.660086563321D-01  6.569700155933D-01
  6.473993316183D-01  6.372612041948D-01  6.265138265094D-01  6.151148831468D-01
  6.030148864868D-01  5.901629805037D-01  5.765001695658D-01  5.619650024809D-01
  5.464866649667D-01  5.299905121926D-01  5.123909895834D-01  4.935969754136D-01
  4.735044878534D-01  4.520017918873D-01  4.289618496794D-01  4.042471358887D-01
  3.777017798137D-01  3.491562363861D-01  3.184184686030D-01  2.852790307759D-01
  2.495014992166D-01
Vac0 POTENTIAL                      exc: Vosko,Wilk,Nusair      
  1.72127726  6.50000000  1.73067725
   0.00000
   2.01081   0.8856778006   0.8856506271
353
 0.25000000D-01 0.30314114D-03
 0 1
  6.288066272776D-01  6.287660954683D-01  6.287241211749D-01  6.287114034338D-01
  6.287043448925D-01  6.287001356899D-01  6.286968194416D-01  6.286947406942D-01
  6.286928383019D-01  6.286918025036D-01  6.286907329213D-01  6.286904047648D-01
  6.286899671354D-01  6.286902264379D-01  6.286903529256D-01  6.286911682663D-01
  6.286918545672D-01  6.286932432379D-01  6.286945249275D-01  6.286965389445D-01
  6.286984835898D-01  6.287012059358D-01  6.287039123393D-01  6.287074584728D-01
  6.287110600454D-01  6.287155830061D-01  6.287202545047D-01  6.287259532780D-01
  6.287319208890D-01  6.287390523818D-01  6.287466078212D-01  6.287555032897D-01
  6.287650228603D-01  6.287761100480D-01  6.287880803203D-01  6.288019131763D-01
  6.288169650494D-01  6.288342434997D-01  6.288515421475D-01  6.288579042128D-01
  6.288488926486D-01  6.288407562892D-01  6.288326393636D-01  6.288253340427D-01
  6.288179904077D-01  6.288114058124D-01  6.288047349676D-01  6.287987793440D-01
  6.287926973375D-01  6.287872937343D-01  6.287817298994D-01  6.287768132962D-01
  6.287717077039D-01  6.287672227795D-01  6.287625242806D-01  6.287584236629D-01
  6.287540883282D-01  6.287503312171D-01  6.287463210955D-01  6.287428721560D-01
  6.287391542987D-01  6.287359827639D-01  6.287325284158D-01  6.287296073754D-01
  6.287263913243D-01  6.287236971338D-01  6.287206971761D-01  6.287182089657D-01
  6.287154054684D-01  6.287131047479D-01  6.287104802804D-01  6.287083506029D-01
  6.287058896328D-01  6.287039163156D-01  6.287016049507D-01  6.286997748380D-01
  6.286976006091D-01  6.286959018750D-01  6.286938535547D-01  6.286922755309D-01
  6.286903429755D-01  6.286888760068D-01  6.286870500191D-01  6.286856853411D-01
  6.286839575608D-01  6.286826871886D-01  6.286810499868D-01  6.286798666248D-01
  6.286783130175D-01  6.286772099778D-01  6.286757335522D-01  6.286747046807D-01
  6.286732995279D-01  6.286723391439D-01  6.286709997982D-01  6.286701026391D-01
  6.286688240274D-01  6.286679851973D-01  6.286667625910D-01  6.286659775190D-01
  6.286648064935D-01  6.286640708909D-01  6.286629472855D-01  6.286622571125D-01
  6.286611769985D-01  6.286605284282D-01  6.286594880747D-01  6.286588774641D-01
  6.286578733091D-01  6.286572971710D-01  6.286563257939D-01  6.286557807680D-01
  6.286548388633D-01  6.286543216928D-01  6.286534060454D-01  6.286529135505D-01
  6.286520210111D-01  6.286515500675D-01  6.286506775288D-01  6.286502250406D-01
  6.286493694146D-01  6.286489322948D-01  6.286480904890D-01  6.286476656337D-01
  6.286468345269D-01  6.286464187921D-01  6.286455952112D-01  6.286451853881D-01
  6.286443660827D-01  6.286439588729D-01  6.286431404891D-01  6.286427324773D-01
  6.286419115311D-01  6.286414991571D-01  6.286406720054D-01  6.286402515351D-01
  6.286394143447D-01  6.286389818378D-01  6.286381305532D-01  6.286376818295D-01
  6.286368121371D-01  6.286363427404D-01  6.286354500303D-01  6.286349551873D-01
  6.286340345129D-01  6.286335090918D-01  6.286325551242D-01  6.286319935870D-01
  6.286310005658D-01  6.286303969169D-01  6.286293585978D-01  6.286287063288D-01
  6.286276159239D-01  6.286269079519D-01  6.286257580662D-01  6.286249866663D-01
  6.286237692270D-01  6.286229259592D-01  6.286216321384D-01  6.286207077655D-01
  6.286193278949D-01  6.286183122938D-01  6.286168357707D-01  6.286157178339D-01
  6.286141330183D-01  6.286129005449D-01  6.286111946459D-01  6.286098342226D-01
  6.286079931717D-01  6.286064900412D-01  6.286044983549D-01  6.286028362693D-01
  6.286006768960D-01  6.285988379575D-01  6.285964921088D-01  6.285944565916D-01
  6.285919035557D-01  6.285896497110D-01  6.285868666479D-01  6.285843704875D-01
  6.285813322009D-01  6.285785672586D-01  6.285752459464D-01  6.285721830142D-01
  6.285685479903D-01  6.285651548278D-01  6.285611722169D-01  6.285574132292D-01
  6.285530456281D-01  6.285488815106D-01  6.285440876149D-01  6.285394749604D-01
  6.285342091519D-01  6.285291000168D-01  6.285233119070D-01  6.285176533320D-01
  6.285112872579D-01  6.285050207377D-01  6.284980152055D-01  6.284910761033D-01
  6.284833631718D-01  6.284756800723D-01  6.284671846729D-01  6.284586786666D-01
  6.284493178516D-01  6.284399017443D-01  6.284295838547D-01  6.284191612936D-01
  6.284077850414D-01  6.283962495491D-01  6.283837030008D-01  6.283709369075D-01
  6.283570963620D-01  6.283429696252D-01  6.283276983725D-01  6.283120672722D-01
  6.282952142217D-01  6.282779199178D-01  6.282593180816D-01  6.282401850192D-01
  6.282196498353D-01  6.281984839820D-01  6.281758114603D-01  6.281523983564D-01
  6.281273630292D-01  6.281014656327D-01  6.280738182882D-01  6.280451745915D-01
  6.280146397678D-01  6.279829601621D-01  6.279492333756D-01  6.279141977368D-01
  6.278769424174D-01  6.278381968827D-01  6.277970409839D-01  6.277541943867D-01
  6.277087266366D-01  6.276613465632D-01  6.276111123166D-01  6.275587207439D-01
  6.275032173940D-01  6.274452858633D-01  6.273839577654D-01  6.273199020424D-01
  6.272521348959D-01  6.271813090610D-01  6.271064236933D-01  6.270281136014D-01
  6.269453590863D-01  6.268587751270D-01  6.267673211675D-01  6.266715902500D-01
  6.265705187437D-01  6.264646754206D-01  6.263529711191D-01  6.262359477563D-01
  6.261124879188D-01  6.259831038048D-01  6.258466467342D-01  6.257035960122D-01
  6.255527683502D-01  6.253946066417D-01  6.252278892839D-01  6.250530188565D-01
  6.248687313327D-01  6.246753846493D-01  6.244716677948D-01  6.242578892588D-01
  6.240326859820D-01  6.237963116719D-01  6.235473455991D-01  6.232859807620D-01
  6.230107325123D-01  6.227217265514D-01  6.224174073644D-01  6.220978260276D-01
  6.217613484288D-01  6.214079428625D-01  6.210358880103D-01  6.206450602989D-01
  6.202336416094D-01  6.198014063691D-01  6.193464289564D-01  6.188683704915D-01
  6.183651858984D-01  6.178364103553D-01  6.172798659695D-01  6.166949478419D-01
  6.160793303036D-01  6.154322525421D-01  6.147512243399D-01  6.140353112016D-01
  6.132818395252D-01  6.124896811586D-01  6.116559579227D-01  6.107793255130D-01
  6.098566772795D-01  6.088864273746D-01  6.078652136764D-01  6.067911800653D-01
  6.056606783568D-01  6.044715495659D-01  6.032198246893D-01  6.019030047875D-01
  6.005167604246D-01  5.990582103633D-01  5.975226194276D-01  5.959066755626D-01
  5.942051858367D-01  5.924143515593D-01  5.905284620762D-01  5.885431675695D-01
  5.864521702172D-01  5.842504942110D-01  5.819311737504D-01  5.794885196986D-01
  5.769148037520D-01  5.742035210103D-01  5.713460694956D-01  5.683350077282D-01
  5.651607285570D-01  5.618147105929D-01  5.582861850418D-01  5.545653795403D-01
  5.506401763307D-01  5.464993466487D-01  5.421291981269D-01  5.375167973714D-01
  5.326466038935D-01  5.275036778473D-01  5.220702970266D-01  5.163291458697D-01
  5.102599110665D-01  5.038424468055D-01  4.970533432384D-01  4.898690614669D-01
  4.822624674141D-01  4.742059281094D-01  4.656678012925D-01  4.566154820134D-01
  4.470118353807D-01  4.368181791757D-01  4.259906433403D-01  4.144830700136D-01
  4.022432784390D-01  3.892158577155D-01  3.753383121180D-01  3.605437112047D-01
  3.447566770213D-01  3.278959948682D-01  3.098699176976D-01  2.905791980992D-01
  2.699117274893D-01
