In49 POTENTIAL                      exc: Vosko,Wilk,Nusair      
  2.20033126  6.33750000  2.17664358
  49.00000
   2.40560   0.9811931868   0.9240466115
353
 0.25000000D-01 0.36265835D-03
 9 1
    0  -1.96656160000D+03
    0  -2.87428550000D+02
    0  -5.37136240000D+01
    0  -7.39818510000D+00
    1  -2.68528840000D+02
    1  -4.59639090000D+01
    1  -4.86454470000D+00
    2  -3.15522220000D+01
    2  -7.38539920000D-01
  4.726906034827D+02  4.727162941423D+02  4.727425734446D+02  4.727694480747D+02
  4.727969265356D+02  4.728250225763D+02  4.728537456553D+02  4.728831096571D+02
  4.729131242939D+02  4.729438036185D+02  4.729751575331D+02  4.730072002289D+02
  4.730399417527D+02  4.730733964003D+02  4.731075743180D+02  4.731424898650D+02
  4.731781532381D+02  4.732145788111D+02  4.732517767762D+02  4.732897614652D+02
  4.733285430031D+02  4.733681356146D+02  4.734085492868D+02  4.734497980626D+02
  4.734918917110D+02  4.735348440090D+02  4.735786644166D+02  4.736233663493D+02
  4.736689588563D+02  4.737154548839D+02  4.737628629558D+02  4.738111954285D+02
  4.738604601719D+02  4.739106688173D+02  4.739618284378D+02  4.740139497882D+02
  4.740670389854D+02  4.741211057400D+02  4.741761550348D+02  4.742321953499D+02
  4.742892303464D+02  4.743472670579D+02  4.744063075894D+02  4.744663573177D+02
  4.745274165603D+02  4.745894887766D+02  4.746525722329D+02  4.747166681943D+02
  4.747817725857D+02  4.748478841748D+02  4.749149962269D+02  4.749831046799D+02
  4.750521997924D+02  4.751222743093D+02  4.751933151036D+02  4.752653113318D+02
  4.753382460687D+02  4.754121044526D+02  4.754868653122D+02  4.755625093019D+02
  4.756390105195D+02  4.757163446311D+02  4.757944804803D+02  4.758733882014D+02
  4.759530308195D+02  4.760333723528D+02  4.761143694024D+02  4.761959792432D+02
  4.762781514038D+02  4.763608357459D+02  4.764439740337D+02  4.765275080016D+02
  4.766113709135D+02  4.766954956187D+02  4.767798061009D+02  4.768642255230D+02
  4.769486677657D+02  4.770330454616D+02  4.771172615240D+02  4.772012171707D+02
  4.772848034437D+02  4.773679092238D+02  4.774504127419D+02  4.775321895851D+02
  4.776131042017D+02  4.776930178998D+02  4.777717803474D+02  4.778492375655D+02
  4.779252234253D+02  4.779995676380D+02  4.780720872511D+02  4.781425946385D+02
  4.782108889980D+02  4.782767643445D+02  4.783400010133D+02  4.784003736596D+02
  4.784576427709D+02  4.785115626779D+02  4.785618730805D+02  4.786083070747D+02
  4.786505826978D+02  4.786884109766D+02  4.787214874977D+02  4.787495004835D+02
  4.787721223943D+02  4.787890180384D+02  4.787998362136D+02  4.788042178600D+02
  4.788017877474D+02  4.787921626791D+02  4.787749432350D+02  4.787497220345D+02
  4.787160755442D+02  4.786735724094D+02  4.786217653358D+02  4.785601994999D+02
  4.784884045136D+02  4.784059029235D+02  4.783122022689D+02  4.782068036787D+02
  4.780891940331D+02  4.779588546677D+02  4.778152536469D+02  4.776578545844D+02
  4.774861090369D+02  4.772994654475D+02  4.770973616665D+02  4.768792340238D+02
  4.766445099812D+02  4.763926173372D+02  4.761229770124D+02  4.758350123874D+02
  4.755281422201D+02  4.752017901128D+02  4.748553775558D+02  4.744883335165D+02
  4.741000875981D+02  4.736900797367D+02  4.732577534599D+02  4.728025656719D+02
  4.723239799878D+02  4.718214765807D+02  4.712945455612D+02  4.707426968505D+02
  4.701654535668D+02  4.695623618814D+02  4.689329843634D+02  4.682769097662D+02
  4.675937462738D+02  4.668831311569D+02  4.661447238537D+02  4.653782154262D+02
  4.645833214017D+02  4.637597909503D+02  4.629073994079D+02  4.620259570912D+02
  4.611153014161D+02  4.601753052664D+02  4.592058686221D+02  4.582069263970D+02
  4.571784394988D+02  4.561204020613D+02  4.550328318684D+02  4.539157769239D+02
  4.527693052031D+02  4.515935105306D+02  4.503885016443D+02  4.491544074133D+02
  4.478913652643D+02  4.465995258176D+02  4.452790408039D+02  4.439300672890D+02
  4.425527553048D+02  4.411472519427D+02  4.397136890413D+02  4.382521875567D+02
  4.367628457822D+02  4.352457445357D+02  4.337009365110D+02  4.321284529325D+02
  4.305282947188D+02  4.289004412912D+02  4.272448442101D+02  4.255614387246D+02
  4.238501403424D+02  4.221108593984D+02  4.203435005830D+02  4.185479802359D+02
  4.167242281670D+02  4.148722065937D+02  4.129919127421D+02  4.110833975096D+02
  4.091467665880D+02  4.071821963680D+02  4.051899310401D+02  4.031702933337D+02
  4.011236755422D+02  3.990505436119D+02  3.969514213557D+02  3.948268880260D+02
  3.926775567665D+02  3.905040675882D+02  3.883070627144D+02  3.860871781503D+02
  3.838450193965D+02  3.815811551055D+02  3.792960964253D+02  3.769902955603D+02
  3.746641309640D+02  3.723179123325D+02  3.699518724584D+02  3.675661787796D+02
  3.651609313919D+02  3.627361801250D+02  3.602919272660D+02  3.578281484032D+02
  3.553447978961D+02  3.528418314091D+02  3.503192120132D+02  3.477769323227D+02
  3.452150192234D+02  3.426335537292D+02  3.400326725989D+02  3.374125843659D+02
  3.347735665135D+02  3.321159765571D+02  3.294402439200D+02  3.267468755006D+02
  3.240364419844D+02  3.213095779788D+02  3.185669632212D+02  3.158093181642D+02
  3.130373813905D+02  3.102519024666D+02  3.074536179172D+02  3.046432441440D+02
  3.018214552571D+02  2.989888797808D+02  2.961460842872D+02  2.932935778537D+02
  2.904318051404D+02  2.875611614751D+02  2.846819969630D+02  2.817946419506D+02
  2.788994196035D+02  2.759966765958D+02  2.730867964906D+02  2.701702260325D+02
  2.672474788171D+02  2.643191472775D+02  2.613858890203D+02  2.584484206769D+02
  2.555074878254D+02  2.525638464963D+02  2.496182265524D+02  2.466713132695D+02
  2.437237172237D+02  2.407759677445D+02  2.378284983866D+02  2.348816577685D+02
  2.319357123863D+02  2.289908731933D+02  2.260473114098D+02  2.231051946499D+02
  2.201647084977D+02  2.172260946638D+02  2.142896710732D+02  2.113558653830D+02
  2.084252277969D+02  2.054984551604D+02  2.025763927325D+02  1.996600461271D+02
  1.967505702485D+02  1.938492682592D+02  1.909575677453D+02  1.880770074943D+02
  1.852092024919D+02  1.823558208041D+02  1.795185403614D+02  1.766990196183D+02
  1.738988504950D+02  1.711195279858D+02  1.683624053503D+02  1.656286698430D+02
  1.629193085599D+02  1.602350999990D+02  1.575766014052D+02  1.549441674887D+02
  1.523379696673D+02  1.497580490047D+02  1.472043676817D+02  1.446768859861D+02
  1.421756225872D+02  1.397007191649D+02  1.372524651895D+02  1.348313080810D+02
  1.324378149969D+02  1.300726254631D+02  1.277363739194D+02  1.254296286302D+02
  1.231528258126D+02  1.209062390076D+02  1.186899531966D+02  1.165038747548D+02
  1.143477403662D+02  1.122211527298D+02  1.101236055450D+02  1.080545266242D+02
  1.060133034349D+02  1.039993218399D+02  1.020119841335D+02  1.000507384812D+02
  9.811508696282D+01  9.620460506398D+01  9.431894025825D+01  9.245782292157D+01
  9.062105736199D+01  8.880852630869D+01  8.702017666659D+01  8.525601985702D+01
  8.351611449378D+01  8.180056463277D+01  8.010950124847D+01  7.844308006622D+01
  7.680146329406D+01  7.518481826699D+01  7.359330044187D+01  7.202705364800D+01
  7.048619494171D+01  6.897081688126D+01  6.748097450475D+01  6.601668976315D+01
  6.457794065395D+01  6.316466776905D+01  6.177676549070D+01  6.041409052886D+01
  5.907645503324D+01  5.776363694949D+01  5.647537483267D+01  5.521137972227D+01
  5.397133121486D+01  5.275489020785D+01  5.156169532172D+01  5.039137533156D+01
  4.924354454597D+01  4.811781346284D+01  4.701378178672D+01  4.593104636147D+01
  4.486919144731D+01  4.382779434959D+01  4.280641325690D+01  4.180459243643D+01
  4.082184896987D+01
N_07 POTENTIAL                      exc: Vosko,Wilk,Nusair      
  1.68057905  6.33750000  1.68945972
   7.00000
   1.96292   0.9811931868   0.9240466115
353
 0.25000000D-01 0.29592158D-03
 2 1
    0  -2.69998930000D+01
    0  -4.29582100000D-01
  2.622127578806D+01  2.622164794729D+01  2.622202910526D+01  2.622244507103D+01
  2.622287634242D+01  2.622332082194D+01  2.622377719493D+01  2.622424597415D+01
  2.622472659922D+01  2.622521988221D+01  2.622572540855D+01  2.622624407332D+01
  2.622677551570D+01  2.622732066948D+01  2.622787920435D+01  2.622845207980D+01
  2.622903898842D+01  2.622964091090D+01  2.623025756000D+01  2.623088993597D+01
  2.623153777084D+01  2.623220208402D+01  2.623288262670D+01  2.623358043754D+01
  2.623429528719D+01  2.623502823401D+01  2.623577906861D+01  2.623654886961D+01
  2.623733744822D+01  2.623814590400D+01  2.623897406950D+01  2.623982306597D+01
  2.624069274807D+01  2.624158425957D+01  2.624249747805D+01  2.624343357064D+01
  2.624439243872D+01  2.624537527366D+01  2.624638200170D+01  2.624741384371D+01
  2.624847113263D+01  2.624955471835D+01  2.625066457934D+01  2.625180198539D+01
  2.625296694238D+01  2.625416074800D+01  2.625538343652D+01  2.625663633449D+01
  2.625791950554D+01  2.625923430606D+01  2.626058083001D+01  2.626196046461D+01
  2.626337333511D+01  2.626482086051D+01  2.626630319833D+01  2.626782180030D+01
  2.626937685716D+01  2.627096985430D+01  2.627260101659D+01  2.627427186401D+01
  2.627598265642D+01  2.627773494928D+01  2.627952903832D+01  2.628136651524D+01
  2.628324771246D+01  2.628517425873D+01  2.628714652385D+01  2.628916617432D+01
  2.629123361799D+01  2.629335055971D+01  2.629551744597D+01  2.629773602047D+01
  2.630000676877D+01  2.630233147386D+01  2.630471066069D+01  2.630714615175D+01
  2.630963851161D+01  2.631218960237D+01  2.631480002818D+01  2.631747169069D+01
  2.632020523345D+01  2.632300259733D+01  2.632586446490D+01  2.632879281570D+01
  2.633178837062D+01  2.633485314709D+01  2.633798790334D+01  2.634119469357D+01
  2.634447431205D+01  2.634782884825D+01  2.635125913082D+01  2.635476728263D+01
  2.635835416463D+01  2.636202193074D+01  2.636577147163D+01  2.636960496947D+01
  2.637352334156D+01  2.637752879493D+01  2.638162226980D+01  2.638580599406D+01
  2.639008092652D+01  2.639444931122D+01  2.639891212048D+01  2.640347160899D+01
  2.640812875672D+01  2.641288582268D+01  2.641774378766D+01  2.642270490774D+01
  2.642777015674D+01  2.643294177948D+01  2.643822073395D+01  2.644360924421D+01
  2.644910824231D+01  2.645471992085D+01  2.646044517452D+01  2.646628615232D+01
  2.647224369868D+01  2.647831990537D+01  2.648451555212D+01  2.649083265813D+01
  2.649727192223D+01  2.650383527390D+01  2.651052331299D+01  2.651733786018D+01
  2.652427939615D+01  2.653134961152D+01  2.653854884543D+01  2.654587863485D+01
  2.655333915256D+01  2.656093175579D+01  2.656865642354D+01  2.657651430448D+01
  2.658450515357D+01  2.659262987922D+01  2.660088797908D+01  2.660928008641D+01
  2.661780540507D+01  2.662646425496D+01  2.663525550614D+01  2.664417912339D+01
  2.665323359933D+01  2.666241849802D+01  2.667173188710D+01  2.668117288030D+01
  2.669073906858D+01  2.670042906152D+01  2.671023991737D+01  2.672016968330D+01
  2.673021482425D+01  2.674037276208D+01  2.675063930315D+01  2.676101117624D+01
  2.677148345892D+01  2.678205211422D+01  2.679271141571D+01  2.680345648288D+01
  2.681428070493D+01  2.682517827487D+01  2.683614161202D+01  2.684716389479D+01
  2.685823648189D+01  2.686935144388D+01  2.688049898306D+01  2.689166996382D+01
  2.690285333136D+01  2.691403864076D+01  2.692521347468D+01  2.693636597131D+01
  2.694748224098D+01  2.695854889331D+01  2.696955045280D+01  2.698047188523D+01
  2.699129601262D+01  2.700200603894D+01  2.701258296467D+01  2.702300811220D+01
  2.703326054014D+01  2.704331956875D+01  2.705316219439D+01  2.706276561528D+01
  2.707210464655D+01  2.708115424673D+01  2.708988693386D+01  2.709827531327D+01
  2.710628949523D+01  2.711389962462D+01  2.712107330075D+01  2.712777810960D+01
  2.713397904653D+01  2.713964105175D+01  2.714472643676D+01  2.714919742395D+01
  2.715301357758D+01  2.715613434838D+01  2.715851651015D+01  2.716011671034D+01
  2.716088891325D+01  2.716078695774D+01  2.715976200814D+01  2.715776512029D+01
  2.715474470131D+01  2.715064908520D+01  2.714542400273D+01  2.713901516790D+01
  2.713136575922D+01  2.712241901828D+01  2.711211574382D+01  2.710039690360D+01
  2.708720114258D+01  2.707246740944D+01  2.705613247992D+01  2.703813359924D+01
  2.701840602183D+01  2.699688567054D+01  2.697350669380D+01  2.694820414253D+01
  2.692091154537D+01  2.689156360401D+01  2.686009378691D+01  2.682643704334D+01
  2.679052741577D+01  2.675230077244D+01  2.671169243806D+01  2.666863994444D+01
  2.662308067863D+01  2.657495465033D+01  2.652420215613D+01  2.647076656189D+01
  2.641459198084D+01  2.635562606844D+01  2.629381771141D+01  2.622911983168D+01
  2.616148708252D+01  2.609087865743D+01  2.601725598863D+01  2.594058555567D+01
  2.586083658067D+01  2.577798383052D+01  2.569200530227D+01  2.560288501181D+01
  2.551061066187D+01  2.541517640918D+01  2.531658050664D+01  2.521482804014D+01
  2.510992853566D+01  2.500189865622D+01  2.489075976405D+01  2.477654056756D+01
  2.465927462834D+01  2.453900294770D+01  2.441577140787D+01  2.428963328833D+01
  2.416064663055D+01  2.402887667296D+01  2.389439313060D+01  2.375727253938D+01
  2.361759544105D+01  2.347544862876D+01  2.333092222975D+01  2.318411184555D+01
  2.303511552689D+01  2.288403580419D+01  2.273097655166D+01  2.257604490682D+01
  2.241934802446D+01  2.226099488796D+01  2.210109295840D+01  2.193974988617D+01
  2.177707006721D+01  2.161315627116D+01  2.144810612620D+01  2.128201369129D+01
  2.111496590477D+01  2.094704414488D+01  2.077832069730D+01  2.060886037226D+01
  2.043871707485D+01  2.026793558086D+01  2.009654833286D+01  1.992457752097D+01
  1.975203227562D+01  1.957891124892D+01  1.940520042209D+01  1.923087642168D+01
  1.905590518074D+01  1.888024621607D+01  1.870385233114D+01  1.852667497057D+01
  1.834866496913D+01  1.816977883215D+01  1.798998018262D+01  1.780924639388D+01
  1.762756992827D+01  1.744496430973D+01  1.726146420352D+01  1.707712954895D+01
  1.689204331196D+01  1.670631297281D+01  1.652006554330D+01  1.633344648488D+01
  1.614661256633D+01  1.595972922777D+01  1.577296260593D+01  1.558647681313D+01
  1.540042656392D+01  1.521495561485D+01  1.503019094454D+01  1.484624296359D+01
  1.466320151855D+01  1.448113784690D+01  1.430010215145D+01  1.412012689348D+01
  1.394122544693D+01  1.376339621348D+01  1.358662185796D+01  1.341087379222D+01
  1.323611159937D+01  1.306228756028D+01  1.288934600533D+01  1.271722768151D+01
  1.254586888145D+01  1.237520554413D+01  1.220517208954D+01  1.203570520947D+01
  1.186674238590D+01  1.169822536647D+01  1.153009837342D+01  1.136231127940D+01
  1.119481752885D+01  1.102757704006D+01  1.086055386740D+01  1.069371885915D+01
  1.052704709032D+01  1.036052030519D+01  1.019412414822D+01  1.002785041659D+01
  9.861694111857D+00  9.695655521725D+00  9.529737107794D+00  9.363945427538D+00
  9.198287864361D+00  9.032774390732D+00  8.867414136259D+00  8.702216982385D+00
  8.537189954150D+00  8.372338628039D+00  8.207663327799D+00  8.043160323644D+00
  7.878817814064D+00  7.714616971704D+00  7.550527494811D+00  7.386508763918D+00
  7.222505008750D+00
Vac0 POTENTIAL                      exc: Vosko,Wilk,Nusair      
  2.20033126  6.33750000  2.17664358
   0.00000
   2.40560   0.9811931868   0.9240466115
353
 0.25000000D-01 0.36265835D-03
 0 1
  8.824991057410D-01  8.824699432693D-01  8.824392808389D-01  8.824303672167D-01
  8.824253731513D-01  8.824231348533D-01  8.824213189299D-01  8.824210896688D-01
  8.824207832290D-01  8.824218263993D-01  8.824226806162D-01  8.824248420468D-01
  8.824268157654D-01  8.824301288691D-01  8.824333108559D-01  8.824379102722D-01
  8.824424769237D-01  8.824485797730D-01  8.824547902169D-01  8.824627007033D-01
  8.824709086195D-01  8.824810356391D-01  8.824917123565D-01  8.825045983364D-01
  8.825183677214D-01  8.825347301885D-01  8.825524177587D-01  8.825732071205D-01
  8.825959079535D-01  8.826223871424D-01  8.826515592477D-01  8.826854132359D-01
  8.827230059680D-01  8.827664924570D-01  8.828151234849D-01  8.828712807432D-01
  8.829344777958D-01  8.830072866100D-01  8.830818343075D-01  8.831150005081D-01
  8.830854351852D-01  8.830581634352D-01  8.830315698811D-01  8.830070582153D-01
  8.829830325668D-01  8.829609139469D-01  8.829391218957D-01  8.829190911643D-01
  8.828992535862D-01  8.828810549333D-01  8.828629369419D-01  8.828463543080D-01
  8.828297568153D-01  8.828146064431D-01  8.827993595780D-01  8.827854841887D-01
  8.827714421173D-01  8.827587062956D-01  8.827457430985D-01  8.827340296116D-01
  8.827220360031D-01  8.827112428380D-01  8.827001234830D-01  8.826901614460D-01
  8.826798328041D-01  8.826706235618D-01  8.826610121050D-01  8.826524865708D-01
  8.826435273214D-01  8.826356243221D-01  8.826272596327D-01  8.826199247975D-01
  8.826121033420D-01  8.826052881759D-01  8.825979640938D-01  8.825916251924D-01
  8.825847573724D-01  8.825788557650D-01  8.825724072354D-01  8.825669078199D-01
  8.825608452303D-01  8.825557162963D-01  8.825500094747D-01  8.825452222913D-01
  8.825398438601D-01  8.825353723228D-01  8.825302973717D-01  8.825261176946D-01
  8.825213234959D-01  8.825174139455D-01  8.825128797036D-01  8.825092203691D-01
  8.825049270054D-01  8.825014995923D-01  8.824974295533D-01  8.824942172059D-01
  8.824903542952D-01  8.824873414400D-01  8.824836706688D-01  8.824808428706D-01
  8.824773503277D-01  8.824746941673D-01  8.824713668972D-01  8.824688698571D-01
  8.824656957558D-01  8.824633461210D-01  8.824603138372D-01  8.824581005997D-01
  8.824551994495D-01  8.824531122281D-01  8.824503321130D-01  8.824483610731D-01
  8.824456924052D-01  8.824438281888D-01  8.824412618230D-01  8.824394954806D-01
  8.824370226479D-01  8.824353455769D-01  8.824329578241D-01  8.824313617061D-01
  8.824290508364D-01  8.824275275814D-01  8.824252855973D-01  8.824238272864D-01
  8.824216463343D-01  8.824202451652D-01  8.824181174795D-01  8.824167657105D-01
  8.824146835602D-01  8.824133734561D-01  8.824113290878D-01  8.824100528638D-01
  8.824080384471D-01  8.824067882113D-01  8.824047957785D-01  8.824035634738D-01
  8.824015848620D-01  8.824003622034D-01  8.823983889901D-01  8.823971674010D-01
  8.823951908383D-01  8.823939613820D-01  8.823919723260D-01  8.823907256328D-01
  8.823887144687D-01  8.823874406582D-01  8.823853972194D-01  8.823840858171D-01
  8.823819992986D-01  8.823806391457D-01  8.823784980099D-01  8.823770771648D-01
  8.823748690399D-01  8.823733746727D-01  8.823710862416D-01  8.823695045177D-01
  8.823671213969D-01  8.823654373507D-01  8.823629439579D-01  8.823611413544D-01
  8.823585207637D-01  8.823565819463D-01  8.823538157293D-01  8.823517214540D-01
  8.823487895050D-01  8.823465187568D-01  8.823433991014D-01  8.823409288935D-01
  8.823375974771D-01  8.823349026293D-01  8.823313330849D-01  8.823283859796D-01
  8.823245493721D-01  8.823213196857D-01  8.823171842292D-01  8.823136386360D-01
  8.823091693831D-01  8.823052712284D-01  8.823004297270D-01  8.822961386665D-01
  8.822908825808D-01  8.822861541830D-01  8.822804368760D-01  8.822752221829D-01
  8.822689922547D-01  8.822632372971D-01  8.822564380754D-01  8.822500833376D-01
  8.822426523153D-01  8.822356321436D-01  8.822275003575D-01  8.822197423075D-01
  8.822108336515D-01  8.822022577665D-01  8.821924882341D-01  8.821830062479D-01
  8.821722830939D-01  8.821617975510D-01  8.821500183661D-01  8.821384216484D-01
  8.821254733367D-01  8.821126465884D-01  8.820984042378D-01  8.820842161777D-01
  8.820685418102D-01  8.820528474194D-01  8.820355886122D-01  8.820182276827D-01
  8.819992160425D-01  8.819800115748D-01  8.819590610528D-01  8.819378174834D-01
  8.819147225126D-01  8.818912237564D-01  8.818657571924D-01  8.818397644777D-01
  8.818116753241D-01  8.817829248008D-01  8.817519356931D-01  8.817201357883D-01
  8.816859402146D-01  8.816507687098D-01  8.816130279378D-01  8.815741287378D-01
  8.815324684176D-01  8.814894479797D-01  8.814434543889D-01  8.813958777742D-01
  8.813450936670D-01  8.812924801761D-01  8.812364001939D-01  8.811782185415D-01
  8.811162841395D-01  8.810519471197D-01  8.809835409572D-01  8.809123995454D-01
  8.808368392840D-01  8.807581761146D-01  8.806747075602D-01  8.805877297156D-01
  8.804955192348D-01  8.803993502710D-01  8.802974764053D-01  8.801911475321D-01
  8.800785917231D-01  8.799610320511D-01  8.798366683824D-01  8.797066941339D-01
  8.795692779849D-01  8.794255805601D-01  8.792737360535D-01  8.791148688279D-01
  8.789470749421D-01  8.787714386584D-01  8.785860138614D-01  8.783918404644D-01
  8.781869257076D-01  8.779722604529D-01  8.777458003482D-01  8.775084819976D-01
  8.772582039785D-01  8.769958428723D-01  8.767192341188D-01  8.764291878919D-01
  8.761234697726D-01  8.758028164537D-01  8.754649162099D-01  8.751104244130D-01
  8.747369437763D-01  8.743450396581D-01  8.739322200557D-01  8.734989506725D-01
  8.730426346325D-01  8.725636272839D-01  8.720592156019D-01  8.715296326972D-01
  8.709720368701D-01  8.703865257886D-01  8.697701151523D-01  8.691227524995D-01
  8.684412954324D-01  8.677255250067D-01  8.669721234637D-01  8.661806871476D-01
  8.653477036811D-01  8.644725643484D-01  8.635515406387D-01  8.625837960215D-01
  8.615653617722D-01  8.604951480512D-01  8.593689189089D-01  8.581853025654D-01
  8.569397654716D-01  8.556306216641D-01  8.542530057356D-01  8.528048811132D-01
  8.512810117587D-01  8.496789691848D-01  8.479931026668D-01  8.462205447674D-01
  8.443551797911D-01  8.423936475319D-01  8.403293096368D-01  8.381582512204D-01
  8.358732447212D-01  8.334697489353D-01  8.309398698422D-01  8.282783564936D-01
  8.254765581507D-01  8.225284163118D-01  8.194244173318D-01  8.161575796796D-01
  8.127174009882D-01  8.090958393899D-01  8.052812536634D-01  8.012643771798D-01
  7.970322494577D-01  7.925741808543D-01  7.878756733825D-01  7.829243737761D-01
  7.777039808444D-01  7.722001838931D-01  7.663945531593D-01  7.602704597457D-01
  7.538069447418D-01  7.469846157829D-01  7.397794892697D-01  7.321688573255D-01
  7.241250960062D-01  7.156214947233D-01  7.066260213995D-01  6.971071042510D-01
  6.870273423845D-01  6.763492270810D-01  6.650287832255D-01  6.530212137797D-01
  6.402744535719D-01  6.267347163820D-01  6.123399379105D-01  5.970251997845D-01
  5.807160329983D-01  5.633336873166D-01  5.447882603794D-01  5.249837749951D-01
  5.038110932864D-01  4.811527581816D-01  4.568756534781D-01  4.308355567474D-01
  4.028694993127D-01  3.728002139276D-01  3.404274612478D-01  3.055330343045D-01
  2.678713011895D-01
Vac0 POTENTIAL                      exc: Vosko,Wilk,Nusair      
  1.68057905  6.33750000  1.68945972
   0.00000
   1.96292   0.9811931868   0.9240466115
353
 0.25000000D-01 0.29592158D-03
 0 1
  6.706251485443D-01  6.705819697288D-01  6.705372616041D-01  6.705237101696D-01
  6.705161952427D-01  6.705117090118D-01  6.705081820695D-01  6.705059668408D-01
  6.705039475962D-01  6.705028451838D-01  6.705017152294D-01  6.705013691943D-01
  6.705009154802D-01  6.705011988693D-01  6.705013503944D-01  6.705022312917D-01
  6.705029853703D-01  6.705044844347D-01  6.705058816038D-01  6.705080573626D-01
  6.705101733394D-01  6.705131185938D-01  6.705160637639D-01  6.705199075866D-01
  6.705238312101D-01  6.705287449955D-01  6.705338430557D-01  6.705400502887D-01
  6.705465772192D-01  6.705543673526D-01  6.705626523564D-01  6.705723998531D-01
  6.705828690525D-01  6.705950590944D-01  6.706082653355D-01  6.706235283975D-01
  6.706401909303D-01  6.706593261232D-01  6.706785283830D-01  6.706858371999D-01
  6.706762905856D-01  6.706676664238D-01  6.706590678232D-01  6.706513242792D-01
  6.706435450965D-01  6.706365652741D-01  6.706294990166D-01  6.706231856873D-01
  6.706167433943D-01  6.706110150156D-01  6.706051218056D-01  6.705999094729D-01
  6.705945018409D-01  6.705897469358D-01  6.705847706798D-01  6.705804230044D-01
  6.705758315707D-01  6.705718478918D-01  6.705676010688D-01  6.705639439397D-01
  6.705600068131D-01  6.705566436340D-01  6.705529857307D-01  6.705498879873D-01
  6.705464825928D-01  6.705436252249D-01  6.705404488109D-01  6.705378097068D-01
  6.705348414684D-01  6.705324010348D-01  6.705296225022D-01  6.705273633102D-01
  6.705247580217D-01  6.705226645125D-01  6.705202177489D-01  6.705182759823D-01
  6.705159745305D-01  6.705141719732D-01  6.705120039360D-01  6.705103292835D-01
  6.705082839095D-01  6.705067269317D-01  6.705047944777D-01  6.705033458855D-01
  6.705015174896D-01  6.705001688219D-01  6.704984364000D-01  6.704971799252D-01
  6.704955360772D-01  6.704943647077D-01  6.704928026368D-01  6.704917098512D-01
  6.704902232947D-01  6.704892030728D-01  6.704877862392D-01  6.704868330026D-01
  6.704854805145D-01  6.704845890749D-01  6.704832959216D-01  6.704824614340D-01
  6.704812229244D-01  6.704804408435D-01  6.704792525690D-01  6.704785186118D-01
  6.704773764069D-01  6.704766865179D-01  6.704755864276D-01  6.704749367444D-01
  6.704738749927D-01  6.704732618179D-01  6.704722347780D-01  6.704716545494D-01
  6.704706587169D-01  6.704701079804D-01  6.704691399457D-01  6.704686153302D-01
  6.704676717539D-01  6.704671699446D-01  6.704662475307D-01  6.704657652452D-01
  6.704648607185D-01  6.704643946820D-01  6.704635047614D-01  6.704630516810D-01
  6.704621730555D-01  6.704617295955D-01  6.704608588986D-01  6.704604216543D-01
  6.704595554363D-01  6.704591209070D-01  6.704582556093D-01  6.704578201704D-01
  6.704569520950D-01  6.704565119680D-01  6.704556372476D-01  6.704551884686D-01
  6.704543030342D-01  6.704538414203D-01  6.704529409664D-01  6.704524620799D-01
  6.704515420264D-01  6.704510411353D-01  6.704500965883D-01  6.704495686246D-01
  6.704485943310D-01  6.704480338453D-01  6.704470241463D-01  6.704464252575D-01
  6.704453740364D-01  6.704447303773D-01  6.704436310021D-01  6.704429356609D-01
  6.704417809226D-01  6.704410263765D-01  6.704398084211D-01  6.704389864659D-01
  6.704376967193D-01  6.704367983903D-01  6.704354274760D-01  6.704344429623D-01
  6.704329806110D-01  6.704318991600D-01  6.704303341098D-01  6.704291439232D-01
  6.704274638103D-01  6.704261519283D-01  6.704243431657D-01  6.704228953407D-01
  6.704209429849D-01  6.704193435407D-01  6.704172311445D-01  6.704154628225D-01
  6.704131722728D-01  6.704112160609D-01  6.704087273995D-01  6.704065623439D-01
  6.704038535699D-01  6.704014565676D-01  6.703985034185D-01  6.703958489875D-01
  6.703926246984D-01  6.703896847243D-01  6.703861597614D-01  6.703829032174D-01
  6.703790449835D-01  6.703754376211D-01  6.703712101311D-01  6.703672141383D-01
  6.703625776593D-01  6.703581512833D-01  6.703530619381D-01  6.703481590681D-01
  6.703425683966D-01  6.703371381023D-01  6.703309925773D-01  6.703249786003D-01
  6.703182190914D-01  6.703115592817D-01  6.703041204638D-01  6.702967461579D-01
  6.702885558575D-01  6.702803911908D-01  6.702713696625D-01  6.702623308094D-01
  6.702523899372D-01  6.702423842712D-01  6.702314266859D-01  6.702203518508D-01
  6.702082699533D-01  6.701960128376D-01  6.701826877204D-01  6.701691233227D-01
  6.701544235771D-01  6.701394137519D-01  6.701231941497D-01  6.701065862218D-01
  6.700886862576D-01  6.700703114893D-01  6.700505537697D-01  6.700302256667D-01
  6.700084141287D-01  6.699859265672D-01  6.699618445087D-01  6.699369696645D-01
  6.699103775670D-01  6.698828636254D-01  6.698534967459D-01  6.698230653704D-01
  6.697906310790D-01  6.697569746110D-01  6.697211494467D-01  6.696839278092D-01
  6.696443542237D-01  6.696031914970D-01  6.695594742530D-01  6.695139548873D-01
  6.694656570752D-01  6.694153217005D-01  6.693619603321D-01  6.693063011237D-01
  6.692473422569D-01  6.691857978077D-01  6.691206511527D-01  6.690526007991D-01
  6.689806137498D-01  6.689053712931D-01  6.688258223218D-01  6.687426290783D-01
  6.686547204237D-01  6.685627375325D-01  6.684655871056D-01  6.683638870109D-01
  6.682565194328D-01  6.681440764524D-01  6.680254131278D-01  6.679010930066D-01
  6.677699411288D-01  6.676324894649D-01  6.674875298329D-01  6.673355592526D-01
  6.671753327682D-01  6.670073087089D-01  6.668302014065D-01  6.666444263525D-01
  6.664486527973D-01  6.662432487926D-01  6.660268336600D-01  6.657997229041D-01
  6.655604805349D-01  6.653093638384D-01  6.650448755351D-01  6.647672083907D-01
  6.644747971924D-01  6.641677631801D-01  6.638444658194D-01  6.635049470313D-01
  6.631474827379D-01  6.627720268662D-01  6.623767626377D-01  6.619615463198D-01
  6.615244582274D-01  6.610652461890D-01  6.605818762253D-01  6.600739756939D-01
  6.595393836021D-01  6.589775933893D-01  6.583863028265D-01  6.577648563872D-01
  6.571107946795D-01  6.564232963488D-01  6.556997269792D-01  6.549390804624D-01
  6.541385272938D-01  6.532968553319D-01  6.524110174019D-01  6.514795713553D-01
  6.504992268789D-01  6.494682847485D-01  6.483831827223D-01  6.472419338617D-01
  6.460406713660D-01  6.447770858084D-01  6.434469687402D-01  6.420476486604D-01
  6.405745331816D-01  6.390245435134D-01  6.373926549405D-01  6.356753295507D-01
  6.338670547202D-01  6.319637737593D-01  6.299594220322D-01  6.278493551152D-01
  6.256268820925D-01  6.232866907286D-01  6.208213773702D-01  6.182248685130D-01
  6.154889466030D-01  6.126066672214D-01  6.095688799021D-01  6.063676399617D-01
  6.029927232241D-01  5.994350312689D-01  5.956830986649D-01  5.917264900851D-01
  5.875522982803D-01  5.831485310897D-01  5.785005979068D-01  5.735946840749D-01
  5.684142229808D-01  5.629432546249D-01  5.571628796773D-01  5.510545981074D-01
  5.445967404994D-01  5.377677814468D-01  5.305427420756D-01  5.228964713740D-01
  5.148000121156D-01  5.062238412947D-01  4.971341893522D-01  4.874962282839D-01
  4.772703310977D-01  4.664151927867D-01  4.548840130855D-01  4.426275311901D-01
  4.295901099622D-01  4.157126591117D-01  4.009285958342D-01  3.851666200559D-01
  3.683465125006D-01  3.503818860883D-01  3.311752274432D-01  3.106211607008D-01
  2.886007607179D-01
