In49 POTENTIAL                      exc: Vosko,Wilk,Nusair      
  2.20033126  6.33750000  2.17664358
  49.00000
   2.40560   0.9828059395   0.9240367454
353
 0.25000000D-01 0.36265835D-03
 9 1
    0  -1.96656160000D+03
    0  -2.87428550000D+02
    0  -5.37136240000D+01
    0  -7.39818510000D+00
    1  -2.68528840000D+02
    1  -4.59639090000D+01
    1  -4.86454470000D+00
    2  -3.15522220000D+01
    2  -7.38539920000D-01
  4.726906137115D+02  4.727163043691D+02  4.727425836690D+02  4.727694582983D+02
  4.727969367585D+02  4.728250327988D+02  4.728537558773D+02  4.728831198787D+02
  4.729131345150D+02  4.729438138393D+02  4.729751677533D+02  4.730072104489D+02
  4.730399519722D+02  4.730734066195D+02  4.731075845367D+02  4.731425000834D+02
  4.731781634560D+02  4.732145890287D+02  4.732517869933D+02  4.732897716820D+02
  4.733285532195D+02  4.733681458307D+02  4.734085595023D+02  4.734498082778D+02
  4.734919019257D+02  4.735348542234D+02  4.735786746304D+02  4.736233765629D+02
  4.736689690693D+02  4.737154650965D+02  4.737628731679D+02  4.738112056403D+02
  4.738604703832D+02  4.739106790282D+02  4.739618386481D+02  4.740139599982D+02
  4.740670491949D+02  4.741211159491D+02  4.741761652434D+02  4.742322055581D+02
  4.742892405542D+02  4.743472772653D+02  4.744063177963D+02  4.744663675243D+02
  4.745274267664D+02  4.745894989824D+02  4.746525824381D+02  4.747166783993D+02
  4.747817827902D+02  4.748478943790D+02  4.749150064306D+02  4.749831148833D+02
  4.750522099954D+02  4.751222845121D+02  4.751933253059D+02  4.752653215340D+02
  4.753382562704D+02  4.754121146541D+02  4.754868755134D+02  4.755625195030D+02
  4.756390207202D+02  4.757163548318D+02  4.757944906807D+02  4.758733984017D+02
  4.759530410197D+02  4.760333825530D+02  4.761143796024D+02  4.761959894433D+02
  4.762781616039D+02  4.763608459462D+02  4.764439842340D+02  4.765275182022D+02
  4.766113811142D+02  4.766955058198D+02  4.767798163023D+02  4.768642357249D+02
  4.769486779679D+02  4.770330556645D+02  4.771172717274D+02  4.772012273749D+02
  4.772848136486D+02  4.773679194296D+02  4.774504229486D+02  4.775321997930D+02
  4.776131144106D+02  4.776930281101D+02  4.777717905589D+02  4.778492477787D+02
  4.779252336400D+02  4.779995778545D+02  4.780720974695D+02  4.781426048590D+02
  4.782108992206D+02  4.782767745696D+02  4.783400112408D+02  4.784003838899D+02
  4.784576530040D+02  4.785115729142D+02  4.785618833200D+02  4.786083173178D+02
  4.786505929445D+02  4.786884212274D+02  4.787214977526D+02  4.787495107430D+02
  4.787721326583D+02  4.787890283074D+02  4.787998464878D+02  4.788042281398D+02
  4.788017980329D+02  4.787921729709D+02  4.787749535332D+02  4.787497323396D+02
  4.787160858563D+02  4.786735827291D+02  4.786217756633D+02  4.785602098358D+02
  4.784884148581D+02  4.784059132771D+02  4.783122126318D+02  4.782068140517D+02
  4.780892044163D+02  4.779588650618D+02  4.778152640522D+02  4.776578650015D+02
  4.774861194661D+02  4.772994758895D+02  4.770973721216D+02  4.768792444927D+02
  4.766445204643D+02  4.763926278351D+02  4.761229875255D+02  4.758350229165D+02
  4.755281527655D+02  4.752018006753D+02  4.748553881358D+02  4.744883441146D+02
  4.741000982147D+02  4.736900903726D+02  4.732577641154D+02  4.728025763478D+02
  4.723239906845D+02  4.718214872988D+02  4.712945563011D+02  4.707427076129D+02
  4.701654643520D+02  4.695623726902D+02  4.689329951959D+02  4.682769206231D+02
  4.675937571553D+02  4.668831420635D+02  4.661447347857D+02  4.653782263841D+02
  4.645833323855D+02  4.637598019606D+02  4.629074104446D+02  4.620259681545D+02
  4.611153125062D+02  4.601753163834D+02  4.592058797657D+02  4.582069375676D+02
  4.571784506959D+02  4.561204132849D+02  4.550328431180D+02  4.539157881995D+02
  4.527693165040D+02  4.515935218566D+02  4.503885129947D+02  4.491544187876D+02
  4.478913766617D+02  4.465995372374D+02  4.452790522452D+02  4.439300787510D+02
  4.425527667865D+02  4.411472634432D+02  4.397137005594D+02  4.382521990915D+02
  4.367628573323D+02  4.352457561002D+02  4.337009480886D+02  4.321284645222D+02
  4.305283063192D+02  4.289004529015D+02  4.272448558290D+02  4.255614503512D+02
  4.238501519756D+02  4.221108710375D+02  4.203435122271D+02  4.185479918845D+02
  4.167242398193D+02  4.148722182494D+02  4.129919244007D+02  4.110834091709D+02
  4.091467782517D+02  4.071822080341D+02  4.051899427084D+02  4.031703050043D+02
  4.011236872150D+02  3.990505552870D+02  3.969514330329D+02  3.948268997054D+02
  3.926775684477D+02  3.905040792712D+02  3.883070743988D+02  3.860871898358D+02
  3.838450310826D+02  3.815811667918D+02  3.792961081111D+02  3.769903072453D+02
  3.746641426472D+02  3.723179240136D+02  3.699518841366D+02  3.675661904545D+02
  3.651609430627D+02  3.627361917915D+02  3.602919389276D+02  3.578281600596D+02
  3.553448095469D+02  3.528418430543D+02  3.503192236524D+02  3.477769439560D+02
  3.452150308505D+02  3.426335653503D+02  3.400326842137D+02  3.374125959745D+02
  3.347735781156D+02  3.321159881528D+02  3.294402555087D+02  3.267468870822D+02
  3.240364535580D+02  3.213095895439D+02  3.185669747768D+02  3.158093297095D+02
  3.130373929239D+02  3.102519139870D+02  3.074536294226D+02  3.046432556329D+02
  3.018214667273D+02  2.989888912305D+02  2.961460957141D+02  2.932935892559D+02
  2.904318165156D+02  2.875611728215D+02  2.846820082785D+02  2.817946532339D+02
  2.788994308527D+02  2.759966878099D+02  2.730868076682D+02  2.701702371729D+02
  2.672474899192D+02  2.643191583406D+02  2.613859000433D+02  2.584484316591D+02
  2.555074987655D+02  2.525638573933D+02  2.496182374045D+02  2.466713240754D+02
  2.437237279814D+02  2.407759784524D+02  2.378285090425D+02  2.348816683708D+02
  2.319357229329D+02  2.289908836827D+02  2.260473218401D+02  2.231052050201D+02
  2.201647188066D+02  2.172261049105D+02  2.142896812570D+02  2.113558755038D+02
  2.084252378541D+02  2.054984651544D+02  2.025764026634D+02  1.996600559953D+02
  1.967505800543D+02  1.938492780035D+02  1.909575774283D+02  1.880770171170D+02
  1.852092120548D+02  1.823558303080D+02  1.795185498067D+02  1.766990290060D+02
  1.738988598253D+02  1.711195372596D+02  1.683624145679D+02  1.656286790051D+02
  1.629193176664D+02  1.602351090504D+02  1.575766104010D+02  1.549441764285D+02
  1.523379785499D+02  1.497580578286D+02  1.472043764442D+02  1.446768946841D+02
  1.421756312162D+02  1.397007277200D+02  1.372524736644D+02  1.348313164690D+02
  1.324378232903D+02  1.300726336539D+02  1.277363819987D+02  1.254296365889D+02
  1.231528336407D+02  1.209062466950D+02  1.186899607320D+02  1.165038821268D+02
  1.143477475618D+02  1.122211597360D+02  1.101236123470D+02  1.080545332072D+02
  1.060133097826D+02  1.039993279357D+02  1.020119899600D+02  1.000507440209D+02
  9.811509219747D+01  9.620460997608D+01  9.431894483015D+01  9.245782713675D+01
  9.062106120448D+01  8.880852976431D+01  8.702017972237D+01  8.525602250239D+01
  8.351611671996D+01  8.180056643386D+01  8.010950262078D+01  7.844308100919D+01
  7.680146380942D+01  7.518481835956D+01  7.359330011847D+01  7.202705291798D+01
  7.048619381569D+01  6.897081537136D+01  6.748097262309D+01  6.601668752185D+01
  6.457793806341D+01  6.316466483786D+01  6.177676222381D+01  6.041408692755D+01
  5.907645109358D+01  5.776363266271D+01  5.647537018420D+01  5.521137469295D+01
  5.397132578095D+01  5.275488434335D+01  5.156168899935D+01  5.039136852593D+01
  4.924353723514D+01  4.811780563150D+01  4.701377342738D+01  4.593103747686D+01
  4.486918205046D+01  4.382778446556D+01  4.280640292021D+01  4.180458169324D+01
  4.082183787388D+01
N_07 POTENTIAL                      exc: Vosko,Wilk,Nusair      
  1.68057905  6.33750000  1.68945972
   7.00000
   1.96292   0.9828059395   0.9240367454
353
 0.25000000D-01 0.29592158D-03
 2 1
    0  -2.69998930000D+01
    0  -4.29582100000D-01
  2.622124875357D+01  2.622162089515D+01  2.622200203484D+01  2.622241799423D+01
  2.622284926150D+01  2.622329373798D+01  2.622375010824D+01  2.622421888515D+01
  2.622469950791D+01  2.622519278885D+01  2.622569831306D+01  2.622621697588D+01
  2.622674841620D+01  2.622729356809D+01  2.622785210092D+01  2.622842497448D+01
  2.622901188105D+01  2.622961380161D+01  2.623023044863D+01  2.623086282265D+01
  2.623151065539D+01  2.623217496657D+01  2.623285550706D+01  2.623355331584D+01
  2.623426816324D+01  2.623500110793D+01  2.623575194020D+01  2.623652173899D+01
  2.623731031519D+01  2.623811876867D+01  2.623894693168D+01  2.623979592576D+01
  2.624066560528D+01  2.624155711429D+01  2.624247033008D+01  2.624340642009D+01
  2.624436528538D+01  2.624534811763D+01  2.624635484276D+01  2.624738668198D+01
  2.624844396808D+01  2.624952755107D+01  2.625063740911D+01  2.625177481230D+01
  2.625293976621D+01  2.625413356884D+01  2.625535625414D+01  2.625660914898D+01
  2.625789231666D+01  2.625920711390D+01  2.626055363433D+01  2.626193326550D+01
  2.626334613232D+01  2.626479365413D+01  2.626627598811D+01  2.626779458632D+01
  2.626934963917D+01  2.627094263238D+01  2.627257379049D+01  2.627424463379D+01
  2.627595542185D+01  2.627770771041D+01  2.627950179489D+01  2.628133926733D+01
  2.628322045981D+01  2.628514700139D+01  2.628711926156D+01  2.628913890714D+01
  2.629120634566D+01  2.629332328228D+01  2.629549016316D+01  2.629770873234D+01
  2.629997947506D+01  2.630230417460D+01  2.630468335562D+01  2.630711884091D+01
  2.630961119472D+01  2.631216227947D+01  2.631477269901D+01  2.631744435526D+01
  2.632017789150D+01  2.632297524889D+01  2.632583710968D+01  2.632876545374D+01
  2.633176100163D+01  2.633482577110D+01  2.633796052008D+01  2.634116730305D+01
  2.634444691399D+01  2.634780144267D+01  2.635123171746D+01  2.635473986149D+01
  2.635832673543D+01  2.636199449350D+01  2.636574402608D+01  2.636957751562D+01
  2.637349587913D+01  2.637750132394D+01  2.638159478998D+01  2.638577850543D+01
  2.639005342881D+01  2.639442180445D+01  2.639888460439D+01  2.640344408361D+01
  2.640810122177D+01  2.641285827821D+01  2.641771623341D+01  2.642267734375D+01
  2.642774258277D+01  2.643291419558D+01  2.643819313986D+01  2.644358164002D+01
  2.644908062777D+01  2.645469229605D+01  2.646041753924D+01  2.646625850665D+01
  2.647221604243D+01  2.647829223864D+01  2.648448787473D+01  2.649080497021D+01
  2.649724422362D+01  2.650380756476D+01  2.651049559319D+01  2.651731012989D+01
  2.652425165527D+01  2.653132186026D+01  2.653852108373D+01  2.654585086295D+01
  2.655331137042D+01  2.656090396371D+01  2.656862862152D+01  2.657648649285D+01
  2.658447733240D+01  2.659260204889D+01  2.660086013970D+01  2.660925223843D+01
  2.661777754865D+01  2.662643639062D+01  2.663522763412D+01  2.664415124427D+01
  2.665320571343D+01  2.666239060600D+01  2.667170398936D+01  2.668114497760D+01
  2.669071116141D+01  2.670040115074D+01  2.671021200357D+01  2.672014176746D+01
  2.673018690709D+01  2.674034484469D+01  2.675061138637D+01  2.676098326130D+01
  2.677145554681D+01  2.678202420633D+01  2.679268351318D+01  2.680342858724D+01
  2.681425281752D+01  2.682515039741D+01  2.683611374602D+01  2.684713604218D+01
  2.685820864439D+01  2.686932362362D+01  2.688047118200D+01  2.689164218434D+01
  2.690282557566D+01  2.691401091149D+01  2.692518577430D+01  2.693633830274D+01
  2.694745460700D+01  2.695852129713D+01  2.696952289753D+01  2.698044437443D+01
  2.699126854972D+01  2.700197862786D+01  2.701255560923D+01  2.702298081671D+01
  2.703323330882D+01  2.704329240633D+01  2.705313510552D+01  2.706273860514D+01
  2.707207772026D+01  2.708112740995D+01  2.708986019221D+01  2.709824867293D+01
  2.710626296235D+01  2.711387320591D+01  2.712104700294D+01  2.712775193999D+01
  2.713395301243D+01  2.713961516108D+01  2.714470069748D+01  2.714917184462D+01
  2.715298816681D+01  2.715610911543D+01  2.715849146431D+01  2.716009186158D+01
  2.716086427159D+01  2.716076253389D+01  2.715973781287D+01  2.715774116508D+01
  2.715472099770D+01  2.715062564544D+01  2.714540083917D+01  2.713899229358D+01
  2.713134318730D+01  2.712239676261D+01  2.711209381835D+01  2.710037532300D+01
  2.708717992163D+01  2.707244656359D+01  2.705611202473D+01  2.703811355097D+01
  2.701838639680D+01  2.699686648577D+01  2.697348796633D+01  2.694818589009D+01
  2.692089378569D+01  2.689154635545D+01  2.686007706782D+01  2.682642087265D+01
  2.679051181236D+01  2.675228575569D+01  2.671167802727D+01  2.666862615934D+01
  2.662306753879D+01  2.657494217570D+01  2.652419036638D+01  2.647075547701D+01
  2.641458162044D+01  2.635561645234D+01  2.629380885895D+01  2.622911176226D+01
  2.616147981498D+01  2.609087221052D+01  2.601725038038D+01  2.594058080389D+01
  2.586083270229D+01  2.577798084210D+01  2.569200321931D+01  2.560288384924D+01
  2.551061043340D+01  2.541517712775D+01  2.531658218377D+01  2.521483068639D+01
  2.510993215996D+01  2.500190326632D+01  2.489076536584D+01  2.477654716554D+01
  2.465928222495D+01  2.453901154375D+01  2.441578100191D+01  2.428964387706D+01
  2.416065820817D+01  2.402888923167D+01  2.389440665987D+01  2.375728702651D+01
  2.361761087045D+01  2.347546498252D+01  2.333093948693D+01  2.318412998281D+01
  2.303513451779D+01  2.288405561981D+01  2.273099716000D+01  2.257606627348D+01
  2.241937011203D+01  2.226101765677D+01  2.210111636601D+01  2.193977388815D+01
  2.177709461674D+01  2.161318131989D+01  2.144813162394D+01  2.128203958698D+01
  2.111499214631D+01  2.094707068023D+01  2.077834747440D+01  2.060888734030D+01
  2.043874418438D+01  2.026796278517D+01  2.009657558825D+01  1.992460478826D+01
  1.975205952052D+01  1.957893844368D+01  1.940522754589D+01  1.923090346218D+01
  1.905593213441D+01  1.888027308953D+01  1.870387914105D+01  1.852670174453D+01
  1.834869174489D+01  1.816980565770D+01  1.799000711451D+01  1.780927349629D+01
  1.762759727036D+01  1.744499196382D+01  1.726149224173D+01  1.707715804095D+01
  1.689207232153D+01  1.670634255590D+01  1.652009574528D+01  1.633347733962D+01
  1.614664409468D+01  1.595976143797D+01  1.577299549342D+01  1.558651036215D+01
  1.540046074830D+01  1.521499040028D+01  1.503022628978D+01  1.484627882291D+01
  1.466323784284D+01  1.448117458587D+01  1.430013925438D+01  1.412016431090D+01
  1.394126313092D+01  1.376343411884D+01  1.358665994199D+01  1.341091201550D+01
  1.323614992509D+01  1.306232595468D+01  1.288938443672D+01  1.271726612048D+01
  1.254590729964D+01  1.237524391429D+01  1.220521038422D+01  1.203574340095D+01
  1.186678044486D+01  1.169826326186D+01  1.153013607120D+01  1.136234874247D+01
  1.119485471583D+01  1.102761390535D+01  1.086059036010D+01  1.069375492328D+01
  1.052708266397D+01  1.036055532093D+01  1.019415853247D+01  1.002788409037D+01
  9.861726990441D+00  9.695687515674D+00  9.529768122977D+00  9.363975366538D+00
  9.198316626857D+00  9.032801875300D+00  8.867440241136D+00  8.702241607662D+00
  8.537213002906D+00  8.372360008869D+00  8.207682956248D+00  8.043178124948D+00
  7.878833724702D+00  7.714630942401D+00  7.550539491164D+00  7.386518769710D+00
  7.222513025501D+00
Vac0 POTENTIAL                      exc: Vosko,Wilk,Nusair      
  2.20033126  6.33750000  2.17664358
   0.00000
   2.40560   0.9828059395   0.9240367454
353
 0.25000000D-01 0.36265835D-03
 0 1
  8.825082081758D-01  8.824789226585D-01  8.824481339010D-01  8.824391810659D-01
  8.824341663117D-01  8.824319149349D-01  8.824300898890D-01  8.824298542830D-01
  8.824295432793D-01  8.824305836311D-01  8.824314362495D-01  8.824335974929D-01
  8.824355721180D-01  8.824388875508D-01  8.824420730455D-01  8.824466775443D-01
  8.824512506772D-01  8.824573619107D-01  8.824635825464D-01  8.824715055861D-01
  8.824797284251D-01  8.824898734323D-01  8.825005713113D-01  8.825134824901D-01
  8.825272813744D-01  8.825436787160D-01  8.825614070428D-01  8.825822443921D-01
  8.826050012939D-01  8.826315463464D-01  8.826607954100D-01  8.826947397303D-01
  8.827324380938D-01  8.827760485275D-01  8.828248246440D-01  8.828811521843D-01
  8.829445487772D-01  8.830175913616D-01  8.830923838384D-01  8.831256877029D-01
  8.830960754749D-01  8.830687594691D-01  8.830421237895D-01  8.830175723019D-01
  8.829935086596D-01  8.829713540700D-01  8.829495276152D-01  8.829294642671D-01
  8.829095954260D-01  8.828913671015D-01  8.828732206114D-01  8.828566109000D-01
  8.828399873497D-01  8.828248122009D-01  8.828095414470D-01  8.827956433287D-01
  8.827815792999D-01  8.827688225777D-01  8.827558391591D-01  8.827441064136D-01
  8.827320941364D-01  8.827212831891D-01  8.827101465712D-01  8.827001680859D-01
  8.826898234489D-01  8.826805989675D-01  8.826709726670D-01  8.826624329915D-01
  8.826534599446D-01  8.826455438036D-01  8.826371662726D-01  8.826298192075D-01
  8.826219857829D-01  8.826151592210D-01  8.826078239699D-01  8.826014744395D-01
  8.825945961846D-01  8.825886846503D-01  8.825822263599D-01  8.825767176662D-01
  8.825706459386D-01  8.825655083222D-01  8.825597929357D-01  8.825549976231D-01
  8.825496111569D-01  8.825451320003D-01  8.825400495062D-01  8.825358626810D-01
  8.825310613932D-01  8.825271451335D-01  8.825226042265D-01  8.825189385896D-01
  8.825146389524D-01  8.825112056159D-01  8.825071296680D-01  8.825039117499D-01
  8.825000432702D-01  8.824970251723D-01  8.824933491499D-01  8.824905164154D-01
  8.824870189167D-01  8.824843581055D-01  8.824810261554D-01  8.824785247321D-01
  8.824753462090D-01  8.824729924396D-01  8.824699559755D-01  8.824677388373D-01
  8.824648337324D-01  8.824627428286D-01  8.824599589699D-01  8.824579844519D-01
  8.824553122386D-01  8.824534447355D-01  8.824508750095D-01  8.824491055600D-01
  8.824466295407D-01  8.824449495302D-01  8.824425587536D-01  8.824409598539D-01
  8.824386461125D-01  8.824371202231D-01  8.824348755102D-01  8.824334147030D-01
  8.824312311557D-01  8.824298276192D-01  8.824276974635D-01  8.824263434484D-01
  8.824242589447D-01  8.824229467073D-01  8.824209000953D-01  8.824196218433D-01
  8.824176052842D-01  8.824163531188D-01  8.824143586386D-01  8.824131244958D-01
  8.824111439246D-01  8.824099195128D-01  8.824079444217D-01  8.824067211580D-01
  8.824047427930D-01  8.824035117342D-01  8.824015209451D-01  8.824002727158D-01
  8.823982598820D-01  8.823969845961D-01  8.823949395452D-01  8.823936267222D-01
  8.823915386434D-01  8.823901771187D-01  8.823880344689D-01  8.823866122955D-01
  8.823844026972D-01  8.823829070393D-01  8.823806171698D-01  8.823790341873D-01
  8.823766496571D-01  8.823749643786D-01  8.823724695998D-01  8.823706657841D-01
  8.823680438248D-01  8.823661038097D-01  8.823633362353D-01  8.823612407703D-01
  8.823583074688D-01  8.823560355325D-01  8.823529145227D-01  8.823504431215D-01
  8.823471103419D-01  8.823444142883D-01  8.823408433648D-01  8.823378950337D-01
  8.823340570230D-01  8.823308260831D-01  8.823266891913D-01  8.823231423080D-01
  8.823186715788D-01  8.823147720883D-01  8.823099290600D-01  8.823056366082D-01
  8.823003789349D-01  8.822956490796D-01  8.822899301132D-01  8.822847138849D-01
  8.822784822135D-01  8.822727256306D-01  8.822659245688D-01  8.822595681019D-01
  8.822521351286D-01  8.822451131093D-01  8.822369792456D-01  8.822292192133D-01
  8.822203083366D-01  8.822117303168D-01  8.822019584018D-01  8.821924741093D-01
  8.821817483906D-01  8.821712603485D-01  8.821594783947D-01  8.821478789616D-01
  8.821349276524D-01  8.821220979471D-01  8.821078523436D-01  8.820936610567D-01
  8.820779831516D-01  8.820622852334D-01  8.820450225713D-01  8.820276577800D-01
  8.820086419322D-01  8.819894332307D-01  8.819684781092D-01  8.819472298931D-01
  8.819241298876D-01  8.819006260263D-01  8.818751539451D-01  8.818491556172D-01
  8.818210604112D-01  8.817923037115D-01  8.817613079589D-01  8.817295012540D-01
  8.816952983793D-01  8.816601193839D-01  8.816223705846D-01  8.815834631304D-01
  8.815417939796D-01  8.814987644427D-01  8.814527611332D-01  8.814051744856D-01
  8.813543796779D-01  8.813017551222D-01  8.812456633549D-01  8.811874694977D-01
  8.811255221124D-01  8.810611716290D-01  8.809927511606D-01  8.809215948953D-01
  8.808460188681D-01  8.807673393117D-01  8.806838533807D-01  8.805968574575D-01
  8.805046278235D-01  8.804084389155D-01  8.803065439378D-01  8.802001930642D-01
  8.800876139846D-01  8.799700300464D-01  8.798456407293D-01  8.797156397192D-01
  8.795781953034D-01  8.794344683700D-01  8.792825927149D-01  8.791236929583D-01
  8.789558647543D-01  8.787801926159D-01  8.785947300161D-01  8.784005171116D-01
  8.781955607238D-01  8.779808519499D-01  8.777543460112D-01  8.775169797389D-01
  8.772666512750D-01  8.770042374195D-01  8.767275731675D-01  8.764374689022D-01
  8.761316897504D-01  8.758109726043D-01  8.754730052744D-01  8.751184433215D-01
  8.747448889845D-01  8.743529077998D-01  8.739400072795D-01  8.735066532944D-01
  8.730502484722D-01  8.725711483175D-01  8.720666392982D-01  8.715369546703D-01
  8.709792522159D-01  8.703936297377D-01  8.697771024070D-01  8.691296178863D-01
  8.684480332399D-01  8.677321296389D-01  8.669785887778D-01  8.661870071090D-01
  8.653538717018D-01  8.644785739425D-01  8.635573847626D-01  8.625894677312D-01
  8.615708535643D-01  8.605004525225D-01  8.593740280998D-01  8.581902086211D-01
  8.569444599886D-01  8.556350963543D-01  8.542572517757D-01  8.528088898125D-01
  8.512847739122D-01  8.496824757452D-01  8.479963441024D-01  8.462235117387D-01
  8.443578625138D-01  8.423960364592D-01  8.403313948284D-01  8.381600230316D-01
  8.358746931780D-01  8.334708644304D-01  8.309406425179D-01  8.282787769452D-01
  8.254766168170D-01  8.225281041866D-01  8.194237253623D-01  8.161564994862D-01
  8.127159242708D-01  8.090939586553D-01  8.052789616396D-01  8.012616675506D-01
  7.970291162830D-01  7.925706193114D-01  7.878716791915D-01  7.829199439449D-01
  7.776991130976D-01  7.721948774187D-01  7.663888080372D-01  7.602642776934D-01
  7.538003285393D-01  7.469775700125D-01  7.397720197329D-01  7.321609717726D-01
  7.241168035402D-01  7.156128065127D-01  7.066169500631D-01  6.970976645489D-01
  6.870175505762D-01  6.763391015871D-01  6.650183439528D-01  6.530104827461D-01
  6.402634541907D-01  6.267234740428D-01  6.123284792157D-01  5.970135530798D-01
  5.807042275557D-01  5.633217538101D-01  5.447762300122D-01  5.249716799204D-01
  5.037989656829D-01  4.811406306234D-01  4.568635579920D-01  4.308235251325D-01
  4.028575621770D-01  3.727884019618D-01  3.404158020223D-01  3.055215554678D-01
  2.678600270002D-01
Vac0 POTENTIAL                      exc: Vosko,Wilk,Nusair      
  1.68057905  6.33750000  1.68945972
   0.00000
   1.96292   0.9828059395   0.9240367454
353
 0.25000000D-01 0.29592158D-03
 0 1
  6.706120091644D-01  6.705686655838D-01  6.705237883873D-01  6.705101844701D-01
  6.705026414985D-01  6.704981370949D-01  6.704945970810D-01  6.704923721342D-01
  6.704903452808D-01  6.704892371392D-01  6.704881027535D-01  6.704877536277D-01
  6.704872977951D-01  6.704875801970D-01  6.704877316135D-01  6.704886135158D-01
  6.704893694686D-01  6.704908715665D-01  6.704922727465D-01  6.704944538184D-01
  6.704965762040D-01  6.704995293746D-01  6.705024838139D-01  6.705063386867D-01
  6.705102750399D-01  6.705152037204D-01  6.705203187900D-01  6.705265457040D-01
  6.705330950226D-01  6.705409108870D-01  6.705492251095D-01  6.705590060580D-01
  6.705695132235D-01  6.705817466589D-01  6.705950021746D-01  6.706103215130D-01
  6.706270480268D-01  6.706462561866D-01  6.706655338585D-01  6.706728792424D-01
  6.706633118318D-01  6.706546681027D-01  6.706460508147D-01  6.706382896596D-01
  6.706304936143D-01  6.706234978815D-01  6.706164163446D-01  6.706100885859D-01
  6.706036324013D-01  6.705978908932D-01  6.705919850124D-01  6.705867606998D-01
  6.705813414760D-01  6.705765756069D-01  6.705715887197D-01  6.705672309879D-01
  6.705626297779D-01  6.705586368510D-01  6.705543810212D-01  6.705507153703D-01
  6.705467699244D-01  6.705433988787D-01  6.705397332780D-01  6.705366282570D-01
  6.705332157264D-01  6.705303516196D-01  6.705271685806D-01  6.705245232226D-01
  6.705215488213D-01  6.705191025776D-01  6.705163183071D-01  6.705140537094D-01
  6.705114430707D-01  6.705093445256D-01  6.705068927653D-01  6.705049463033D-01
  6.705026401801D-01  6.705008332390D-01  6.704986608304D-01  6.704969820803D-01
  6.704949326106D-01  6.704933718011D-01  6.704914355053D-01  6.704899833253D-01
  6.704881513234D-01  6.704867992947D-01  6.704850634842D-01  6.704838038581D-01
  6.704821568224D-01  6.704809824964D-01  6.704794174258D-01  6.704783218636D-01
  6.704768324812D-01  6.704758096500D-01  6.704743901527D-01  6.704734344626D-01
  6.704720794611D-01  6.704711857135D-01  6.704698901872D-01  6.704690535266D-01
  6.704678127747D-01  6.704670286479D-01  6.704658382528D-01  6.704651023670D-01
  6.704639581560D-01  6.704632664477D-01  6.704621644573D-01  6.704615130584D-01
  6.704604495057D-01  6.704598347109D-01  6.704588059631D-01  6.704582242040D-01
  6.704572267502D-01  6.704566745670D-01  6.704557049917D-01  6.704551790077D-01
  6.704542339662D-01  6.704537308615D-01  6.704528070530D-01  6.704523235406D-01
  6.704514176848D-01  6.704509504845D-01  6.704500592963D-01  6.704496051111D-01
  6.704487252751D-01  6.704482807654D-01  6.704474089105D-01  6.704469706672D-01
  6.704461033404D-01  6.704456678595D-01  6.704448014978D-01  6.704443651507D-01
  6.704434960529D-01  6.704430550574D-01  6.704421793529D-01  6.704417297416D-01
  6.704408433579D-01  6.704403809445D-01  6.704394795726D-01  6.704389999161D-01
  6.704380789727D-01  6.704375773380D-01  6.704366319254D-01  6.704361032415D-01
  6.704351281038D-01  6.704345669173D-01  6.704335563923D-01  6.704329568192D-01
  6.704319047866D-01  6.704312604565D-01  6.704301602810D-01  6.704294642782D-01
  6.704283087476D-01  6.704275535459D-01  6.704263348026D-01  6.704255121940D-01
  6.704242216598D-01  6.704233226761D-01  6.704219509707D-01  6.704209657966D-01
  6.704195026466D-01  6.704184205256D-01  6.704168546649D-01  6.704156637938D-01
  6.704139828539D-01  6.704126702686D-01  6.704108606574D-01  6.704094121049D-01
  6.704074588735D-01  6.704058586725D-01  6.704037453682D-01  6.704019762537D-01
  6.703996847574D-01  6.703977277110D-01  6.703952380577D-01  6.703930721189D-01
  6.703903623005D-01  6.703879643587D-01  6.703850101049D-01  6.703823546697D-01
  6.703791292070D-01  6.703761881554D-01  6.703726619406D-01  6.703694042358D-01
  6.703655446617D-01  6.703619360446D-01  6.703577071146D-01  6.703537097616D-01
  6.703490717307D-01  6.703446438760D-01  6.703395528536D-01  6.703346483721D-01
  6.703290558833D-01  6.703236238296D-01  6.703174763307D-01  6.703114604291D-01
  6.703046987720D-01  6.702980368537D-01  6.702905956937D-01  6.702832190746D-01
  6.702750262162D-01  6.702668590089D-01  6.702578346829D-01  6.702487930368D-01
  6.702388491010D-01  6.702288403616D-01  6.702178794177D-01  6.702068011986D-01
  6.701947156154D-01  6.701824547715D-01  6.701691256062D-01  6.701555570988D-01
  6.701408529037D-01  6.701258385466D-01  6.701096140506D-01  6.700930011234D-01
  6.700750957738D-01  6.700567154889D-01  6.700369518400D-01  6.700166176484D-01
  6.699947995794D-01  6.699723052967D-01  6.699482160421D-01  6.699233337772D-01
  6.698967337483D-01  6.698692116131D-01  6.698398359895D-01  6.698093955662D-01
  6.697769516328D-01  6.697432851733D-01  6.697074493752D-01  6.696702167037D-01
  6.696306313889D-01  6.695894564772D-01  6.695457262943D-01  6.695001934726D-01
  6.694518813864D-01  6.694015311528D-01  6.693481540365D-01  6.692924784211D-01
  6.692335021803D-01  6.691719396160D-01  6.691067737930D-01  6.690387034404D-01
  6.689666952447D-01  6.688914307115D-01  6.688118584124D-01  6.687286408024D-01
  6.686407064159D-01  6.685486966345D-01  6.684515178269D-01  6.683497880619D-01
  6.682423891855D-01  6.681299134734D-01  6.680112156386D-01  6.678868594159D-01
  6.677556694932D-01  6.676181780206D-01  6.674731764559D-01  6.673211619903D-01
  6.671608892991D-01  6.669928168743D-01  6.668156586695D-01  6.666298303292D-01
  6.664340007161D-01  6.662285380247D-01  6.660120611778D-01  6.657848858123D-01
  6.655455755283D-01  6.652943877322D-01  6.650298247230D-01  6.647520793744D-01
  6.644595860397D-01  6.641524660541D-01  6.638290784360D-01  6.634894651887D-01
  6.631319017735D-01  6.627563421861D-01  6.623609691735D-01  6.619456390577D-01
  6.615084316652D-01  6.610490948654D-01  6.605655941769D-01  6.600575569843D-01
  6.595228217798D-01  6.589608820168D-01  6.583694349387D-01  6.577478250212D-01
  6.570935923336D-01  6.564059155137D-01  6.556821595975D-01  6.549213184614D-01
  6.541205620466D-01  6.532786781916D-01  6.523926191650D-01  6.514609427981D-01
  6.504803582235D-01  6.494491662020D-01  6.483638039464D-01  6.472222845152D-01
  6.460207405784D-01  6.447568627275D-01  6.434264420103D-01  6.420268069755D-01
  6.405533647697D-01  6.390030366966D-01  6.373707976260D-01  6.356531097990D-01
  6.338444602453D-01  6.319407925054D-01  6.299360416836D-01  6.278255636847D-01
  6.256026674419D-01  6.232620411692D-01  6.207962811967D-01  6.181993146169D-01
  6.154629240212D-01  6.125801657642D-01  6.095418897172D-01  6.063401521785D-01
  6.029647295337D-01  5.994065245849D-01  5.956540727208D-01  5.916969401118D-01
  5.875222206197D-01  5.831179238887D-01  5.784694607468D-01  5.735630186806D-01
  5.683820328625D-01  5.629105458002D-01  5.571296603232D-01  5.510208792894D-01
  5.445625358292D-01  5.377331078129D-01  5.305076192994D-01  5.228609229346D-01
  5.147640647950D-01  5.061875258867D-01  4.970975402861D-01  4.874592843055D-01
  4.772331348585D-01  4.663777914827D-01  4.548464579965D-01  4.425898782615D-01
  4.295524192773D-01  4.156749953962D-01  4.008910278575D-01  3.851292210260D-01
  3.683093593502D-01  3.503450604877D-01  3.311388130949D-01  3.105852458891D-01
  2.885654348814D-01
