In49 POTENTIAL                      exc: Vosko,Wilk,Nusair      
  2.37798540  6.82500000  2.34921590
  49.00000
   2.59633   0.7247658575   0.8163257545
353
 0.25000000D-01 0.39141124D-03
 9 1
    0  -1.96656160000D+03
    0  -2.87428550000D+02
    0  -5.37136240000D+01
    0  -7.39818510000D+00
    1  -2.68528840000D+02
    1  -4.59639090000D+01
    1  -4.86454470000D+00
    2  -3.15522220000D+01
    2  -7.38539920000D-01
  4.724081916717D+02  4.724359157545D+02  4.724642699975D+02  4.724932602366D+02
  4.725228954757D+02  4.725531898426D+02  4.725841532626D+02  4.726157999583D+02
  4.726481400722D+02  4.726811879448D+02  4.727149538609D+02  4.727494522428D+02
  4.727846934625D+02  4.728206919812D+02  4.728574582025D+02  4.728950065755D+02
  4.729333474750D+02  4.729724952774D+02  4.730124602612D+02  4.730532566612D+02
  4.730948945829D+02  4.731373880402D+02  4.731807468800D+02  4.732249848051D+02
  4.732701113070D+02  4.733161396758D+02  4.733630789388D+02  4.734109418590D+02
  4.734597368776D+02  4.735094761023D+02  4.735601672518D+02  4.736118216348D+02
  4.736644460959D+02  4.737180509848D+02  4.737726421027D+02  4.738282286627D+02
  4.738848152348D+02  4.739424096980D+02  4.740010151839D+02  4.740606380193D+02
  4.741212796757D+02  4.741829446780D+02  4.742456325685D+02  4.743093458227D+02
  4.743740817833D+02  4.744398405765D+02  4.745066170406D+02  4.745744086330D+02
  4.746432073536D+02  4.747130076421D+02  4.747837982952D+02  4.748555703539D+02
  4.749283090143D+02  4.750020015046D+02  4.750766289882D+02  4.751521744305D+02
  4.752286144940D+02  4.753059273939D+02  4.753840847856D+02  4.754630596082D+02
  4.755428179633D+02  4.756233269475D+02  4.757045465211D+02  4.757864373295D+02
  4.758689525621D+02  4.759520457616D+02  4.760356626729D+02  4.761197490407D+02
  4.762042424484D+02  4.762890801030D+02  4.763741906648D+02  4.764595020203D+02
  4.765449331011D+02  4.766304016466D+02  4.767158160124D+02  4.768010829218D+02
  4.768860992659D+02  4.769707598447D+02  4.770549491580D+02  4.771385491380D+02
  4.772214309332D+02  4.773034626322D+02  4.773845010423D+02  4.774643994068D+02
  4.775429991795D+02  4.776201377379D+02  4.776956401553D+02  4.777693269128D+02
  4.778410056716D+02  4.779104789864D+02  4.779775360815D+02  4.780419605686D+02
  4.781035222306D+02  4.781619847485D+02  4.782170974960D+02  4.782686032806D+02
  4.783162301548D+02  4.783596991753D+02  4.783987162371D+02  4.784329798574D+02
  4.784621730376D+02  4.784859710788D+02  4.785040334800D+02  4.785160117913D+02
  4.785215415555D+02  4.785202502085D+02  4.785117490717D+02  4.784956413081D+02
  4.784715139746D+02  4.784389460430D+02  4.783975005217D+02  4.783467325508D+02
  4.782861816030D+02  4.782153796624D+02  4.781338435154D+02  4.780410830220D+02
  4.779365935064D+02  4.778198641317D+02  4.776903703984D+02  4.775475826317D+02
  4.773909585966D+02  4.772199521064D+02  4.770340057615D+02  4.768325596849D+02
  4.766150443917D+02  4.763808896555D+02  4.761295175116D+02  4.758603512571D+02
  4.755728085873D+02  4.752663107282D+02  4.749402757029D+02  4.745941275908D+02
  4.742272899158D+02  4.738391950209D+02  4.734292775655D+02  4.729969839987D+02
  4.725417661453D+02  4.720630907548D+02  4.715604331485D+02  4.710332868134D+02
  4.704811570759D+02  4.699035707008D+02  4.693000695470D+02  4.686702201242D+02
  4.680136071787D+02  4.673298431489D+02  4.666185616194D+02  4.658794266105D+02
  4.651121258288D+02  4.643163797165D+02  4.634919344205D+02  4.626385705198D+02
  4.617560956309D+02  4.608443527271D+02  4.599032122936D+02  4.589325801541D+02
  4.579323890926D+02  4.569026061065D+02  4.558432234203D+02  4.547542650998D+02
  4.536357773994D+02  4.524878347002D+02  4.513105291630D+02  4.501039759765D+02
  4.488683023465D+02  4.476036521063D+02  4.463101741224D+02  4.449880263948D+02
  4.436373640527D+02  4.422583431700D+02  4.408511086340D+02  4.394157980222D+02
  4.379525297539D+02  4.364614075071D+02  4.349425091986D+02  4.333958925434D+02
  4.318215855162D+02  4.302195937389D+02  4.285898931129D+02  4.269324396952D+02
  4.252471650891D+02  4.235339892704D+02  4.217928190082D+02  4.200235636582D+02
  4.182261363117D+02  4.164004718767D+02  4.145465298575D+02  4.126643131935D+02
  4.107538707327D+02  4.088153145531D+02  4.068488196323D+02  4.048546370977D+02
  4.028330886814D+02  4.007845738519D+02  3.987095575839D+02  3.966085706569D+02
  3.944821909037D+02  3.923310377576D+02  3.901557489323D+02  3.879569719045D+02
  3.857353392412D+02  3.834914605107D+02  3.812258997599D+02  3.789391711154D+02
  3.766317212190D+02  3.743039307223D+02  3.719561031879D+02  3.695884732659D+02
  3.672012021588D+02  3.647943919541D+02  3.623680866021D+02  3.599222909376D+02
  3.574569753973D+02  3.549720977533D+02  3.524676094818D+02  3.499434780888D+02
  3.473996930407D+02  3.448362866754D+02  3.422533378139D+02  3.396509895221D+02
  3.370294488612D+02  3.343890001780D+02  3.317299998824D+02  3.290528844177D+02
  3.263581595105D+02  3.236464025710D+02  3.209182465125D+02  3.181743770615D+02
  3.154155120496D+02  3.126423949639D+02  3.098557715551D+02  3.070563820055D+02
  3.042449376725D+02  3.014221151944D+02  2.985885371081D+02  2.957447718464D+02
  2.928913221910D+02  2.900286347808D+02  2.871570992327D+02  2.842770686815D+02
  2.813888692268D+02  2.784928288304D+02  2.755892918194D+02  2.726786483727D+02
  2.697613443901D+02  2.668379010445D+02  2.639089101723D+02  2.609750364056D+02
  2.580369944488D+02  2.550955349302D+02  2.521514095606D+02  2.492053507266D+02
  2.462580370231D+02  2.433100796220D+02  2.403619998829D+02  2.374142314288D+02
  2.344671151792D+02  2.315209187269D+02  2.285758470101D+02  2.256320745415D+02
  2.226897654601D+02  2.197491113537D+02  2.168103531727D+02  2.138738174123D+02
  2.109399332542D+02  2.080092613651D+02  2.050825015314D+02  2.021605103525D+02
  1.992442966827D+02  1.963350264727D+02  1.934340052422D+02  1.905426701738D+02
  1.876625604377D+02  1.847952981747D+02  1.819425489982D+02  1.791059948542D+02
  1.762872884043D+02  1.734880221630D+02  1.707096819686D+02  1.679536185283D+02
  1.652210071901D+02  1.625128303484D+02  1.598298532691D+02  1.571726282204D+02
  1.545414976589D+02  1.519366303872D+02  1.493580589441D+02  1.468057477566D+02
  1.442796540697D+02  1.417798041218D+02  1.393063407788D+02  1.368595633436D+02
  1.344399201795D+02  1.320479855260D+02  1.296843951601D+02  1.273497849469D+02
  1.250447138679D+02  1.227696150611D+02  1.205247498517D+02  1.183101989283D+02
  1.161258567860D+02  1.139714573501D+02  1.118465937596D+02  1.097507596754D+02
  1.076833761577D+02  1.056438333062D+02  1.036315126209D+02  1.016458210633D+02
  9.968620409404D+01  9.775216975645D+01  9.584329180835D+01  9.395922440180D+01
  9.209969670651D+01  9.026452010921D+01  8.845357648623D+01  8.666682019907D+01
  8.490426228912D+01  8.316596945764D+01  8.145204623013D+01  7.976263278752D+01
  7.809788676155D+01  7.645798135761D+01  7.484308799627D+01  7.325337571902D+01
  7.168899545255D+01  7.015008127267D+01  6.863673668412D+01  6.714903797316D+01
  6.568702259530D+01  6.425069459417D+01  6.284001498534D+01  6.145490906230D+01
  6.009525855140D+01  5.876091054991D+01  5.745167117869D+01  5.616731586286D+01
  5.490758417061D+01  5.367219108579D+01  5.246082261759D+01  5.127314755466D+01
  5.010881321566D+01  4.896745692596D+01  4.784870104475D+01  4.675216325752D+01
  4.567745003250D+01  4.462416506437D+01  4.359190079567D+01  4.258024501264D+01
  4.158877080613D+01  4.061704209878D+01  3.966460251821D+01  3.873098116009D+01
  3.781568109984D+01
N_07 POTENTIAL                      exc: Vosko,Wilk,Nusair      
  1.80145647  6.82500000  1.81203139
   7.00000
   2.10533   0.7247658575   0.8163257545
353
 0.25000000D-01 0.31739093D-03
 2 1
    0  -2.69998930000D+01
    0  -4.29582100000D-01
  2.594276435035D+01  2.594316540468D+01  2.594357625632D+01  2.594402308892D+01
  2.594448618220D+01  2.594496323021D+01  2.594545308096D+01  2.594595609462D+01
  2.594647188985D+01  2.594700113297D+01  2.594754359211D+01  2.594810001895D+01
  2.594867023712D+01  2.594925503846D+01  2.594985427837D+01  2.595046877561D+01
  2.595109840965D+01  2.595174402152D+01  2.595240551199D+01  2.595308374277D+01
  2.595377863501D+01  2.595449107068D+01  2.595522099123D+01  2.595596929902D+01
  2.595673595610D+01  2.595752188571D+01  2.595832707103D+01  2.595915245674D+01
  2.595999804785D+01  2.596086481121D+01  2.596175277437D+01  2.596266292714D+01
  2.596359532044D+01  2.596455096787D+01  2.596552994459D+01  2.596653328883D+01
  2.596756110086D+01  2.596861444450D+01  2.596969344618D+01  2.597079919883D+01
  2.597193224426D+01  2.597309330211D+01  2.597428255383D+01  2.597550114580D+01
  2.597674928827D+01  2.597802815691D+01  2.597933799177D+01  2.598067999879D+01
  2.598205444876D+01  2.598346257886D+01  2.598490469159D+01  2.598638205637D+01
  2.598789500836D+01  2.598944485011D+01  2.599103195042D+01  2.599265764592D+01
  2.599432233993D+01  2.599602740403D+01  2.599777327697D+01  2.599956136614D+01
  2.600139214652D+01  2.600326706213D+01  2.600518662496D+01  2.600715231639D+01
  2.600916468612D+01  2.601122525358D+01  2.601333460678D+01  2.601549430378D+01
  2.601770497143D+01  2.601996820687D+01  2.602228467623D+01  2.602465601605D+01
  2.602708293199D+01  2.602956710021D+01  2.603210926604D+01  2.603471114526D+01
  2.603737352278D+01  2.604009815384D+01  2.604288586267D+01  2.604573844359D+01
  2.604865675960D+01  2.605164264346D+01  2.605469699616D+01  2.605782168794D+01
  2.606101765671D+01  2.606428680894D+01  2.606763011796D+01  2.607104952483D+01
  2.607454603651D+01  2.607812162658D+01  2.608177733333D+01  2.608551516035D+01
  2.608933617447D+01  2.609324240624D+01  2.609723494771D+01  2.610131585276D+01
  2.610548623469D+01  2.610974816642D+01  2.611410277788D+01  2.611855215600D+01
  2.612309744194D+01  2.612774073083D+01  2.613248316879D+01  2.613732685243D+01
  2.614227292566D+01  2.614732347887D+01  2.615247964550D+01  2.615774350095D+01
  2.616311615884D+01  2.616859966959D+01  2.617419511634D+01  2.617990451323D+01
  2.618572890095D+01  2.619167024460D+01  2.619772952889D+01  2.620390865556D+01
  2.621020853816D+01  2.621663099904D+01  2.622317686360D+01  2.622984785688D+01
  2.623664469720D+01  2.624356899226D+01  2.625062133229D+01  2.625780318545D+01
  2.626511499045D+01  2.627255805134D+01  2.628013262942D+01  2.628783983742D+01
  2.629567973067D+01  2.630365320055D+01  2.631176006495D+01  2.632000096090D+01
  2.632837543423D+01  2.633688383139D+01  2.634552538823D+01  2.635430012092D+01
  2.636320691386D+01  2.637224540959D+01  2.638141409577D+01  2.639071219411D+01
  2.640013774625D+01  2.640968950171D+01  2.641936500263D+01  2.642916247066D+01
  2.643907889054D+01  2.644911189583D+01  2.645925785135D+01  2.646951373762D+01
  2.647987523219D+01  2.649033859276D+01  2.650089873728D+01  2.651155112581D+01
  2.652228983931D+01  2.653310946024D+01  2.654400315002D+01  2.655496452836D+01
  2.656598574942D+01  2.657705937985D+01  2.658817647363D+01  2.659932844892D+01
  2.661050516160D+01  2.662169678091D+01  2.663289186187D+01  2.664407921970D+01
  2.665524600117D+01  2.666637955803D+01  2.667746551735D+01  2.668848965408D+01
  2.669943596055D+01  2.671028851833D+01  2.672102956716D+01  2.673164137628D+01
  2.674210431301D+01  2.675239871385D+01  2.676250295309D+01  2.677239531393D+01
  2.678205205746D+01  2.679144929429D+01  2.680056105425D+01  2.680936115905D+01
  2.681782129313D+01  2.682591287792D+01  2.683360514452D+01  2.684086700999D+01
  2.684766515260D+01  2.685396589092D+01  2.685973326226D+01  2.686493090544D+01
  2.686952014319D+01  2.687346186948D+01  2.687671463686D+01  2.687923654919D+01
  2.688098335501D+01  2.688191034674D+01  2.688197046108D+01  2.688111618586D+01
  2.687929766859D+01  2.687646463220D+01  2.687256449297D+01  2.686754428634D+01
  2.686134879558D+01  2.685392248888D+01  2.684520766010D+01  2.683514637850D+01
  2.682367864275D+01  2.681074434466D+01  2.679628143777D+01  2.678022791619D+01
  2.676251999901D+01  2.674309412549D+01  2.672188515625D+01  2.669882838577D+01
  2.667385776138D+01  2.664690791379D+01  2.661791239444D+01  2.658680572471D+01
  2.655352165195D+01  2.651799521740D+01  2.648016103094D+01  2.643995535745D+01
  2.639731440973D+01  2.635217645253D+01  2.630448011248D+01  2.625416649844D+01
  2.620117752677D+01  2.614545805584D+01  2.608695422411D+01  2.602561559605D+01
  2.596139350980D+01  2.589424323063D+01  2.582412230408D+01  2.575099271245D+01
  2.567481922824D+01  2.559557156812D+01  2.551322274067D+01  2.542775119126D+01
  2.533913913715D+01  2.524737469578D+01  2.515245019927D+01  2.505436429784D+01
  2.495312024490D+01  2.484872796641D+01  2.474120230712D+01  2.463056505603D+01
  2.451684314367D+01  2.440007061349D+01  2.428028675968D+01  2.415753803382D+01
  2.403187611353D+01  2.390335973354D+01  2.377205267393D+01  2.363802550697D+01
  2.350135349546D+01  2.336211824550D+01  2.322040550672D+01  2.307630672324D+01
  2.292991672880D+01  2.278133518997D+01  2.263066419149D+01  2.247800956826D+01
  2.232347837892D+01  2.216718012666D+01  2.200922412300D+01  2.184972060166D+01
  2.168877797987D+01  2.152650387589D+01  2.136300228224D+01  2.119837450627D+01
  2.103271628046D+01  2.086611865806D+01  2.069866510112D+01  2.053043238218D+01
  2.036148771342D+01  2.019188973270D+01  2.002168576994D+01  1.985091303398D+01
  1.967959615580D+01  1.950774874128D+01  1.933537138248D+01  1.916245379269D+01
  1.898897352261D+01  1.881489892597D+01  1.864018882479D+01  1.846479652225D+01
  1.828867057467D+01  1.811175991027D+01  1.793401562228D+01  1.775539691811D+01
  1.757587343079D+01  1.739543125020D+01  1.721407477226D+01  1.703183165387D+01
  1.684875296312D+01  1.666491588165D+01  1.648042119930D+01  1.629539317950D+01
  1.610997429849D+01  1.592432270326D+01  1.573860511710D+01  1.555299318916D+01
  1.536765607386D+01  1.518275719878D+01  1.499844789076D+01  1.481486565309D+01
  1.463212957776D+01  1.445034050911D+01  1.426957829336D+01  1.408990361990D+01
  1.391135671763D+01  1.373396037824D+01  1.355771956367D+01  1.338262508484D+01
  1.320865363617D+01  1.303577170696D+01  1.286393568933D+01  1.269309573739D+01
  1.252319572739D+01  1.235417689944D+01  1.218597755177D+01  1.201853638541D+01
  1.185179188367D+01  1.168568533487D+01  1.152015989011D+01  1.135516327080D+01
  1.119064652166D+01  1.102656642676D+01  1.086288398652D+01  1.069956657438D+01
  1.053658617173D+01  1.037392130007D+01  1.021155504897D+01  1.004947681830D+01
  9.887680172679D+00  9.726164425544D+00  9.564932350019D+00  9.403991632155D+00
  9.243352462514D+00  9.083028879538D+00  8.923036258991D+00  8.763392560236D+00
  8.604115721715D+00  8.445224813262D+00  8.286737335555D+00  8.128670271045D+00
  7.971037274832D+00  7.813849606783D+00  7.657113193161D+00  7.500829415352D+00
  7.344992016990D+00  7.189587766942D+00  7.034593057032D+00  6.879974575582D+00
  6.725685601721D+00
Vac0 POTENTIAL                      exc: Vosko,Wilk,Nusair      
  2.37798540  6.82500000  2.34921590
   0.00000
   2.59633   0.7247658575   0.8163257545
353
 0.25000000D-01 0.39141124D-03
 0 1
  7.465637903620D-01  7.465408889250D-01  7.465165672237D-01  7.465096754416D-01
  7.465056900985D-01  7.465041598310D-01  7.465027691575D-01  7.465029105362D-01
  7.465027997591D-01  7.465040379529D-01  7.465049405749D-01  7.465071639857D-01
  7.465090585507D-01  7.465123053102D-01  7.465152741344D-01  7.465196630848D-01
  7.465238581479D-01  7.465295735352D-01  7.465352121619D-01  7.465425064879D-01
  7.465498795923D-01  7.465590864319D-01  7.465685754765D-01  7.465801305346D-01
  7.465922329573D-01  7.466067042389D-01  7.466220690055D-01  7.466401985769D-01
  7.466596750118D-01  7.466824359591D-01  7.467071402416D-01  7.467358144002D-01
  7.467672203560D-01  7.468035043578D-01  7.468435674815D-01  7.468897178687D-01
  7.469410434662D-01  7.469999860524D-01  7.470599024731D-01  7.470847079959D-01
  7.470576105531D-01  7.470327523373D-01  7.470083718311D-01  7.469860369888D-01
  7.469640041387D-01  7.469438570732D-01  7.469238662051D-01  7.469056278971D-01
  7.468874238096D-01  7.468708603775D-01  7.468542283122D-01  7.468391422130D-01
  7.468239001557D-01  7.468101233925D-01  7.467961160346D-01  7.467835048212D-01
  7.467705988412D-01  7.467590293727D-01  7.467471096618D-01  7.467364747738D-01
  7.467254414186D-01  7.467156478503D-01  7.467054137070D-01  7.466963799280D-01
  7.466868686275D-01  7.466785230315D-01  7.466696673662D-01  7.466619468053D-01
  7.466536873798D-01  7.466465359378D-01  7.466388200640D-01  7.466321880497D-01
  7.466249688167D-01  7.466188119057D-01  7.466120474023D-01  7.466063259302D-01
  7.465999785855D-01  7.465946569376D-01  7.465886929698D-01  7.465837390752D-01
  7.465781280113D-01  7.465735128973D-01  7.465682271715D-01  7.465639245907D-01
  7.465589391937D-01  7.465549253030D-01  7.465502174849D-01  7.465464705608D-01
  7.465420195672D-01  7.465385197666D-01  7.465343066112D-01  7.465310357572D-01
  7.465270430265D-01  7.465239844243D-01  7.465201961013D-01  7.465173343729D-01
  7.465137356840D-01  7.465110566266D-01  7.465076339067D-01  7.465051243624D-01
  7.465018649330D-01  7.464995126755D-01  7.464964047367D-01  7.464941983693D-01
  7.464912309039D-01  7.464891597674D-01  7.464863224521D-01  7.464843765384D-01
  7.464816596641D-01  7.464798295446D-01  7.464772239437D-01  7.464755006951D-01
  7.464729976738D-01  7.464713728161D-01  7.464689640922D-01  7.464674295261D-01
  7.464651071698D-01  7.464636551215D-01  7.464614115004D-01  7.464600344660D-01
  7.464578621920D-01  7.464565528861D-01  7.464544447643D-01  7.464531960701D-01
  7.464511450493D-01  7.464499499687D-01  7.464479490918D-01  7.464468006971D-01
  7.464448430530D-01  7.464437344370D-01  7.464418131112D-01  7.464407373399D-01
  7.464388453646D-01  7.464377954242D-01  7.464359257279D-01  7.464348944750D-01
  7.464330398284D-01  7.464320199346D-01  7.464301728967D-01  7.464291567930D-01
  7.464273096516D-01  7.464262894684D-01  7.464244341802D-01  7.464234016834D-01
  7.464215298071D-01  7.464204763309D-01  7.464185789579D-01  7.464174953322D-01
  7.464155630107D-01  7.464144394816D-01  7.464124621351D-01  7.464112882812D-01
  7.464092551202D-01  7.464080197598D-01  7.464059191851D-01  7.464046102755D-01
  7.464024297740D-01  7.464010343029D-01  7.463987603324D-01  7.463972641966D-01
  7.463948820608D-01  7.463932699362D-01  7.463907636468D-01  7.463890188436D-01
  7.463863709698D-01  7.463844752746D-01  7.463816667771D-01  7.463796002788D-01
  7.463766103270D-01  7.463743512257D-01  7.463711569978D-01  7.463686813939D-01
  7.463652578545D-01  7.463625395168D-01  7.463588591743D-01  7.463558692836D-01
  7.463519019213D-01  7.463486087887D-01  7.463443211677D-01  7.463406899232D-01
  7.463360454564D-01  7.463320377053D-01  7.463269960957D-01  7.463225695395D-01
  7.463170863826D-01  7.463121944006D-01  7.463062207440D-01  7.463008119309D-01
  7.462942937888D-01  7.462883114444D-01  7.462811892615D-01  7.462745708272D-01
  7.462667788858D-01  7.462594553215D-01  7.462509210874D-01  7.462428161839D-01
  7.462334595830D-01  7.462244892021D-01  7.462142218220D-01  7.462042930564D-01
  7.461930172634D-01  7.461820275093D-01  7.461696354733D-01  7.461574714049D-01
  7.461438440214D-01  7.461303804583D-01  7.461153861578D-01  7.461004848123D-01
  7.460839782438D-01  7.460674863382D-01  7.460493069146D-01  7.460310556511D-01
  7.460110259419D-01  7.459908288130D-01  7.459687527672D-01  7.459464036876D-01
  7.459220646697D-01  7.458973359118D-01  7.458704945316D-01  7.458431344431D-01
  7.458135261560D-01  7.457832566375D-01  7.457505890927D-01  7.457171028095D-01
  7.456810529182D-01  7.456440102177D-01  7.456042209123D-01  7.455632464169D-01
  7.455193230685D-01  7.454740019085D-01  7.454255083662D-01  7.453753820156D-01
  7.453218362278D-01  7.452663979000D-01  7.452072670734D-01  7.451459566309D-01
  7.450806518773D-01  7.450128502030D-01  7.449407206214D-01  7.448657433948D-01
  7.447860695260D-01  7.447031603411D-01  7.446151469304D-01  7.445234696844D-01
  7.444262376774D-01  7.443248681525D-01  7.442174458420D-01  7.441053623952D-01
  7.439866756288D-01  7.438627488919D-01  7.437316102391D-01  7.435945917251D-01
  7.434496884924D-01  7.432981979883D-01  7.431380789577D-01  7.429705905741D-01
  7.427936513272D-01  7.426084780585D-01  7.424129447324D-01  7.422082213661D-01
  7.419921326708D-01  7.417657968646D-01  7.415269841705D-01  7.412767554979D-01
  7.410128207820D-01  7.407361775201D-01  7.404444689333D-01  7.401386223425D-01
  7.398162071325D-01  7.394780729484D-01  7.391217074408D-01  7.387478742617D-01
  7.383539705655D-01  7.379406647813D-01  7.375052538415D-01  7.370483007046D-01
  7.365669912786D-01  7.360617716640D-01  7.355297047370D-01  7.349711070778D-01
  7.343829051714D-01  7.337652719830D-01  7.331149827275D-01  7.324320510475D-01
  7.317130842966D-01  7.309579192661D-01  7.301629769190D-01  7.293278976028D-01
  7.284488951599D-01  7.275253915535D-01  7.265533702649D-01  7.255320102462D-01
  7.244570384997D-01  7.233273632519D-01  7.221384255890D-01  7.208888317255D-01
  7.195737035434D-01  7.181913097995D-01  7.167364153822D-01  7.152069112665D-01
  7.135971622592D-01  7.119046354631D-01  7.101232462280D-01  7.082499848258D-01
  7.062782602534D-01  7.042045247452D-01  7.020216149846D-01  6.997253739795D-01
  6.973079891262D-01  6.947646108466D-01  6.920866867992D-01  6.892685765158D-01
  6.863008808652D-01  6.831770517175D-01  6.798867155263D-01  6.764222767790D-01
  6.727722342558D-01  6.689277766817D-01  6.648760898243D-01  6.606069423239D-01
  6.561059812862D-01  6.513613057004D-01  6.463567475362D-01  6.410784294304D-01
  6.355080274614D-01  6.296293088486D-01  6.234213714984D-01  6.168651562442D-01
  6.099366568651D-01  6.026133998180D-01  5.948676166201D-01  5.866726819786D-01
  5.779962380812D-01  5.688065793750D-01  5.590657152728D-01  5.487356864014D-01
  5.377715483285D-01  5.261275997111D-01  5.137502646859D-01  5.005842078219D-01
  4.865650866487D-01  4.716255215511D-01  4.556876824922D-01  4.386690741397D-01
  4.204749125282D-01  4.010036765532D-01  3.801392255555D-01  3.577560561055D-01
  3.337110997389D-01  3.078487725820D-01  2.799919356019D-01  2.499471191398D-01
  2.174947828150D-01
Vac0 POTENTIAL                      exc: Vosko,Wilk,Nusair      
  1.80145647  6.82500000  1.81203139
   0.00000
   2.10533   0.7247658575   0.8163257545
353
 0.25000000D-01 0.31739093D-03
 0 1
  5.566124114674D-01  5.565766154849D-01  5.565395366409D-01  5.565283080712D-01
  5.565220666044D-01  5.565183484230D-01  5.565154081317D-01  5.565135673370D-01
  5.565118712127D-01  5.565109464854D-01  5.565099801646D-01  5.565096740220D-01
  5.565092585080D-01  5.565094627992D-01  5.565095357843D-01  5.565102199307D-01
  5.565107742806D-01  5.565119496389D-01  5.565130122257D-01  5.565147193625D-01
  5.565163435549D-01  5.565186484044D-01  5.565209128974D-01  5.565239074146D-01
  5.565269183084D-01  5.565307240139D-01  5.565346197576D-01  5.565393938561D-01
  5.565443526253D-01  5.565502968625D-01  5.565565469946D-01  5.565639198175D-01
  5.565717539197D-01  5.565808868124D-01  5.565906806904D-01  5.566020000497D-01
  5.566142377302D-01  5.566282789445D-01  5.566422698216D-01  5.566470310497D-01
  5.566390232993D-01  5.566317996469D-01  5.566245865240D-01  5.566181010112D-01
  5.566115747359D-01  5.566057293847D-01  5.565998006911D-01  5.565945140019D-01
  5.565891083305D-01  5.565843119573D-01  5.565793665353D-01  5.565750027255D-01
  5.565704643284D-01  5.565664839448D-01  5.565623071354D-01  5.565586681070D-01
  5.565548138672D-01  5.565514799495D-01  5.565479145748D-01  5.565448543801D-01
  5.565415486025D-01  5.565387348068D-01  5.565356630838D-01  5.565330717841D-01
  5.565302117209D-01  5.565278219122D-01  5.565251537887D-01  5.565229469366D-01
  5.565204533119D-01  5.565184129908D-01  5.565160783835D-01  5.565141899848D-01
  5.565120005964D-01  5.565102510777D-01  5.565081945679D-01  5.565065722418D-01
  5.565046375360D-01  5.565031318982D-01  5.565013090219D-01  5.564999105959D-01
  5.564981905369D-01  5.564968907454D-01  5.564952653354D-01  5.564940563923D-01
  5.564925182029D-01  5.564913930143D-01  5.564899352667D-01  5.564888873522D-01
  5.564875038439D-01  5.564865272593D-01  5.564852122920D-01  5.564843015708D-01
  5.564830498923D-01  5.564821999866D-01  5.564810067419D-01  5.564802129745D-01
  5.564790736543D-01  5.564783316742D-01  5.564772420773D-01  5.564765478217D-01
  5.564755040136D-01  5.564748536707D-01  5.564738519540D-01  5.564732419318D-01
  5.564722788124D-01  5.564717057090D-01  5.564707778696D-01  5.564702384453D-01
  5.564693427179D-01  5.564688338697D-01  5.564679672119D-01  5.564674859514D-01
  5.564666454217D-01  5.564661888504D-01  5.564653715879D-01  5.564649368758D-01
  5.564641400770D-01  5.564637244415D-01  5.564629453396D-01  5.564625460253D-01
  5.564617818696D-01  5.564613961259D-01  5.564606441617D-01  5.564602692231D-01
  5.564595266687D-01  5.564591597331D-01  5.564584237599D-01  5.564580619666D-01
  5.564573296764D-01  5.564569700837D-01  5.564562384854D-01  5.564558780466D-01
  5.564551440320D-01  5.564547795709D-01  5.564540398890D-01  5.564536680726D-01
  5.564529193020D-01  5.564525366134D-01  5.564517751331D-01  5.564513778401D-01
  5.564505997982D-01  5.564501839209D-01  5.564493852010D-01  5.564489464762D-01
  5.564481226593D-01  5.564476565024D-01  5.564468028278D-01  5.564463042910D-01
  5.564454156119D-01  5.564448793381D-01  5.564439500744D-01  5.564433702470D-01
  5.564423943325D-01  5.564417646212D-01  5.564407354465D-01  5.564400489470D-01
  5.564389592961D-01  5.564382084639D-01  5.564370504455D-01  5.564362270233D-01
  5.564349919942D-01  5.564340869320D-01  5.564327654138D-01  5.564317687811D-01
  5.564303503669D-01  5.564292512555D-01  5.564277245089D-01  5.564265109262D-01
  5.564248632688D-01  5.564235220196D-01  5.564217396072D-01  5.564202561638D-01
  5.564183237494D-01  5.564166821082D-01  5.564145828915D-01  5.564127654142D-01
  5.564104808754D-01  5.564084681141D-01  5.564059778293D-01  5.564037483336D-01
  5.564010297723D-01  5.563985598756D-01  5.563955881762D-01  5.563928517601D-01
  5.563895994823D-01  5.563865677163D-01  5.563830045675D-01  5.563796456211D-01
  5.563757381538D-01  5.563720168792D-01  5.563677281571D-01  5.563636057374D-01
  5.563588949664D-01  5.563543285281D-01  5.563491506480D-01  5.563440928318D-01
  5.563383980661D-01  5.563327965535D-01  5.563265299107D-01  5.563203269000D-01
  5.563134276233D-01  5.563065592507D-01  5.562989602099D-01  5.562913559103D-01
  5.562829829286D-01  5.562745647282D-01  5.562653358395D-01  5.562560175746D-01
  5.562458422018D-01  5.562355286549D-01  5.562243067016D-01  5.562128926468D-01
  5.562005134938D-01  5.561878826412D-01  5.561742240367D-01  5.561602478661D-01
  5.561451746991D-01  5.561297111700D-01  5.561130741142D-01  5.560959662401D-01
  5.560776002551D-01  5.560586745274D-01  5.560383972008D-01  5.560174618458D-01
  5.559950715612D-01  5.559719146135D-01  5.559471885241D-01  5.559215756957D-01
  5.558942674842D-01  5.558659398092D-01  5.558357772100D-01  5.558044484392D-01
  5.557711304992D-01  5.557364842186D-01  5.556996782674D-01  5.556613647124D-01
  5.556207030106D-01  5.555783355416D-01  5.555334115748D-01  5.554865627780D-01
  5.554369271561D-01  5.553851245315D-01  5.553302804522D-01  5.552730016415D-01
  5.552123998713D-01  5.551490673782D-01  5.550821006980D-01  5.550120760448D-01
  5.549380731028D-01  5.548606503637D-01  5.547788688713D-01  5.546932675129D-01
  5.546028867115D-01  5.545082436662D-01  5.544083559863D-01  5.543037168747D-01
  5.541933186976D-01  5.540776281051D-01  5.539556095293D-01  5.538277002344D-01
  5.536928337357D-01  5.535514147718D-01  5.534023426348D-01  5.532459860565D-01
  5.530812064394D-01  5.529083326473D-01  5.527261841260D-01  5.525350455871D-01
  5.523336900062D-01  5.521223531872D-01  5.518997566241D-01  5.516660819317D-01
  5.514199935554D-01  5.511616130526D-01  5.508895416326D-01  5.506038342706D-01
  5.503030220578D-01  5.499870861280D-01  5.496544797948D-01  5.493051022680D-01
  5.489373205514D-01  5.485509429237D-01  5.481442405671D-01  5.477169207822D-01
  5.472671483140D-01  5.467945182667D-01  5.462970770876D-01  5.457742951429D-01
  5.452240873146D-01  5.446457851909D-01  5.440371572252D-01  5.433973804876D-01
  5.427240603254D-01  5.420162016143D-01  5.412712278493D-01  5.404879518232D-01
  5.396635940650D-01  5.387967528598D-01  5.378844219372D-01  5.369249597298D-01
  5.359151061961D-01  5.348529511961D-01  5.337349503090D-01  5.325588921792D-01
  5.313209131633D-01  5.300184634682D-01  5.286473204247D-01  5.272045532036D-01
  5.256855344690D-01  5.240869034074D-01  5.224035754598D-01  5.206317033381D-01
  5.187656844639D-01  5.168011195674D-01  5.147318173725D-01  5.125527502740D-01
  5.102570556928D-01  5.078389882002D-01  5.052909168210D-01  5.026062728080D-01
  4.997765419835D-01  4.967942071558D-01  4.936497343450D-01  4.903345085600D-01
  4.868378124411D-01  4.831497537594D-01  4.792582346015D-01  4.751518684902D-01
  4.708169377053D-01  4.662402973219D-01  4.614063175662D-01  4.562997712762D-01
  4.509027572831D-01  4.451975667582D-01  4.391635824121D-01  4.327801178214D-01
  4.260232856555D-01  4.188688022627D-01  4.112888160395D-01  4.032546671503D-01
  3.947336643790D-01  3.856917866664D-01  3.760903930962D-01  3.658888487385D-01
  3.550411475715D-01  3.434984391599D-01  3.312055398779D-01  3.181033271338D-01
  3.041251016254D-01  2.891989188219D-01  2.732433918241D-01  2.561702971038D-01
  2.378798186756D-01
