In49 POTENTIAL                      exc: Vosko,Wilk,Nusair      
  2.20033126  6.33750000  2.17664358
  49.00000
   2.40560   0.9811931770   0.9240466119
353
 0.25000000D-01 0.36265835D-03
 9 1
    0  -1.96656160000D+03
    0  -2.87428550000D+02
    0  -5.37136240000D+01
    0  -7.39818510000D+00
    1  -2.68528840000D+02
    1  -4.59639090000D+01
    1  -4.86454470000D+00
    2  -3.15522220000D+01
    2  -7.38539920000D-01
  4.726906034826D+02  4.727162941422D+02  4.727425734445D+02  4.727694480746D+02
  4.727969265355D+02  4.728250225762D+02  4.728537456552D+02  4.728831096570D+02
  4.729131242937D+02  4.729438036184D+02  4.729751575329D+02  4.730072002288D+02
  4.730399417526D+02  4.730733964002D+02  4.731075743179D+02  4.731424898648D+02
  4.731781532380D+02  4.732145788109D+02  4.732517767761D+02  4.732897614651D+02
  4.733285430030D+02  4.733681356145D+02  4.734085492866D+02  4.734497980625D+02
  4.734918917109D+02  4.735348440089D+02  4.735786644165D+02  4.736233663492D+02
  4.736689588562D+02  4.737154548838D+02  4.737628629557D+02  4.738111954284D+02
  4.738604601718D+02  4.739106688172D+02  4.739618284376D+02  4.740139497881D+02
  4.740670389853D+02  4.741211057398D+02  4.741761550347D+02  4.742321953498D+02
  4.742892303463D+02  4.743472670578D+02  4.744063075893D+02  4.744663573175D+02
  4.745274165602D+02  4.745894887765D+02  4.746525722327D+02  4.747166681942D+02
  4.747817725856D+02  4.748478841746D+02  4.749149962268D+02  4.749831046797D+02
  4.750521997922D+02  4.751222743092D+02  4.751933151035D+02  4.752653113317D+02
  4.753382460685D+02  4.754121044524D+02  4.754868653121D+02  4.755625093018D+02
  4.756390105193D+02  4.757163446310D+02  4.757944804801D+02  4.758733882012D+02
  4.759530308194D+02  4.760333723527D+02  4.761143694023D+02  4.761959792430D+02
  4.762781514036D+02  4.763608357458D+02  4.764439740336D+02  4.765275080015D+02
  4.766113709134D+02  4.766954956186D+02  4.767798061008D+02  4.768642255229D+02
  4.769486677656D+02  4.770330454615D+02  4.771172615239D+02  4.772012171705D+02
  4.772848034436D+02  4.773679092237D+02  4.774504127418D+02  4.775321895850D+02
  4.776131042016D+02  4.776930178997D+02  4.777717803472D+02  4.778492375654D+02
  4.779252234251D+02  4.779995676378D+02  4.780720872510D+02  4.781425946384D+02
  4.782108889978D+02  4.782767643444D+02  4.783400010132D+02  4.784003736595D+02
  4.784576427708D+02  4.785115626777D+02  4.785618730803D+02  4.786083070746D+02
  4.786505826977D+02  4.786884109765D+02  4.787214874976D+02  4.787495004834D+02
  4.787721223941D+02  4.787890180382D+02  4.787998362135D+02  4.788042178599D+02
  4.788017877473D+02  4.787921626789D+02  4.787749432348D+02  4.787497220344D+02
  4.787160755440D+02  4.786735724092D+02  4.786217653357D+02  4.785601994998D+02
  4.784884045135D+02  4.784059029234D+02  4.783122022688D+02  4.782068036786D+02
  4.780891940330D+02  4.779588546675D+02  4.778152536468D+02  4.776578545843D+02
  4.774861090368D+02  4.772994654474D+02  4.770973616663D+02  4.768792340237D+02
  4.766445099810D+02  4.763926173370D+02  4.761229770122D+02  4.758350123872D+02
  4.755281422199D+02  4.752017901126D+02  4.748553775557D+02  4.744883335164D+02
  4.741000875980D+02  4.736900797366D+02  4.732577534598D+02  4.728025656717D+02
  4.723239799877D+02  4.718214765806D+02  4.712945455610D+02  4.707426968503D+02
  4.701654535666D+02  4.695623618813D+02  4.689329843633D+02  4.682769097661D+02
  4.675937462737D+02  4.668831311567D+02  4.661447238536D+02  4.653782154261D+02
  4.645833214015D+02  4.637597909502D+02  4.629073994078D+02  4.620259570910D+02
  4.611153014160D+02  4.601753052663D+02  4.592058686219D+02  4.582069263969D+02
  4.571784394987D+02  4.561204020612D+02  4.550328318682D+02  4.539157769238D+02
  4.527693052029D+02  4.515935105304D+02  4.503885016442D+02  4.491544074131D+02
  4.478913652642D+02  4.465995258174D+02  4.452790408037D+02  4.439300672888D+02
  4.425527553047D+02  4.411472519426D+02  4.397136890411D+02  4.382521875565D+02
  4.367628457820D+02  4.352457445355D+02  4.337009365109D+02  4.321284529324D+02
  4.305282947186D+02  4.289004412911D+02  4.272448442100D+02  4.255614387244D+02
  4.238501403422D+02  4.221108593982D+02  4.203435005828D+02  4.185479802357D+02
  4.167242281668D+02  4.148722065935D+02  4.129919127420D+02  4.110833975095D+02
  4.091467665878D+02  4.071821963678D+02  4.051899310400D+02  4.031702933335D+02
  4.011236755420D+02  3.990505436117D+02  3.969514213555D+02  3.948268880258D+02
  3.926775567664D+02  3.905040675880D+02  3.883070627143D+02  3.860871781501D+02
  3.838450193964D+02  3.815811551053D+02  3.792960964251D+02  3.769902955602D+02
  3.746641309638D+02  3.723179123323D+02  3.699518724583D+02  3.675661787794D+02
  3.651609313917D+02  3.627361801248D+02  3.602919272659D+02  3.578281484030D+02
  3.553447978959D+02  3.528418314089D+02  3.503192120130D+02  3.477769323226D+02
  3.452150192232D+02  3.426335537290D+02  3.400326725987D+02  3.374125843657D+02
  3.347735665133D+02  3.321159765570D+02  3.294402439199D+02  3.267468755005D+02
  3.240364419843D+02  3.213095779786D+02  3.185669632210D+02  3.158093181640D+02
  3.130373813903D+02  3.102519024665D+02  3.074536179171D+02  3.046432441438D+02
  3.018214552569D+02  2.989888797806D+02  2.961460842870D+02  2.932935778536D+02
  2.904318051402D+02  2.875611614749D+02  2.846819969628D+02  2.817946419505D+02
  2.788994196033D+02  2.759966765956D+02  2.730867964904D+02  2.701702260324D+02
  2.672474788170D+02  2.643191472773D+02  2.613858890201D+02  2.584484206767D+02
  2.555074878253D+02  2.525638464962D+02  2.496182265522D+02  2.466713132694D+02
  2.437237172235D+02  2.407759677444D+02  2.378284983864D+02  2.348816577684D+02
  2.319357123862D+02  2.289908731932D+02  2.260473114096D+02  2.231051946497D+02
  2.201647084976D+02  2.172260946637D+02  2.142896710730D+02  2.113558653829D+02
  2.084252277967D+02  2.054984551602D+02  2.025763927324D+02  1.996600461270D+02
  1.967505702484D+02  1.938492682591D+02  1.909575677452D+02  1.880770074942D+02
  1.852092024918D+02  1.823558208040D+02  1.795185403613D+02  1.766990196182D+02
  1.738988504949D+02  1.711195279857D+02  1.683624053502D+02  1.656286698429D+02
  1.629193085598D+02  1.602350999989D+02  1.575766014051D+02  1.549441674886D+02
  1.523379696672D+02  1.497580490046D+02  1.472043676816D+02  1.446768859860D+02
  1.421756225871D+02  1.397007191648D+02  1.372524651894D+02  1.348313080809D+02
  1.324378149968D+02  1.300726254630D+02  1.277363739193D+02  1.254296286301D+02
  1.231528258125D+02  1.209062390075D+02  1.186899531965D+02  1.165038747547D+02
  1.143477403661D+02  1.122211527298D+02  1.101236055449D+02  1.080545266241D+02
  1.060133034348D+02  1.039993218398D+02  1.020119841335D+02  1.000507384812D+02
  9.811508696278D+01  9.620460506395D+01  9.431894025823D+01  9.245782292156D+01
  9.062105736198D+01  8.880852630870D+01  8.702017666661D+01  8.525601985705D+01
  8.351611449383D+01  8.180056463283D+01  8.010950124854D+01  7.844308006631D+01
  7.680146329415D+01  7.518481826709D+01  7.359330044199D+01  7.202705364813D+01
  7.048619494186D+01  6.897081688142D+01  6.748097450492D+01  6.601668976333D+01
  6.457794065414D+01  6.316466776925D+01  6.177676549091D+01  6.041409052908D+01
  5.907645503346D+01  5.776363694972D+01  5.647537483291D+01  5.521137972251D+01
  5.397133121511D+01  5.275489020811D+01  5.156169532198D+01  5.039137533183D+01
  4.924354454625D+01  4.811781346313D+01  4.701378178702D+01  4.593104636178D+01
  4.486919144763D+01  4.382779434991D+01  4.280641325724D+01  4.180459243677D+01
  4.082184897022D+01
N_07 POTENTIAL                      exc: Vosko,Wilk,Nusair      
  1.68057905  6.33750000  1.68945972
   7.00000
   1.96292   0.9811931770   0.9240466119
353
 0.25000000D-01 0.29592158D-03
 2 1
    0  -2.69998930000D+01
    0  -4.29582100000D-01
  2.622127578803D+01  2.622164794726D+01  2.622202910523D+01  2.622244507100D+01
  2.622287634239D+01  2.622332082191D+01  2.622377719489D+01  2.622424597412D+01
  2.622472659919D+01  2.622521988218D+01  2.622572540852D+01  2.622624407328D+01
  2.622677551566D+01  2.622732066945D+01  2.622787920432D+01  2.622845207977D+01
  2.622903898839D+01  2.622964091086D+01  2.623025755996D+01  2.623088993593D+01
  2.623153777081D+01  2.623220208399D+01  2.623288262667D+01  2.623358043751D+01
  2.623429528716D+01  2.623502823398D+01  2.623577906858D+01  2.623654886958D+01
  2.623733744819D+01  2.623814590397D+01  2.623897406946D+01  2.623982306594D+01
  2.624069274804D+01  2.624158425954D+01  2.624249747802D+01  2.624343357061D+01
  2.624439243869D+01  2.624537527363D+01  2.624638200167D+01  2.624741384368D+01
  2.624847113260D+01  2.624955471832D+01  2.625066457931D+01  2.625180198536D+01
  2.625296694235D+01  2.625416074797D+01  2.625538343649D+01  2.625663633446D+01
  2.625791950551D+01  2.625923430603D+01  2.626058082998D+01  2.626196046458D+01
  2.626337333508D+01  2.626482086048D+01  2.626630319830D+01  2.626782180027D+01
  2.626937685713D+01  2.627096985427D+01  2.627260101656D+01  2.627427186398D+01
  2.627598265639D+01  2.627773494925D+01  2.627952903829D+01  2.628136651521D+01
  2.628324771243D+01  2.628517425870D+01  2.628714652382D+01  2.628916617429D+01
  2.629123361796D+01  2.629335055969D+01  2.629551744594D+01  2.629773602044D+01
  2.630000676875D+01  2.630233147383D+01  2.630471066066D+01  2.630714615173D+01
  2.630963851158D+01  2.631218960234D+01  2.631480002816D+01  2.631747169066D+01
  2.632020523342D+01  2.632300259731D+01  2.632586446487D+01  2.632879281567D+01
  2.633178837059D+01  2.633485314706D+01  2.633798790332D+01  2.634119469354D+01
  2.634447431203D+01  2.634782884822D+01  2.635125913080D+01  2.635476728261D+01
  2.635835416461D+01  2.636202193072D+01  2.636577147161D+01  2.636960496945D+01
  2.637352334154D+01  2.637752879490D+01  2.638162226978D+01  2.638580599403D+01
  2.639008092650D+01  2.639444931120D+01  2.639891212046D+01  2.640347160897D+01
  2.640812875670D+01  2.641288582266D+01  2.641774378764D+01  2.642270490772D+01
  2.642777015672D+01  2.643294177947D+01  2.643822073393D+01  2.644360924419D+01
  2.644910824229D+01  2.645471992084D+01  2.646044517450D+01  2.646628615230D+01
  2.647224369866D+01  2.647831990535D+01  2.648451555211D+01  2.649083265811D+01
  2.649727192221D+01  2.650383527388D+01  2.651052331298D+01  2.651733786016D+01
  2.652427939614D+01  2.653134961151D+01  2.653854884542D+01  2.654587863484D+01
  2.655333915255D+01  2.656093175578D+01  2.656865642353D+01  2.657651430447D+01
  2.658450515356D+01  2.659262987921D+01  2.660088797906D+01  2.660928008640D+01
  2.661780540506D+01  2.662646425495D+01  2.663525550613D+01  2.664417912338D+01
  2.665323359932D+01  2.666241849801D+01  2.667173188709D+01  2.668117288029D+01
  2.669073906857D+01  2.670042906151D+01  2.671023991736D+01  2.672016968329D+01
  2.673021482424D+01  2.674037276208D+01  2.675063930314D+01  2.676101117623D+01
  2.677148345891D+01  2.678205211421D+01  2.679271141570D+01  2.680345648287D+01
  2.681428070492D+01  2.682517827486D+01  2.683614161201D+01  2.684716389478D+01
  2.685823648188D+01  2.686935144386D+01  2.688049898304D+01  2.689166996381D+01
  2.690285333134D+01  2.691403864075D+01  2.692521347467D+01  2.693636597129D+01
  2.694748224097D+01  2.695854889329D+01  2.696955045278D+01  2.698047188521D+01
  2.699129601260D+01  2.700200603891D+01  2.701258296464D+01  2.702300811217D+01
  2.703326054011D+01  2.704331956872D+01  2.705316219435D+01  2.706276561524D+01
  2.707210464651D+01  2.708115424669D+01  2.708988693382D+01  2.709827531323D+01
  2.710628949518D+01  2.711389962456D+01  2.712107330069D+01  2.712777810954D+01
  2.713397904646D+01  2.713964105168D+01  2.714472643669D+01  2.714919742388D+01
  2.715301357750D+01  2.715613434830D+01  2.715851651006D+01  2.716011671025D+01
  2.716088891314D+01  2.716078695763D+01  2.715976200802D+01  2.715776512017D+01
  2.715474470118D+01  2.715064908506D+01  2.714542400259D+01  2.713901516775D+01
  2.713136575906D+01  2.712241901811D+01  2.711211574363D+01  2.710039690341D+01
  2.708720114238D+01  2.707246740923D+01  2.705613247970D+01  2.703813359901D+01
  2.701840602158D+01  2.699688567028D+01  2.697350669353D+01  2.694820414224D+01
  2.692091154507D+01  2.689156360369D+01  2.686009378657D+01  2.682643704299D+01
  2.679052741541D+01  2.675230077206D+01  2.671169243766D+01  2.666863994403D+01
  2.662308067819D+01  2.657495464988D+01  2.652420215565D+01  2.647076656140D+01
  2.641459198032D+01  2.635562606791D+01  2.629381771085D+01  2.622911983110D+01
  2.616148708191D+01  2.609087865680D+01  2.601725598798D+01  2.594058555499D+01
  2.586083657997D+01  2.577798382979D+01  2.569200530152D+01  2.560288501103D+01
  2.551061066107D+01  2.541517640835D+01  2.531658050578D+01  2.521482803925D+01
  2.510992853474D+01  2.500189865527D+01  2.489075976308D+01  2.477654056656D+01
  2.465927462731D+01  2.453900294664D+01  2.441577140679D+01  2.428963328722D+01
  2.416064662941D+01  2.402887667179D+01  2.389439312940D+01  2.375727253815D+01
  2.361759543980D+01  2.347544862748D+01  2.333092222844D+01  2.318411184422D+01
  2.303511552554D+01  2.288403580282D+01  2.273097655026D+01  2.257604490540D+01
  2.241934802302D+01  2.226099488650D+01  2.210109295693D+01  2.193974988468D+01
  2.177707006571D+01  2.161315626965D+01  2.144810612468D+01  2.128201368976D+01
  2.111496590323D+01  2.094704414333D+01  2.077832069575D+01  2.060886037071D+01
  2.043871707329D+01  2.026793557930D+01  2.009654833131D+01  1.992457751943D+01
  1.975203227408D+01  1.957891124739D+01  1.940520042056D+01  1.923087642016D+01
  1.905590517923D+01  1.888024621457D+01  1.870385232964D+01  1.852667496908D+01
  1.834866496764D+01  1.816977883067D+01  1.798998018115D+01  1.780924639241D+01
  1.762756992680D+01  1.744496430826D+01  1.726146420205D+01  1.707712954747D+01
  1.689204331047D+01  1.670631297131D+01  1.652006554180D+01  1.633344648337D+01
  1.614661256480D+01  1.595972922624D+01  1.577296260438D+01  1.558647681157D+01
  1.540042656235D+01  1.521495561327D+01  1.503019094295D+01  1.484624296200D+01
  1.466320151695D+01  1.448113784530D+01  1.430010214985D+01  1.412012689188D+01
  1.394122544533D+01  1.376339621189D+01  1.358662185637D+01  1.341087379064D+01
  1.323611159780D+01  1.306228755872D+01  1.288934600377D+01  1.271722767997D+01
  1.254586887992D+01  1.237520554261D+01  1.220517208803D+01  1.203570520798D+01
  1.186674238443D+01  1.169822536502D+01  1.153009837199D+01  1.136231127799D+01
  1.119481752746D+01  1.102757703870D+01  1.086055386606D+01  1.069371885784D+01
  1.052704708904D+01  1.036052030394D+01  1.019412414700D+01  1.002785041541D+01
  9.861694110714D+00  9.695655520622D+00  9.529737106734D+00  9.363945426522D+00
  9.198287863393D+00  9.032774389814D+00  8.867414135393D+00  8.702216981574D+00
  8.537189953395D+00  8.372338627343D+00  8.207663327164D+00  8.043160323070D+00
  7.878817813553D+00  7.714616971256D+00  7.550527494426D+00  7.386508763596D+00
  7.222505008489D+00
Vac0 POTENTIAL                      exc: Vosko,Wilk,Nusair      
  2.20033126  6.33750000  2.17664358
   0.00000
   2.40560   0.9811931770   0.9240466119
353
 0.25000000D-01 0.36265835D-03
 0 1
  8.824991053590D-01  8.824699430991D-01  8.824392808859D-01  8.824303671714D-01
  8.824253731238D-01  8.824231348408D-01  8.824213188936D-01  8.824210896355D-01
  8.824207832001D-01  8.824218263669D-01  8.824226805721D-01  8.824248420180D-01
  8.824268157350D-01  8.824301288335D-01  8.824333108218D-01  8.824379102393D-01
  8.824424768835D-01  8.824485797378D-01  8.824547901825D-01  8.824627006668D-01
  8.824709085834D-01  8.824810356046D-01  8.824917123215D-01  8.825045983003D-01
  8.825183676866D-01  8.825347301510D-01  8.825524177219D-01  8.825732070825D-01
  8.825959079153D-01  8.826223871017D-01  8.826515592086D-01  8.826854131953D-01
  8.827230059266D-01  8.827664924116D-01  8.828151234392D-01  8.828712806943D-01
  8.829344777445D-01  8.830072865546D-01  8.830818342475D-01  8.831150004461D-01
  8.830854351224D-01  8.830581633746D-01  8.830315698228D-01  8.830070581559D-01
  8.829830325091D-01  8.829609138893D-01  8.829391218395D-01  8.829190911084D-01
  8.828992535303D-01  8.828810548798D-01  8.828629368873D-01  8.828463542545D-01
  8.828297567618D-01  8.828146063906D-01  8.827993595260D-01  8.827854841374D-01
  8.827714420647D-01  8.827587062454D-01  8.827457430480D-01  8.827340295624D-01
  8.827220359534D-01  8.827112427880D-01  8.827001234338D-01  8.826901613969D-01
  8.826798327550D-01  8.826706235134D-01  8.826610120575D-01  8.826524865238D-01
  8.826435272733D-01  8.826356242755D-01  8.826272595852D-01  8.826199247511D-01
  8.826121032953D-01  8.826052881294D-01  8.825979640480D-01  8.825916251466D-01
  8.825847573274D-01  8.825788557191D-01  8.825724071903D-01  8.825669077742D-01
  8.825608451855D-01  8.825557162517D-01  8.825500094303D-01  8.825452222467D-01
  8.825398438156D-01  8.825353722783D-01  8.825302973276D-01  8.825261176503D-01
  8.825213234521D-01  8.825174139019D-01  8.825128796604D-01  8.825092203257D-01
  8.825049269622D-01  8.825014995493D-01  8.824974295100D-01  8.824942171633D-01
  8.824903542523D-01  8.824873413969D-01  8.824836706262D-01  8.824808428285D-01
  8.824773502852D-01  8.824746941251D-01  8.824713668553D-01  8.824688698157D-01
  8.824656957143D-01  8.824633460788D-01  8.824603137953D-01  8.824581005582D-01
  8.824551994082D-01  8.824531121864D-01  8.824503320716D-01  8.824483610315D-01
  8.824456923638D-01  8.824438281473D-01  8.824412617815D-01  8.824394954395D-01
  8.824370226068D-01  8.824353455357D-01  8.824329577830D-01  8.824313616651D-01
  8.824290507954D-01  8.824275275404D-01  8.824252855566D-01  8.824238272456D-01
  8.824216462936D-01  8.824202451244D-01  8.824181174389D-01  8.824167656699D-01
  8.824146835196D-01  8.824133734154D-01  8.824113290474D-01  8.824100528234D-01
  8.824080384065D-01  8.824067881708D-01  8.824047957382D-01  8.824035634336D-01
  8.824015848218D-01  8.824003621632D-01  8.823983889500D-01  8.823971673609D-01
  8.823951907982D-01  8.823939613419D-01  8.823919722860D-01  8.823907255928D-01
  8.823887144287D-01  8.823874406183D-01  8.823853971795D-01  8.823840857773D-01
  8.823819992587D-01  8.823806391058D-01  8.823784979701D-01  8.823770771250D-01
  8.823748690002D-01  8.823733746330D-01  8.823710862020D-01  8.823695044781D-01
  8.823671213573D-01  8.823654373111D-01  8.823629439183D-01  8.823611413148D-01
  8.823585207241D-01  8.823565819068D-01  8.823538156898D-01  8.823517214146D-01
  8.823487894655D-01  8.823465187174D-01  8.823433990620D-01  8.823409288542D-01
  8.823375974378D-01  8.823349025900D-01  8.823313330457D-01  8.823283859403D-01
  8.823245493328D-01  8.823213196465D-01  8.823171841900D-01  8.823136385969D-01
  8.823091693440D-01  8.823052711893D-01  8.823004296879D-01  8.822961386275D-01
  8.822908825418D-01  8.822861541440D-01  8.822804368371D-01  8.822752221440D-01
  8.822689922158D-01  8.822632372583D-01  8.822564380366D-01  8.822500832988D-01
  8.822426522765D-01  8.822356321049D-01  8.822275003188D-01  8.822197422689D-01
  8.822108336130D-01  8.822022577280D-01  8.821924881956D-01  8.821830062095D-01
  8.821722830555D-01  8.821617975127D-01  8.821500183279D-01  8.821384216102D-01
  8.821254732986D-01  8.821126465504D-01  8.820984041998D-01  8.820842161398D-01
  8.820685417724D-01  8.820528473816D-01  8.820355885745D-01  8.820182276451D-01
  8.819992160050D-01  8.819800115374D-01  8.819590610155D-01  8.819378174462D-01
  8.819147224755D-01  8.818912237194D-01  8.818657571556D-01  8.818397644410D-01
  8.818116752875D-01  8.817829247644D-01  8.817519356568D-01  8.817201357521D-01
  8.816859401787D-01  8.816507686739D-01  8.816130279021D-01  8.815741287023D-01
  8.815324683823D-01  8.814894479446D-01  8.814434543540D-01  8.813958777396D-01
  8.813450936326D-01  8.812924801419D-01  8.812364001600D-01  8.811782185079D-01
  8.811162841061D-01  8.810519470867D-01  8.809835409245D-01  8.809123995130D-01
  8.808368392520D-01  8.807581760829D-01  8.806747075289D-01  8.805877296847D-01
  8.804955192044D-01  8.803993502410D-01  8.802974763757D-01  8.801911475031D-01
  8.800785916945D-01  8.799610320231D-01  8.798366683550D-01  8.797066941070D-01
  8.795692779587D-01  8.794255805346D-01  8.792737360286D-01  8.791148688038D-01
  8.789470749187D-01  8.787714386359D-01  8.785860138397D-01  8.783918404435D-01
  8.781869256877D-01  8.779722604339D-01  8.777458003303D-01  8.775084819808D-01
  8.772582039628D-01  8.769958428578D-01  8.767192341055D-01  8.764291878799D-01
  8.761234697620D-01  8.758028164445D-01  8.754649162022D-01  8.751104244069D-01
  8.747369437718D-01  8.743450396554D-01  8.739322200548D-01  8.734989506734D-01
  8.730426346354D-01  8.725636272889D-01  8.720592156091D-01  8.715296327067D-01
  8.709720368819D-01  8.703865258029D-01  8.697701151693D-01  8.691227525192D-01
  8.684412954550D-01  8.677255250323D-01  8.669721234923D-01  8.661806871795D-01
  8.653477037164D-01  8.644725643872D-01  8.635515406813D-01  8.625837960679D-01
  8.615653618226D-01  8.604951481058D-01  8.593689189679D-01  8.581853026290D-01
  8.569397655399D-01  8.556306217373D-01  8.542530058139D-01  8.528048811968D-01
  8.512810118478D-01  8.496789692796D-01  8.479931027675D-01  8.462205448743D-01
  8.443551799043D-01  8.423936476517D-01  8.403293097633D-01  8.381582513539D-01
  8.358732448619D-01  8.334697490834D-01  8.309398699979D-01  8.282783566571D-01
  8.254765583222D-01  8.225284164916D-01  8.194244175199D-01  8.161575798763D-01
  8.127174011936D-01  8.090958396042D-01  8.052812538867D-01  8.012643774123D-01
  7.970322496994D-01  7.925741811054D-01  7.878756736430D-01  7.829243740460D-01
  7.777039811237D-01  7.722001841818D-01  7.663945534574D-01  7.602704600530D-01
  7.538069450583D-01  7.469846161084D-01  7.397794896040D-01  7.321688576683D-01
  7.241250963573D-01  7.156214950823D-01  7.066260217660D-01  6.971071046246D-01
  6.870273427647D-01  6.763492274673D-01  6.650287836173D-01  6.530212141764D-01
  6.402744539728D-01  6.267347167864D-01  6.123399383177D-01  5.970252001937D-01
  5.807160334086D-01  5.633336877272D-01  5.447882607894D-01  5.249837754036D-01
  5.038110936925D-01  4.811527585844D-01  4.568756538767D-01  4.308355571409D-01
  4.028694997002D-01  3.728002143083D-01  3.404274616210D-01  3.055330346695D-01
  2.678713015457D-01
Vac0 POTENTIAL                      exc: Vosko,Wilk,Nusair      
  1.68057905  6.33750000  1.68945972
   0.00000
   1.96292   0.9811931770   0.9240466119
353
 0.25000000D-01 0.29592158D-03
 0 1
  6.706251497456D-01  6.705819706611D-01  6.705372622607D-01  6.705237108726D-01
  6.705161959350D-01  6.705117097019D-01  6.705081827621D-01  6.705059675361D-01
  6.705039482926D-01  6.705028458836D-01  6.705017159204D-01  6.705013698877D-01
  6.705009161744D-01  6.705011995649D-01  6.705013510953D-01  6.705022319902D-01
  6.705029860690D-01  6.705044851310D-01  6.705058823026D-01  6.705080580681D-01
  6.705101740375D-01  6.705131192953D-01  6.705160644626D-01  6.705199082828D-01
  6.705238319058D-01  6.705287456940D-01  6.705338437505D-01  6.705400509881D-01
  6.705465779180D-01  6.705543680525D-01  6.705626530541D-01  6.705724005508D-01
  6.705828697532D-01  6.705950597952D-01  6.706082660354D-01  6.706235290982D-01
  6.706401916295D-01  6.706593268239D-01  6.706785290847D-01  6.706858379028D-01
  6.706762912886D-01  6.706676671268D-01  6.706590685259D-01  6.706513249805D-01
  6.706435457981D-01  6.706365659763D-01  6.706294997175D-01  6.706231863883D-01
  6.706167440968D-01  6.706110157176D-01  6.706051225056D-01  6.705999101748D-01
  6.705945025429D-01  6.705897476353D-01  6.705847713798D-01  6.705804237043D-01
  6.705758322711D-01  6.705718485914D-01  6.705676017697D-01  6.705639446397D-01
  6.705600075138D-01  6.705566443343D-01  6.705529864330D-01  6.705498886869D-01
  6.705464832924D-01  6.705436259246D-01  6.705404495103D-01  6.705378104072D-01
  6.705348421682D-01  6.705324017349D-01  6.705296232012D-01  6.705273640090D-01
  6.705247587208D-01  6.705226652123D-01  6.705202184485D-01  6.705182766819D-01
  6.705159752300D-01  6.705141726728D-01  6.705120046351D-01  6.705103299824D-01
  6.705082846093D-01  6.705067276310D-01  6.705047951772D-01  6.705033465847D-01
  6.705015181888D-01  6.705001695211D-01  6.704984370990D-01  6.704971806244D-01
  6.704955367762D-01  6.704943654071D-01  6.704928033359D-01  6.704917105501D-01
  6.704902239939D-01  6.704892037718D-01  6.704877869379D-01  6.704868337012D-01
  6.704854812135D-01  6.704845897739D-01  6.704832966202D-01  6.704824621326D-01
  6.704812236232D-01  6.704804415425D-01  6.704792532678D-01  6.704785193106D-01
  6.704773771058D-01  6.704766872163D-01  6.704755871263D-01  6.704749374430D-01
  6.704738756912D-01  6.704732625166D-01  6.704722354767D-01  6.704716552479D-01
  6.704706594152D-01  6.704701086790D-01  6.704691406446D-01  6.704686160290D-01
  6.704676724522D-01  6.704671706432D-01  6.704662482289D-01  6.704657659438D-01
  6.704648614171D-01  6.704643953805D-01  6.704635054599D-01  6.704630523795D-01
  6.704621737541D-01  6.704617302942D-01  6.704608595970D-01  6.704604223528D-01
  6.704595561349D-01  6.704591216056D-01  6.704582563077D-01  6.704578208690D-01
  6.704569527935D-01  6.704565126665D-01  6.704556379460D-01  6.704551891670D-01
  6.704543037325D-01  6.704538421187D-01  6.704529416648D-01  6.704524627782D-01
  6.704515427248D-01  6.704510418337D-01  6.704500972865D-01  6.704495693230D-01
  6.704485950294D-01  6.704480345437D-01  6.704470248447D-01  6.704464259560D-01
  6.704453747348D-01  6.704447310758D-01  6.704436317005D-01  6.704429363593D-01
  6.704417816209D-01  6.704410270748D-01  6.704398091196D-01  6.704389871644D-01
  6.704376974177D-01  6.704367990887D-01  6.704354281744D-01  6.704344436607D-01
  6.704329813094D-01  6.704318998584D-01  6.704303348082D-01  6.704291446215D-01
  6.704274645086D-01  6.704261526268D-01  6.704243438642D-01  6.704228960392D-01
  6.704209436833D-01  6.704193442392D-01  6.704172318429D-01  6.704154635210D-01
  6.704131729713D-01  6.704112167593D-01  6.704087280981D-01  6.704065630424D-01
  6.704038542685D-01  6.704014572661D-01  6.703985041170D-01  6.703958496860D-01
  6.703926253970D-01  6.703896854229D-01  6.703861604599D-01  6.703829039160D-01
  6.703790456822D-01  6.703754383198D-01  6.703712108298D-01  6.703672148371D-01
  6.703625783580D-01  6.703581519821D-01  6.703530626369D-01  6.703481597669D-01
  6.703425690955D-01  6.703371388012D-01  6.703309932762D-01  6.703249792992D-01
  6.703182197903D-01  6.703115599807D-01  6.703041211629D-01  6.702967468571D-01
  6.702885565567D-01  6.702803918900D-01  6.702713703617D-01  6.702623315087D-01
  6.702523906366D-01  6.702423849706D-01  6.702314273854D-01  6.702203525503D-01
  6.702082706529D-01  6.701960135373D-01  6.701826884202D-01  6.701691240225D-01
  6.701544242770D-01  6.701394144520D-01  6.701231948498D-01  6.701065869220D-01
  6.700886869579D-01  6.700703121898D-01  6.700505544703D-01  6.700302263674D-01
  6.700084148295D-01  6.699859272682D-01  6.699618452099D-01  6.699369703658D-01
  6.699103782684D-01  6.698828643270D-01  6.698534974477D-01  6.698230660724D-01
  6.697906317812D-01  6.697569753134D-01  6.697211501494D-01  6.696839285121D-01
  6.696443549268D-01  6.696031922004D-01  6.695594749566D-01  6.695139555911D-01
  6.694656577794D-01  6.694153224050D-01  6.693619610369D-01  6.693063018289D-01
  6.692473429624D-01  6.691857985136D-01  6.691206518590D-01  6.690526015058D-01
  6.689806144570D-01  6.689053720007D-01  6.688258230298D-01  6.687426297870D-01
  6.686547211328D-01  6.685627382422D-01  6.684655878159D-01  6.683638877219D-01
  6.682565201444D-01  6.681440771647D-01  6.680254138408D-01  6.679010937203D-01
  6.677699418434D-01  6.676324901803D-01  6.674875305492D-01  6.673355599698D-01
  6.671753334863D-01  6.670073094280D-01  6.668302021267D-01  6.666444270738D-01
  6.664486535197D-01  6.662432495164D-01  6.660268343850D-01  6.657997236304D-01
  6.655604812627D-01  6.653093645676D-01  6.650448762660D-01  6.647672091232D-01
  6.644747979266D-01  6.641677639161D-01  6.638444665573D-01  6.635049477712D-01
  6.631474834798D-01  6.627720276103D-01  6.623767633841D-01  6.619615470686D-01
  6.615244589786D-01  6.610652469429D-01  6.605818769819D-01  6.600739764533D-01
  6.595393843646D-01  6.589775941549D-01  6.583863035953D-01  6.577648571594D-01
  6.571107954553D-01  6.564232971284D-01  6.556997277627D-01  6.549390812499D-01
  6.541385280856D-01  6.532968561281D-01  6.524110182027D-01  6.514795721608D-01
  6.504992276895D-01  6.494682855642D-01  6.483831835435D-01  6.472419346885D-01
  6.460406721986D-01  6.447770866471D-01  6.434469695852D-01  6.420476495119D-01
  6.405745340398D-01  6.390245443787D-01  6.373926558131D-01  6.356753304307D-01
  6.338670556079D-01  6.319637746550D-01  6.299594229360D-01  6.278493560275D-01
  6.256268830135D-01  6.232866916584D-01  6.208213783091D-01  6.182248694613D-01
  6.154889475608D-01  6.126066681888D-01  6.095688808794D-01  6.063676409490D-01
  6.029927242216D-01  5.994350322765D-01  5.956830996828D-01  5.917264911134D-01
  5.875522993190D-01  5.831485321387D-01  5.785005989660D-01  5.735946851443D-01
  5.684142240601D-01  5.629432557140D-01  5.571628807758D-01  5.510545992151D-01
  5.445967416158D-01  5.377677825714D-01  5.305427432078D-01  5.228964725131D-01
  5.148000132610D-01  5.062238424455D-01  4.971341905075D-01  4.874962294426D-01
  4.772703322587D-01  4.664151939487D-01  4.548840142471D-01  4.426275323500D-01
  4.295901111186D-01  4.157126602630D-01  4.009285969786D-01  3.851666211914D-01
  3.683465136252D-01  3.503818871998D-01  3.311752285394D-01  3.106211617793D-01
  2.886007617763D-01
