In49 POTENTIAL                      exc: Vosko,Wilk,Nusair      
  2.25914357  6.50000000  2.23392349
  49.00000
   2.46891   0.8856764040   0.8856506863
353
 0.25000000D-01 0.37220196D-03
 9 1
    0  -1.96656160000D+03
    0  -2.87428550000D+02
    0  -5.37136240000D+01
    0  -7.39818510000D+00
    1  -2.68528840000D+02
    1  -4.59639090000D+01
    1  -4.86454470000D+00
    2  -3.15522220000D+01
    2  -7.38539920000D-01
  4.725879640621D+02  4.726143297056D+02  4.726412978616D+02  4.726688749379D+02
  4.726970696228D+02  4.727258957920D+02  4.727553630746D+02  4.727854854687D+02
  4.728162728457D+02  4.728477393559D+02  4.728798950459D+02  4.729127541869D+02
  4.729463269518D+02  4.729806276955D+02  4.730156666694D+02  4.730514582678D+02
  4.730880127674D+02  4.731253445497D+02  4.731634638575D+02  4.732023849987D+02
  4.732421181153D+02  4.732826773718D+02  4.733240727338D+02  4.733663181430D+02
  4.734094233028D+02  4.734534018421D+02  4.734982631058D+02  4.735440203081D+02
  4.735906823270D+02  4.736382618479D+02  4.736867671600D+02  4.737362102917D+02
  4.737865988076D+02  4.738379439357D+02  4.738902523645D+02  4.739435343616D+02
  4.739977955708D+02  4.740530451220D+02  4.741092874268D+02  4.741665302805D+02
  4.742247766637D+02  4.742840328106D+02  4.743443000248D+02  4.744055827566D+02
  4.744678803889D+02  4.745311953145D+02  4.745955247180D+02  4.746608686442D+02
  4.747272217750D+02  4.747945814887D+02  4.748629396309D+02  4.749322905652D+02
  4.750026229374D+02  4.750739277162D+02  4.751461899508D+02  4.752193968018D+02
  4.752935292911D+02  4.753685703222D+02  4.754444964223D+02  4.755212857520D+02
  4.755989098385D+02  4.756773415746D+02  4.757565469426D+02  4.758364930024D+02
  4.759171396055D+02  4.759984473713D+02  4.760803693924D+02  4.761628591981D+02
  4.762458624501D+02  4.763293248941D+02  4.764131840453D+02  4.764973771285D+02
  4.765818327526D+02  4.766664788401D+02  4.767512342907D+02  4.768360168999D+02
  4.769207350126D+02  4.770052954310D+02  4.770895950592D+02  4.771735288005D+02
  4.772569811939D+02  4.773398343024D+02  4.774219593416D+02  4.775032245608D+02
  4.775834868655D+02  4.776625996917D+02  4.777404046251D+02  4.778167392706D+02
  4.778914288697D+02  4.779642941683D+02  4.780351430345D+02  4.781037783280D+02
  4.781699895211D+02  4.782335605733D+02  4.782942615596D+02  4.783518565536D+02
  4.784060952675D+02  4.784567209489D+02  4.785034620371D+02  4.785460400788D+02
  4.785841614064D+02  4.786175250782D+02  4.786458145855D+02  4.786687058238D+02
  4.786858588352D+02  4.786969258186D+02  4.787015429147D+02  4.786993382627D+02
  4.786899238370D+02  4.786729035588D+02  4.786478651928D+02  4.786143885232D+02
  4.785720373200D+02  4.785203675887D+02  4.784589196153D+02  4.783872263003D+02
  4.783048052921D+02  4.782111674148D+02  4.781058089001D+02  4.779882199179D+02
  4.778578769167D+02  4.777142512660D+02  4.775568017132D+02  4.773849831463D+02
  4.771982391747D+02  4.769960110189D+02  4.767777302206D+02  4.765428276637D+02
  4.762907264177D+02  4.760208508916D+02  4.757326198106D+02  4.754254555020D+02
  4.750987770015D+02  4.747520094650D+02  4.743845773967D+02  4.739959141766D+02
  4.735854553967D+02  4.731526484870D+02  4.726969461399D+02  4.722178160125D+02
  4.717147342116D+02  4.711871950405D+02  4.706347045107D+02  4.700567900934D+02
  4.694529942142D+02  4.688228839618D+02  4.681660445123D+02  4.674820887384D+02
  4.667706505013D+02  4.660313940942D+02  4.652640073321D+02  4.644682107545D+02
  4.636437504356D+02  4.627904068654D+02  4.619079873967D+02  4.609963347193D+02
  4.600553188583D+02  4.590848451570D+02  4.580848457417D+02  4.570552869344D+02
  4.559961601104D+02  4.549074884733D+02  4.537893172490D+02  4.526417197853D+02
  4.514647870545D+02  4.502586330648D+02  4.490233837013D+02  4.477591815013D+02
  4.464661739140D+02  4.451445175682D+02  4.437943661234D+02  4.424158742548D+02
  4.410091853785D+02  4.395744356994D+02  4.381117422201D+02  4.366212073295D+02
  4.351029076391D+02  4.335568997141D+02  4.319832103890D+02  4.303818443235D+02
  4.287527764856D+02  4.270959621910D+02  4.254113323386D+02  4.236988063924D+02
  4.219582906395D+02  4.201896941299D+02  4.183929296543D+02  4.165679319626D+02
  4.147146603641D+02  4.128331176983D+02  4.109233526249D+02  4.089854770763D+02
  4.070196657459D+02  4.050261694760D+02  4.030053095414D+02  4.009574849314D+02
  3.988831599632D+02  3.967828647464D+02  3.946571762916D+02  3.925067132365D+02
  3.903321123965D+02  3.881340204338D+02  3.859130690572D+02  3.836698671186D+02
  3.814049779555D+02  3.791189151689D+02  3.768121249125D+02  3.744849875498D+02
  3.721378063971D+02  3.697708160487D+02  3.673841776720D+02  3.649779934799D+02
  3.625523075323D+02  3.601071248921D+02  3.576424161637D+02  3.551581393624D+02
  3.526542461056D+02  3.501307040784D+02  3.475875027927D+02  3.450246746448D+02
  3.424422983631D+02  3.398405169245D+02  3.372195371497D+02  3.345796431559D+02
  3.319211909872D+02  3.292446167547D+02  3.265504257448D+02  3.238391949952D+02
  3.211115569757D+02  3.183681970752D+02  3.156098327544D+02  3.128372072705D+02
  3.100510661400D+02  3.072521494725D+02  3.044411685585D+02  3.016188001274D+02
  2.987856667940D+02  2.959423371919D+02  2.930893142392D+02  2.902270447693D+02
  2.873559184556D+02  2.844762884703D+02  2.815884807425D+02  2.786928229915D+02
  2.757896590691D+02  2.728793786180D+02  2.699624268215D+02  2.670393241677D+02
  2.641106617517D+02  2.611771036365D+02  2.582393640390D+02  2.552981933877D+02
  2.523543433497D+02  2.494085465804D+02  2.464614820691D+02  2.435137616147D+02
  2.405659072110D+02  2.376183532051D+02  2.346714410975D+02  2.317254390080D+02
  2.287805521331D+02  2.258369550903D+02  2.228948117871D+02  2.199543133917D+02
  2.170157000963D+02  2.140792974775D+02  2.111455335143D+02  2.082149675861D+02
  2.052882980013D+02  2.023663799031D+02  1.994502206122D+02  1.965409846844D+02
  1.936399762817D+02  1.907486314777D+02  1.878684884710D+02  1.850011687660D+02
  1.821483375485D+02  1.793116767232D+02  1.764928391487D+02  1.736934179282D+02
  1.709148997044D+02  1.681586363288D+02  1.654258044271D+02  1.627173878942D+02
  1.600341534797D+02  1.573766549773D+02  1.547452361467D+02  1.521400669217D+02
  1.495611805516D+02  1.470085418545D+02  1.444821079889D+02  1.419819048551D+02
  1.395080747106D+02  1.370609163255D+02  1.346408776465D+02  1.322485329334D+02
  1.298845183542D+02  1.275494706957D+02  1.252439501598D+02  1.229683914364D+02
  1.207230574357D+02  1.185080304930D+02  1.163232065550D+02  1.141683208975D+02
  1.120429677210D+02  1.099466416133D+02  1.078787642847D+02  1.058387263902D+02
  1.038259097632D+02  1.018397216591D+02  9.987960765841D+01  9.794507591877D+01
  9.603570015212D+01  9.415113445215D+01  9.229110773949D+01  9.045543108492D+01
  8.864398578016D+01  8.685672543420D+01  8.509365994429D+01  8.335485455612D+01
  8.164041178542D+01  7.995046931206D+01  7.828518151720D+01  7.664471765571D+01
  7.502924422846D+01  7.343892442952D+01  7.187390213683D+01  7.033430321784D+01
  6.882022154287D+01  6.733172239551D+01  6.586883062253D+01  6.443153615597D+01
  6.301978422607D+01  6.163348286440D+01  6.027249501339D+01  5.893664782097D+01
  5.762572643879D+01  5.633948487171D+01  5.507764117495D+01  5.383988947403D+01
  5.262589603152D+01  5.143531171469D+01  5.026776799064D+01  4.912288870272D+01
  4.800028474300D+01  4.689956392411D+01  4.582032334712D+01  4.476215679121D+01
  4.372464472811D+01  4.270735985170D+01  4.170985517517D+01  4.073166941594D+01
  3.977231431781D+01
N_07 POTENTIAL                      exc: Vosko,Wilk,Nusair      
  1.72127726  6.50000000  1.73067725
   7.00000
   2.01081   0.8856764040   0.8856506863
353
 0.25000000D-01 0.30314114D-03
 2 1
    0  -2.69998930000D+01
    0  -4.29582100000D-01
  2.611904920067D+01  2.611943108819D+01  2.611982224603D+01  2.612024858988D+01
  2.612069056025D+01  2.612114598614D+01  2.612161361325D+01  2.612209389818D+01
  2.612258634596D+01  2.612309171464D+01  2.612360965623D+01  2.612414101252D+01
  2.612468548988D+01  2.612524396925D+01  2.612581618793D+01  2.612640305299D+01
  2.612700432499D+01  2.612762093258D+01  2.612825265686D+01  2.612890044642D+01
  2.612956410203D+01  2.613024459176D+01  2.613094173594D+01  2.613165652231D+01
  2.613238879103D+01  2.613313954992D+01  2.613390865951D+01  2.613469714829D+01
  2.613550489778D+01  2.613633295786D+01  2.613718123179D+01  2.613805079154D+01
  2.613894156295D+01  2.613985464092D+01  2.614078997465D+01  2.614174868286D+01
  2.614273073898D+01  2.614373728642D+01  2.614476832393D+01  2.614582502424D+01
  2.614690779552D+01  2.614801743909D+01  2.614915400687D+01  2.615031872211D+01
  2.615151166462D+01  2.615273408603D+01  2.615398609502D+01  2.615526897257D+01
  2.615658285718D+01  2.615792906017D+01  2.615930775085D+01  2.616072027182D+01
  2.616216682419D+01  2.616364878281D+01  2.616516638151D+01  2.616672102835D+01
  2.616831299084D+01  2.616994371115D+01  2.617161349137D+01  2.617332380869D+01
  2.617507500062D+01  2.617686858025D+01  2.617870492135D+01  2.618058557367D+01
  2.618251094803D+01  2.618448263157D+01  2.618650107286D+01  2.618856789709D+01
  2.619068359118D+01  2.619284981895D+01  2.619506710621D+01  2.619733715584D+01
  2.619966053292D+01  2.620203897976D+01  2.620447310095D+01  2.620696467841D+01
  2.620951435636D+01  2.621212395632D+01  2.621479416206D+01  2.621752683452D+01
  2.622032269673D+01  2.622318364864D+01  2.622611045199D+01  2.622910504508D+01
  2.623216822755D+01  2.623530197508D+01  2.623850712410D+01  2.624178568638D+01
  2.624513853365D+01  2.624856771210D+01  2.625207412690D+01  2.625565985657D+01
  2.625932583741D+01  2.626307417772D+01  2.626690584207D+01  2.627082296548D+01
  2.627482653742D+01  2.627891871593D+01  2.628310051141D+01  2.628737410055D+01
  2.629174051000D+01  2.629620193003D+01  2.630075939808D+01  2.630541511213D+01
  2.631017011406D+01  2.631502660280D+01  2.631998561740D+01  2.632504934996D+01
  2.633021882842D+01  2.633549622916D+01  2.634088255954D+01  2.634637997017D+01
  2.635198943710D+01  2.635771307375D+01  2.636355181277D+01  2.636950771756D+01
  2.637558166369D+01  2.638177565011D+01  2.638809048005D+01  2.639452807180D+01
  2.640108913916D+01  2.640777550167D+01  2.641458776461D+01  2.642152762868D+01
  2.642859556940D+01  2.643579314625D+01  2.644312068147D+01  2.645057956851D+01
  2.645816995026D+01  2.646589302678D+01  2.647374873280D+01  2.648173804481D+01
  2.648986065771D+01  2.649811729112D+01  2.650650736532D+01  2.651503130663D+01
  2.652368822250D+01  2.653247820602D+01  2.654140001008D+01  2.655045335095D+01
  2.655963658142D+01  2.656894899340D+01  2.657838849004D+01  2.658795388727D+01
  2.659764258483D+01  2.660745286668D+01  2.661738157090D+01  2.662742638899D+01
  2.663758353453D+01  2.664785004127D+01  2.665822143062D+01  2.666869400847D+01
  2.667926253141D+01  2.668992250229D+01  2.670066783515D+01  2.671149314951D+01
  2.672239143398D+01  2.673335633927D+01  2.674437984050D+01  2.675545452889D+01
  2.676657127286D+01  2.677772150842D+01  2.678889489900D+01  2.680008162471D+01
  2.681127004095D+01  2.682244896651D+01  2.683360534117D+01  2.684472651271D+01
  2.685579789359D+01  2.686680524707D+01  2.687773234310D+01  2.688856324373D+01
  2.689927995842D+01  2.690986472899D+01  2.692029768458D+01  2.693055912642D+01
  2.694062718276D+01  2.695048009381D+01  2.696009386697D+01  2.696944456236D+01
  2.697850594880D+01  2.698725179038D+01  2.699565350369D+01  2.700368244598D+01
  2.701130757423D+01  2.701849773550D+01  2.702521932855D+01  2.703143859702D+01
  2.703711929435D+01  2.704222498064D+01  2.704671669168D+01  2.705055524037D+01
  2.705369889074D+01  2.705610566488D+01  2.705773102306D+01  2.705853017721D+01
  2.705845577811D+01  2.705746023662D+01  2.705549341912D+01  2.705250497766D+01
  2.704844205493D+01  2.704325162451D+01  2.703687820666D+01  2.702926621999D+01
  2.702035770933D+01  2.701009471018D+01  2.699841698991D+01  2.698526442623D+01
  2.697057476309D+01  2.695428600434D+01  2.693633418546D+01  2.691665578360D+01
  2.689518550620D+01  2.687185871838D+01  2.684660924928D+01  2.681937183754D+01
  2.679007995609D+01  2.675866827615D+01  2.672507051068D+01  2.668922189714D+01
  2.665105705949D+01  2.661051250935D+01  2.656752452599D+01  2.652203167503D+01
  2.647397270533D+01  2.642328908375D+01  2.636992290719D+01  2.631381945117D+01
  2.625492509450D+01  2.619318987891D+01  2.612856544283D+01  2.606100758831D+01
  2.599047421981D+01  2.591692791360D+01  2.584033385645D+01  2.576066241188D+01
  2.567788705259D+01  2.559198691708D+01  2.550294472864D+01  2.541074933479D+01
  2.531539360496D+01  2.521687694428D+01  2.511520316105D+01  2.501038294574D+01
  2.490243169872D+01  2.479137196458D+01  2.467723121010D+01  2.456004420352D+01
  2.443985073238D+01  2.431669791713D+01  2.419063785895D+01  2.406172987714D+01
  2.393003807569D+01  2.379563349573D+01  2.365859159162D+01  2.351899428877D+01
  2.337692736113D+01  2.323248238676D+01  2.308575402010D+01  2.293684183962D+01
  2.278584751030D+01  2.263287652045D+01  2.247803523286D+01  2.232143251118D+01
  2.216317666244D+01  2.200337695800D+01  2.184214047552D+01  2.167957352610D+01
  2.151577841148D+01  2.135085477819D+01  2.118489631692D+01  2.101799207792D+01
  2.085022315572D+01  2.068166401983D+01  2.051237925173D+01  2.034242497325D+01
  2.017184573630D+01  2.000067617030D+01  1.982893816918D+01  1.965664292741D+01
  1.948378861930D+01  1.931036304164D+01  1.913634202093D+01  1.896169290532D+01
  1.878637393195D+01  1.861033876517D+01  1.843353695270D+01  1.825591953017D+01
  1.807744043311D+01  1.789806283920D+01  1.771776098009D+01  1.753652642794D+01
  1.735436929911D+01  1.717132332722D+01  1.698744525815D+01  1.680281760704D+01
  1.661754539496D+01  1.643175613289D+01  1.624559392963D+01  1.605921724330D+01
  1.587279135687D+01  1.568648522380D+01  1.550046379729D+01  1.531488543419D+01
  1.512989536143D+01  1.494562462896D+01  1.476218535705D+01  1.457967153535D+01
  1.439815604379D+01  1.421769305332D+01  1.403831641497D+01  1.386004316790D+01
  1.368287277344D+01  1.350679122302D+01  1.333177065492D+01  1.315777366127D+01
  1.298475295387D+01  1.281265560279D+01  1.264142254445D+01  1.247099259784D+01
  1.230130170542D+01  1.213228665367D+01  1.196388400228D+01  1.179603348674D+01
  1.162867663049D+01  1.146175983696D+01  1.129523270111D+01  1.112905081373D+01
  1.096317379978D+01  1.079756786492D+01  1.063220359198D+01  1.046705826163D+01
  1.030211343858D+01  1.013735709657D+01  9.972781022943D+00  9.808382774313D+00
  9.644162922938D+00  9.480126863110D+00  9.316281915501D+00  9.152638996045D+00
  8.989209585280D+00  8.826007261516D+00  8.663044531696D+00  8.500334219971D+00
  8.337886146236D+00  8.175708351795D+00  8.013803605163D+00  7.852170441500D+00
  7.690799474367D+00  7.529674289191D+00  7.368767368004D+00  7.208041051638D+00
  7.047443108003D+00
Vac0 POTENTIAL                      exc: Vosko,Wilk,Nusair      
  2.25914357  6.50000000  2.23392349
   0.00000
   2.46891   0.8856764040   0.8856506863
353
 0.25000000D-01 0.37220196D-03
 0 1
  8.331148710746D-01  8.330880213368D-01  8.330597003128D-01  8.330515343656D-01
  8.330469148307D-01  8.330449423240D-01  8.330432883779D-01  8.330432032208D-01
  8.330429770471D-01  8.330441026575D-01  8.330449862336D-01  8.330471846913D-01
  8.330491445767D-01  8.330524515449D-01  8.330555748041D-01  8.330601198076D-01
  8.330645745461D-01  8.330705633868D-01  8.330765942263D-01  8.330843129988D-01
  8.330922514830D-01  8.331020824013D-01  8.331123679032D-01  8.331248153223D-01
  8.331380264658D-01  8.331537542221D-01  8.331706529554D-01  8.331905362507D-01
  8.332121286888D-01  8.332373253030D-01  8.332649451613D-01  8.332969931402D-01
  8.333324161175D-01  8.333733678466D-01  8.334189688371D-01  8.334715754431D-01
  8.335305427422D-01  8.335983962470D-01  8.336677067573D-01  8.336978478660D-01
  8.336691291501D-01  8.336426881059D-01  8.336168536040D-01  8.335930913106D-01
  8.335697490446D-01  8.335483092717D-01  8.335271347678D-01  8.335077213373D-01
  8.334884436874D-01  8.334708083228D-01  8.334531995598D-01  8.334371325602D-01
  8.334209994615D-01  8.334063224919D-01  8.333915001881D-01  8.333780606007D-01
  8.333644075576D-01  8.333520739274D-01  8.333394679426D-01  8.333281264962D-01
  8.333164615017D-01  8.333060132318D-01  8.332951967096D-01  8.332855550594D-01
  8.332755059317D-01  8.332665948775D-01  8.332572417886D-01  8.332489942852D-01
  8.332402741755D-01  8.332326308559D-01  8.332244877837D-01  8.332173958861D-01
  8.332097800416D-01  8.332031925040D-01  8.331960593850D-01  8.331899340886D-01
  8.331832438014D-01  8.331775429299D-01  8.331712595973D-01  8.331659490909D-01
  8.331600403540D-01  8.331550894432D-01  8.331495260257D-01  8.331449068332D-01
  8.331396621721D-01  8.331353493728D-01  8.331303993007D-01  8.331263698178D-01
  8.331216922869D-01  8.331179250371D-01  8.331134998746D-01  8.331099755442D-01
  8.331057842447D-01  8.331024850904D-01  8.330985106297D-01  8.330954203058D-01
  8.330916469782D-01  8.330887503831D-01  8.330851636562D-01  8.330824467958D-01
  8.330790331842D-01  8.330764830512D-01  8.330732299984D-01  8.330708344632D-01
  8.330677302408D-01  8.330654779522D-01  8.330625115657D-01  8.330603918636D-01
  8.330575529668D-01  8.330555557991D-01  8.330528346159D-01  8.330509504660D-01
  8.330483377195D-01  8.330465575341D-01  8.330440443796D-01  8.330423595058D-01
  8.330399374674D-01  8.330383395914D-01  8.330360005027D-01  8.330344815917D-01
  8.330322175389D-01  8.330307697846D-01  8.330285730521D-01  8.330271888177D-01
  8.330250518342D-01  8.330237236001D-01  8.330216388852D-01  8.330203591974D-01
  8.330183193092D-01  8.330170807257D-01  8.330150782085D-01  8.330138732457D-01
  8.330119005747D-01  8.330107216529D-01  8.330087711798D-01  8.330076105670D-01
  8.330056744611D-01  8.330045242137D-01  8.330025944033D-01  8.330014463046D-01
  8.329995144123D-01  8.329983599079D-01  8.329964171837D-01  8.329952473109D-01
  8.329932845615D-01  8.329920898762D-01  8.329900973866D-01  8.329888678829D-01
  8.329868353352D-01  8.329855603600D-01  8.329834767427D-01  8.329821449023D-01
  8.329799984137D-01  8.329785974724D-01  8.329763754153D-01  8.329748921852D-01
  8.329725808513D-01  8.329710010722D-01  8.329685856160D-01  8.329668938232D-01
  8.329643581248D-01  8.329625375050D-01  8.329598640184D-01  8.329578962515D-01
  8.329550658388D-01  8.329529309234D-01  8.329499226723D-01  8.329475987350D-01
  8.329443897581D-01  8.329418528426D-01  8.329384180565D-01  8.329356418918D-01
  8.329319537741D-01  8.329289095189D-01  8.329249378395D-01  8.329215938009D-01
  8.329173053264D-01  8.329136266491D-01  8.329089848166D-01  8.329049331404D-01
  8.328998976978D-01  8.328954307793D-01  8.328899573876D-01  8.328850286827D-01
  8.328790684780D-01  8.328736266818D-01  8.328671257906D-01  8.328611143276D-01
  8.328540133324D-01  8.328473697957D-01  8.328396031443D-01  8.328322586737D-01
  8.328237540273D-01  8.328156326247D-01  8.328063101367D-01  8.327973279083D-01
  8.327870994285D-01  8.327771637481D-01  8.327659319433D-01  8.327549405277D-01
  8.327425979094D-01  8.327304377969D-01  8.327168656479D-01  8.327034120692D-01
  8.326884792567D-01  8.326735943875D-01  8.326571560516D-01  8.326406876343D-01
  8.326225837386D-01  8.326043635584D-01  8.325844172888D-01  8.325642594898D-01
  8.325422754841D-01  8.325199747086D-01  8.324957370996D-01  8.324710664311D-01
  8.324443366846D-01  8.324170453742D-01  8.323875598989D-01  8.323573708526D-01
  8.323248383579D-01  8.322914453587D-01  8.322555439343D-01  8.322186085722D-01
  8.321789824601D-01  8.321381307378D-01  8.320943867638D-01  8.320492053445D-01
  8.320009089731D-01  8.319509410330D-01  8.318976120063D-01  8.318423526488D-01
  8.317834601647D-01  8.317223513505D-01  8.316573087319D-01  8.315897336737D-01
  8.315178924746D-01  8.314431694390D-01  8.313638129266D-01  8.312811883812D-01
  8.311935243294D-01  8.311021653635D-01  8.310053180833D-01  8.309043040271D-01
  8.307973055521D-01  8.306856187073D-01  8.305673990453D-01  8.304439144318D-01
  8.303132907813D-01  8.301767647960D-01  8.300324296173D-01  8.298814874867D-01
  8.297219953040D-01  8.295551172013D-01  8.293788699987D-01  8.291943756817D-01
  8.289996067420D-01  8.287956385494D-01  8.285803945652D-01  8.283548985958D-01
  8.281170198656D-01  8.278677251393D-01  8.276048236381D-01  8.273292190175D-01
  8.270386541086D-01  8.267339627347D-01  8.264128142599D-01  8.260759652249D-01
  8.257210036814D-01  8.253486006279D-01  8.249562541040D-01  8.245445404036D-01
  8.241108579029D-01  8.236556780234D-01  8.231762887633D-01  8.226730453814D-01
  8.221431135959D-01  8.215867199567D-01  8.210008946706D-01  8.203857216243D-01
  8.197380807913D-01  8.190578978602D-01  8.183418861710D-01  8.175897958988D-01
  8.167981554588D-01  8.159665201853D-01  8.150912131356D-01  8.141715731952D-01
  8.132036951972D-01  8.121866773719D-01  8.111163606850D-01  8.099915755327D-01
  8.088078801823D-01  8.075638065963D-01  8.062545978351D-01  8.048784528673D-01
  8.034302627654D-01  8.019078543277D-01  8.003057248608D-01  7.986212843966D-01
  7.968485888081D-01  7.949845803537D-01  7.930228188104D-01  7.909597200115D-01
  7.887882846030D-01  7.865043341535D-01  7.841002370414D-01  7.815711416049D-01
  7.789086985385D-01  7.761072904096D-01  7.731577497797D-01  7.700535842322D-01
  7.667846892236D-01  7.633435675353D-01  7.597190355942D-01  7.559024359628D-01
  7.518813355286D-01  7.476457292686D-01  7.431817282724D-01  7.384777525340D-01
  7.335182062208D-01  7.282896566273D-01  7.227744933975D-01  7.169570899853D-01
  7.108174426373D-01  7.043373096930D-01  6.974938249807D-01  6.902656089961D-01
  6.826263498848D-01  6.745508788735D-01  6.660087101177D-01  6.569700706264D-01
  6.473993878273D-01  6.372612615005D-01  6.265138848242D-01  6.151149423751D-01
  6.030149465248D-01  5.901630412400D-01  5.765002308810D-01  5.619650642487D-01
  5.464867270534D-01  5.299905744589D-01  5.123910518838D-01  4.935970375983D-01
  4.735045497682D-01  4.520018533758D-01  4.289619105830D-01  4.042471960489D-01
  3.777018390723D-01  3.491562945870D-01  3.184185255945D-01  2.852790864105D-01
  2.495015533535D-01
Vac0 POTENTIAL                      exc: Vosko,Wilk,Nusair      
  1.72127726  6.50000000  1.73067725
   0.00000
   2.01081   0.8856764040   0.8856506863
353
 0.25000000D-01 0.30314114D-03
 0 1
  6.288067294930D-01  6.287661989677D-01  6.287242259907D-01  6.287115083371D-01
  6.287044498464D-01  6.287002406237D-01  6.286969244447D-01  6.286948457070D-01
  6.286929433281D-01  6.286919075321D-01  6.286908379471D-01  6.286905097914D-01
  6.286900721794D-01  6.286903314814D-01  6.286904579664D-01  6.286912733051D-01
  6.286919596110D-01  6.286933482679D-01  6.286946299562D-01  6.286966439668D-01
  6.286985886079D-01  6.287013109403D-01  6.287040173347D-01  6.287075634500D-01
  6.287111650086D-01  6.287156879552D-01  6.287203594268D-01  6.287260581734D-01
  6.287320257597D-01  6.287391572270D-01  6.287467126293D-01  6.287556080595D-01
  6.287651275819D-01  6.287762147209D-01  6.287881849345D-01  6.288020177277D-01
  6.288170695306D-01  6.288343478949D-01  6.288516464586D-01  6.288580084876D-01
  6.288489969517D-01  6.288408606186D-01  6.288327437201D-01  6.288254384215D-01
  6.288180948090D-01  6.288115102372D-01  6.288048394102D-01  6.287988838080D-01
  6.287928018221D-01  6.287873982355D-01  6.287818344176D-01  6.287769178304D-01
  6.287718122549D-01  6.287673273432D-01  6.287626288609D-01  6.287585282575D-01
  6.287541929343D-01  6.287504358367D-01  6.287464257279D-01  6.287429767988D-01
  6.287392589530D-01  6.287360874301D-01  6.287326330919D-01  6.287297120623D-01
  6.287264960199D-01  6.287238018380D-01  6.287208018892D-01  6.287183136874D-01
  6.287155101986D-01  6.287132094860D-01  6.287105850261D-01  6.287084553566D-01
  6.287059943943D-01  6.287040210845D-01  6.287017097250D-01  6.286998796197D-01
  6.286977053968D-01  6.286960066692D-01  6.286939583551D-01  6.286923803366D-01
  6.286904477857D-01  6.286889808220D-01  6.286871548406D-01  6.286857901672D-01
  6.286840623921D-01  6.286827920249D-01  6.286811548264D-01  6.286799714696D-01
  6.286784178663D-01  6.286773148307D-01  6.286758384094D-01  6.286748095419D-01
  6.286734043925D-01  6.286724440130D-01  6.286711046705D-01  6.286702075149D-01
  6.286689289062D-01  6.286680900798D-01  6.286668674766D-01  6.286660824075D-01
  6.286649113849D-01  6.286641757851D-01  6.286630521829D-01  6.286623620123D-01
  6.286612819012D-01  6.286606333332D-01  6.286595929820D-01  6.286589823742D-01
  6.286579782216D-01  6.286574020856D-01  6.286564307106D-01  6.286558856873D-01
  6.286549437849D-01  6.286544266161D-01  6.286535109710D-01  6.286530184781D-01
  6.286521259411D-01  6.286516549990D-01  6.286507824624D-01  6.286503299759D-01
  6.286494743518D-01  6.286490372335D-01  6.286481954295D-01  6.286477705758D-01
  6.286469394706D-01  6.286465237374D-01  6.286457001581D-01  6.286452903366D-01
  6.286444710326D-01  6.286440638245D-01  6.286432454421D-01  6.286428374316D-01
  6.286420164870D-01  6.286416041143D-01  6.286407769641D-01  6.286403564949D-01
  6.286395193060D-01  6.286390868004D-01  6.286382355173D-01  6.286377867949D-01
  6.286369171037D-01  6.286364477082D-01  6.286355549995D-01  6.286350601578D-01
  6.286341394846D-01  6.286336140649D-01  6.286326600985D-01  6.286320985626D-01
  6.286311055428D-01  6.286305018952D-01  6.286294635774D-01  6.286288113098D-01
  6.286277209062D-01  6.286270129355D-01  6.286258630513D-01  6.286250916527D-01
  6.286238742149D-01  6.286230309484D-01  6.286217371292D-01  6.286208127577D-01
  6.286194328886D-01  6.286184172890D-01  6.286169407676D-01  6.286158228323D-01
  6.286142380187D-01  6.286130055468D-01  6.286112996497D-01  6.286099392282D-01
  6.286080981794D-01  6.286065950507D-01  6.286046033665D-01  6.286029412830D-01
  6.286007819120D-01  6.285989429757D-01  6.285965971293D-01  6.285945616146D-01
  6.285920085814D-01  6.285897547393D-01  6.285869716790D-01  6.285844755214D-01
  6.285814372379D-01  6.285786722986D-01  6.285753509898D-01  6.285722880610D-01
  6.285686530407D-01  6.285652598819D-01  6.285612772750D-01  6.285575182913D-01
  6.285531506946D-01  6.285489865815D-01  6.285441926906D-01  6.285395800409D-01
  6.285343142376D-01  6.285292051080D-01  6.285234170038D-01  6.285177584347D-01
  6.285113923670D-01  6.285051258532D-01  6.284981203279D-01  6.284911812329D-01
  6.284834683090D-01  6.284757852174D-01  6.284672898264D-01  6.284587838288D-01
  6.284494230230D-01  6.284400069253D-01  6.284296890459D-01  6.284192664954D-01
  6.284078902544D-01  6.283963547738D-01  6.283838082379D-01  6.283710421575D-01
  6.283572016256D-01  6.283430749032D-01  6.283278036656D-01  6.283121725810D-01
  6.282953195472D-01  6.282780252606D-01  6.282594234428D-01  6.282402903997D-01
  6.282197552361D-01  6.281985894040D-01  6.281759169047D-01  6.281525038242D-01
  6.281274685218D-01  6.281015711512D-01  6.280739238340D-01  6.280452801660D-01
  6.280147453724D-01  6.279830657984D-01  6.279493390451D-01  6.279143034413D-01
  6.278770481587D-01  6.278383026626D-01  6.277971468044D-01  6.277543002498D-01
  6.277088325447D-01  6.276614525183D-01  6.276112183213D-01  6.275588268005D-01
  6.275033235054D-01  6.274453920321D-01  6.273840639946D-01  6.273200083350D-01
  6.272522412552D-01  6.271814154902D-01  6.271065301962D-01  6.270282201815D-01
  6.269454657477D-01  6.268588818737D-01  6.267674280038D-01  6.266716971804D-01
  6.265706257729D-01  6.264647825536D-01  6.263530783612D-01  6.262360551129D-01
  6.261125953957D-01  6.259832114079D-01  6.258467544700D-01  6.257037038871D-01
  6.255528763713D-01  6.253947148161D-01  6.252279976194D-01  6.250531273610D-01
  6.248688400146D-01  6.246754935173D-01  6.244717768582D-01  6.242579985270D-01
  6.240327954653D-01  6.237964213806D-01  6.235474555444D-01  6.232860909552D-01
  6.230108429655D-01  6.227218372772D-01  6.224175183760D-01  6.220979373387D-01
  6.217614600537D-01  6.214080548163D-01  6.210360003086D-01  6.206451729578D-01
  6.202337546461D-01  6.198015198012D-01  6.193465428024D-01  6.188684847705D-01
  6.183653006306D-01  6.178365255612D-01  6.172799816709D-01  6.166950640611D-01
  6.160794470640D-01  6.154323698677D-01  6.147513422558D-01  6.140354297336D-01
  6.132819587002D-01  6.124898010042D-01  6.116560784675D-01  6.107794467864D-01
  6.098567993120D-01  6.088865501972D-01  6.078653373213D-01  6.067913045653D-01
  6.056608037457D-01  6.044716758779D-01  6.032199519596D-01  6.019031330517D-01
  6.005168897192D-01  5.990583407248D-01  5.975227508934D-01  5.959068081700D-01
  5.942053196233D-01  5.924144865626D-01  5.905285983336D-01  5.885433051180D-01
  5.864523090934D-01  5.842506344507D-01  5.819313153883D-01  5.794886627683D-01
  5.769149482854D-01  5.742036670373D-01  5.713462170442D-01  5.683351568233D-01
  5.651608792210D-01  5.618148628443D-01  5.582863388955D-01  5.545655350064D-01
  5.506403334147D-01  5.464995053502D-01  5.421293584395D-01  5.375169592818D-01
  5.326467673811D-01  5.275038428832D-01  5.220704635731D-01  5.163293138795D-01
  5.102600804818D-01  5.038426175574D-01  4.970535152461D-01  4.898692346368D-01
  4.822626416392D-01  4.742061032682D-01  4.656679772484D-01  4.566156586140D-01
  4.470120124572D-01  4.368183565417D-01  4.259908207918D-01  4.144832473281D-01
  4.022434553751D-01  3.892160340125D-01  3.753384874956D-01  3.605438853628D-01
  3.447568496401D-01  3.278961656074D-01  3.098700861988D-01  2.905793639837D-01
  2.699118903613D-01
