In49 POTENTIAL                      exc: Vosko,Wilk,Nusair      
  2.31897314  6.66250000  2.29182178
  49.00000
   2.53289   0.8007018804   0.8498776285
353
 0.25000000D-01 0.38184860D-03
 9 1
    0  -1.96656160000D+03
    0  -2.87428550000D+02
    0  -5.37136240000D+01
    0  -7.39818510000D+00
    1  -2.68528840000D+02
    1  -4.59639090000D+01
    1  -4.86454470000D+00
    2  -3.15522220000D+01
    2  -7.38539920000D-01
  4.724941001656D+02  4.725211480326D+02  4.725488123269D+02  4.725770992007D+02
  4.726060174811D+02  4.726355811997D+02  4.726658001136D+02  4.726966883630D+02
  4.727282559346D+02  4.727605171045D+02  4.727934820186D+02  4.728271650544D+02
  4.728615764651D+02  4.728967306902D+02  4.729326380382D+02  4.729693129627D+02
  4.730067657711D+02  4.730450108746D+02  4.730840585163D+02  4.731239230001D+02
  4.731646144328D+02  4.732061469371D+02  4.732485304025D+02  4.732917786855D+02
  4.733359013676D+02  4.733809119430D+02  4.734268195828D+02  4.734736373111D+02
  4.735213737729D+02  4.735700414010D+02  4.736196481858D+02  4.736702058330D+02
  4.737217215342D+02  4.737742061163D+02  4.738276658122D+02  4.738821104009D+02
  4.739375449785D+02  4.739939780892D+02  4.740514134943D+02  4.741098582957D+02
  4.741693147103D+02  4.742297881595D+02  4.742912790580D+02  4.743537909116D+02
  4.744173220761D+02  4.744818738547D+02  4.745474422529D+02  4.746140260667D+02
  4.746816186321D+02  4.747502159039D+02  4.748198081996D+02  4.748903882685D+02
  4.749619430286D+02  4.750344616263D+02  4.751079271663D+02  4.751823247605D+02
  4.752576332502D+02  4.753338332446D+02  4.754108988351D+02  4.754888056220D+02
  4.755675224207D+02  4.756470192769D+02  4.757272591636D+02  4.758082059849D+02
  4.758898162631D+02  4.759720471312D+02  4.760548480099D+02  4.761381685882D+02
  4.762219504902D+02  4.763061352442D+02  4.763906559389D+02  4.764754451808D+02
  4.765604267406D+02  4.766455234988D+02  4.767306490818D+02  4.768157157969D+02
  4.769006262587D+02  4.769852813138D+02  4.770695716580D+02  4.771533857514D+02
  4.772366014278D+02  4.773190938012D+02  4.774007268686D+02  4.774813614096D+02
  4.775608465835D+02  4.776390278241D+02  4.777157384339D+02  4.777908074753D+02
  4.778640513643D+02  4.779352817615D+02  4.780042971682D+02  4.780708908196D+02
  4.781348422870D+02  4.781959253778D+02  4.782538997464D+02  4.783085188063D+02
  4.783595213544D+02  4.784066394994D+02  4.784495903054D+02  4.784880837418D+02
  4.785218143526D+02  4.785504692338D+02  4.785737197350D+02  4.785912294717D+02
  4.786026460655D+02  4.786076091998D+02  4.786057424074D+02  4.785966611762D+02
  4.785799647929D+02  4.785552445090D+02  4.785220754490D+02  4.784800248456D+02
  4.784286440223D+02  4.783674767077D+02  4.782960511021D+02  4.782138882805D+02
  4.781204943535D+02  4.780153689687D+02  4.778979975751D+02  4.777678600323D+02
  4.776244229881D+02  4.774671486035D+02  4.772954870512D+02  4.771088853652D+02
  4.769067800653D+02  4.766886061373D+02  4.764537897889D+02  4.762017575625D+02
  4.759319292256D+02  4.756437270159D+02  4.753365686642D+02  4.750098767692D+02
  4.746630719469D+02  4.742955823268D+02  4.739068368166D+02  4.734962747073D+02
  4.730633390363D+02  4.726074862801D+02  4.721281797939D+02  4.716248995647D+02
  4.710971356951D+02  4.705443981829D+02  4.699662104092D+02  4.693621189004D+02
  4.687316867734D+02  4.680745034261D+02  4.673901778829D+02  4.666783483519D+02
  4.659386754040D+02  4.651708513267D+02  4.643745930620D+02  4.635496512794D+02
  4.626958029907D+02  4.618128602590D+02  4.609006624057D+02  4.599590842686D+02
  4.589880279166D+02  4.579874303738D+02  4.569572547613D+02  4.558974974135D+02
  4.548081783811D+02  4.536893478812D+02  4.525410761257D+02  4.513634590777D+02
  4.501566075907D+02  4.489206525035D+02  4.476557331428D+02  4.463620018364D+02
  4.450396119094D+02  4.436887217889D+02  4.423094827195D+02  4.409020427445D+02
  4.394665344863D+02  4.380030794160D+02  4.365117761785D+02  4.349927056944D+02
  4.334459206341D+02  4.318714520057D+02  4.302693004616D+02  4.286394450604D+02
  4.269818370655D+02  4.252964114664D+02  4.235830837254D+02  4.218417643259D+02
  4.200723584789D+02  4.182747833895D+02  4.164489702376D+02  4.145948830578D+02
  4.127125214581D+02  4.108019391727D+02  4.088632452411D+02  4.068966197362D+02
  4.049023108545D+02  4.028806454172D+02  4.008320198353D+02  3.987569039265D+02
  3.966558250570D+02  3.945293654543D+02  3.923781406208D+02  3.902027921066D+02
  3.880039628903D+02  3.857822888294D+02  3.835383744997D+02  3.812727868201D+02
  3.789860346016D+02  3.766785671432D+02  3.743507596801D+02  3.720029184465D+02
  3.696352727991D+02  3.672479868329D+02  3.648411576476D+02  3.624148324607D+02
  3.599690115446D+02  3.575036690610D+02  3.550187586929D+02  3.525142361133D+02
  3.499900651929D+02  3.474462400171D+02  3.448827896660D+02  3.422997979016D+02
  3.396974047897D+02  3.370758225187D+02  3.344353325445D+02  3.317762964333D+02
  3.290991476856D+02  3.264043970514D+02  3.236926187888D+02  3.209644505544D+02
  3.182205745790D+02  3.154617130419D+02  3.126886055023D+02  3.099020016058D+02
  3.071026371534D+02  3.042912269669D+02  3.014684429209D+02  2.986349107084D+02
  2.957911937904D+02  2.929377980194D+02  2.900751651185D+02  2.872036879815D+02
  2.843237151789D+02  2.814355765655D+02  2.785395961065D+02  2.756361224887D+02
  2.727255424692D+02  2.698083067821D+02  2.668849334868D+02  2.639560193464D+02
  2.610222257330D+02  2.580842719013D+02  2.551429046549D+02  2.521988795694D+02
  2.492529244851D+02  2.463057211902D+02  2.433578757649D+02  2.404099124002D+02
  2.374622594822D+02  2.345152608417D+02  2.315691791261D+02  2.286242226573D+02
  2.256805616142D+02  2.227383642240D+02  2.197978184891D+02  2.168591701945D+02
  2.139227429536D+02  2.109889714073D+02  2.080584138573D+02  2.051317759351D+02
  2.022099121144D+02  1.992938371771D+02  1.963847148684D+02  1.934838563942D+02
  1.905926963337D+02  1.877127789981D+02  1.848457232462D+02  1.819931990378D+02
  1.791568841477D+02  1.763384346276D+02  1.735394378284D+02  1.707613819880D+02
  1.680056117076D+02  1.652733038957D+02  1.625654341701D+02  1.598827689300D+02
  1.572258535637D+02  1.545950319586D+02  1.519904667926D+02  1.494121932595D+02
  1.468601712935D+02  1.443343626770D+02  1.418347910338D+02  1.393616053252D+02
  1.369151031693D+02  1.344957391228D+02  1.321040849759D+02  1.297407812412D+02
  1.274064594950D+02  1.251016815960D+02  1.228268748289D+02  1.205823023252D+02
  1.183680384108D+02  1.161839794026D+02  1.140298532998D+02  1.119052557928D+02
  1.098096755122D+02  1.077425370262D+02  1.057032263385D+02  1.036911293126D+02
  1.017056495522D+02  9.974623748071D+01  9.781239823371D+01  9.590371082849D+01
  9.401982665644D+01  9.216048014814D+01  9.032547979356D+01  8.851471246334D+01
  8.672812923448D+01  8.496574564020D+01  8.322762448881D+01  8.151387408785D+01
  7.982462992154D+01  7.816005250796D+01  7.652030937410D+01  7.490557375889D+01
  7.331600787611D+01  7.175176323884D+01  7.021296578641D+01  6.869971822460D+01
  6.721208725191D+01  6.575010801454D+01  6.431377342105D+01  6.290304061519D+01
  6.151782222051D+01  6.015799463098D+01  5.882339096034D+01  5.751381090716D+01
  5.622901514627D+01  5.496873647125D+01  5.373267527009D+01  5.252051148818D+01
  5.133190059352D+01  5.016648559878D+01  4.902389258931D+01  4.790374175837D+01
  4.680564143411D+01  4.572919718882D+01  4.467400370910D+01  4.363965172465D+01
  4.262571792705D+01  4.163177045911D+01  4.065735737076D+01  3.970201219020D+01
  3.876524184991D+01
N_07 POTENTIAL                      exc: Vosko,Wilk,Nusair      
  1.76095821  6.66250000  1.77099661
   7.00000
   2.05765   0.8007018804   0.8498776285
353
 0.25000000D-01 0.31020338D-03
 2 1
    0  -2.69998930000D+01
    0  -4.29582100000D-01
  2.602658843168D+01  2.602697981827D+01  2.602738073888D+01  2.602781723489D+01
  2.602826967347D+01  2.602873581258D+01  2.602921445319D+01  2.602970599970D+01
  2.603021001793D+01  2.603072721603D+01  2.603125730803D+01  2.603180108661D+01
  2.603235832073D+01  2.603292984274D+01  2.603351545291D+01  2.603411601010D+01
  2.603473133827D+01  2.603536231822D+01  2.603600879480D+01  2.603667166912D+01
  2.603735080605D+01  2.603804712658D+01  2.603876051549D+01  2.603949191382D+01
  2.604024122656D+01  2.604100941521D+01  2.604179640552D+01  2.604260318004D+01
  2.604342968595D+01  2.604427692753D+01  2.604514487413D+01  2.604603455258D+01
  2.604694595516D+01  2.604788013207D+01  2.604883709939D+01  2.604981793154D+01
  2.605082266928D+01  2.605185241217D+01  2.605290722671D+01  2.605398824162D+01
  2.605509593577D+01  2.605623106567D+01  2.605739375189D+01  2.605858517521D+01
  2.605980548456D+01  2.606105588953D+01  2.606233656840D+01  2.606364876056D+01
  2.606499267458D+01  2.606636958064D+01  2.606777971857D+01  2.606922439032D+01
  2.607070386794D+01  2.607221948608D+01  2.607377154998D+01  2.607536142792D+01
  2.607698945926D+01  2.607865704682D+01  2.608036456494D+01  2.608211345189D+01
  2.608390411784D+01  2.608573803732D+01  2.608761565715D+01  2.608953848887D+01
  2.609150701669D+01  2.609352278988D+01  2.609558633071D+01  2.609769922678D+01
  2.609986203896D+01  2.610207639374D+01  2.610434289108D+01  2.610666319670D+01
  2.610903795000D+01  2.611146885623D+01  2.611395659439D+01  2.611650290939D+01
  2.611910851983D+01  2.612177521018D+01  2.612450373850D+01  2.612729592854D+01
  2.613015257740D+01  2.613307554758D+01  2.613606567456D+01  2.613912485879D+01
  2.614225397319D+01  2.614545495504D+01  2.614872871343D+01  2.615207722101D+01
  2.615550142137D+01  2.615900332068D+01  2.616258389496D+01  2.616624518161D+01
  2.616998818653D+01  2.617381497554D+01  2.617772658136D+01  2.618172509489D+01
  2.618581157199D+01  2.618998812465D+01  2.619425582760D+01  2.619861680923D+01
  2.620307215809D+01  2.620762401355D+01  2.621227347211D+01  2.621702267785D+01
  2.622187272845D+01  2.622682576549D+01  2.623188288012D+01  2.623704620308D+01
  2.624231681019D+01  2.624769681198D+01  2.625318725886D+01  2.625879023047D+01
  2.626450674047D+01  2.627033882556D+01  2.627628744985D+01  2.628235459351D+01
  2.628854115671D+01  2.629484904787D+01  2.630127908711D+01  2.630783309403D+01
  2.631451179071D+01  2.632131688894D+01  2.632824899268D+01  2.633530968474D+01
  2.634249942872D+01  2.634981965499D+01  2.635727066203D+01  2.636485370183D+01
  2.637256888047D+01  2.638041724285D+01  2.638839867255D+01  2.639651397579D+01
  2.640476278053D+01  2.641314561959D+01  2.642166182895D+01  2.643031162999D+01
  2.643909402689D+01  2.644800888797D+01  2.645705484214D+01  2.646623135926D+01
  2.647553664558D+01  2.648496972307D+01  2.649452832385D+01  2.650421096838D+01
  2.651401485878D+01  2.652393795592D+01  2.653397687159D+01  2.654412894436D+01
  2.655439013057D+01  2.656475707899D+01  2.657522502054D+01  2.658578984171D+01
  2.659644597297D+01  2.660718846098D+01  2.661801085565D+01  2.662890728105D+01
  2.663987032124D+01  2.665089308981D+01  2.666196711442D+01  2.667308440515D+01
  2.668423533769D+01  2.669541072047D+01  2.670659967667D+01  2.671779171014D+01
  2.672897458629D+01  2.674013639691D+01  2.675126344006D+01  2.676234228390D+01
  2.677335764570D+01  2.678429445487D+01  2.679513573126D+01  2.680586464762D+01
  2.681646240739D+01  2.682691030682D+01  2.683718761256D+01  2.684727362376D+01
  2.685714554981D+01  2.686678057270D+01  2.687615372533D+01  2.688523995468D+01
  2.689401200106D+01  2.690244246253D+01  2.691050167571D+01  2.691815978209D+01
  2.692538461093D+01  2.693214374807D+01  2.693840242174D+01  2.694412557457D+01
  2.694927575307D+01  2.695381518371D+01  2.695770366692D+01  2.696090065814D+01
  2.696336316735D+01  2.696504784611D+01  2.696590889358D+01  2.696590015071D+01
  2.696497301386D+01  2.696307853726D+01  2.696016535551D+01  2.695618179550D+01
  2.695107380899D+01  2.694478709528D+01  2.693726504527D+01  2.692845087605D+01
  2.691828558773D+01  2.690671011139D+01  2.689366327986D+01  2.687908399029D+01
  2.686290919014D+01  2.684507605554D+01  2.682551999366D+01  2.680417683792D+01
  2.678098086765D+01  2.675586702109D+01  2.672876893312D+01  2.669962116666D+01
  2.666835726897D+01  2.663491202176D+01  2.659921951621D+01  2.656121542173D+01
  2.652083507937D+01  2.647801578867D+01  2.643269491869D+01  2.638481221184D+01
  2.633430791104D+01  2.628112507878D+01  2.622520773835D+01  2.616650320559D+01
  2.610496024131D+01  2.604053139240D+01  2.597317115169D+01  2.590283830425D+01
  2.582949409007D+01  2.575310455038D+01  2.567363868754D+01  2.559107080539D+01
  2.550537865969D+01  2.541654578552D+01  2.532455963079D+01  2.522941386265D+01
  2.513110647579D+01  2.502964206900D+01  2.492502991903D+01  2.481728621786D+01
  2.470643210226D+01  2.459249584173D+01  2.447551081341D+01  2.435551763028D+01
  2.423256205090D+01  2.410669703788D+01  2.397798059182D+01  2.384647772896D+01
  2.371225823045D+01  2.357539852984D+01  2.343597936802D+01  2.329408758234D+01
  2.314981365950D+01  2.300325341954D+01  2.285450546088D+01  2.270367273449D+01
  2.255085987797D+01  2.239617467815D+01  2.223972529433D+01  2.208162161171D+01
  2.192197235841D+01  2.176088635740D+01  2.159846954841D+01  2.143482615345D+01
  2.127005562373D+01  2.110425374470D+01  2.093750954114D+01  2.076990636369D+01
  2.060151880451D+01  2.043241383040D+01  2.026264778939D+01  2.009226768872D+01
  1.992130841118D+01  1.974979428009D+01  1.957773665266D+01  1.940513596512D+01
  1.923197992045D+01  1.905824624999D+01  1.888390174127D+01  1.870890595457D+01
  1.853321129806D+01  1.835676784298D+01  1.817952448577D+01  1.800143475301D+01
  1.782245874879D+01  1.764256941987D+01  1.746175451700D+01  1.728002232535D+01
  1.709740248047D+01  1.691394994387D+01  1.672974353285D+01  1.654488723696D+01
  1.635950594033D+01  1.617374404401D+01  1.598775886655D+01  1.580171753256D+01
  1.561578936600D+01  1.543014254331D+01  1.524493697598D+01  1.506032205716D+01
  1.487643107459D+01  1.469338074212D+01  1.451126747965D+01  1.433016875088D+01
  1.415014098298D+01  1.397122231213D+01  1.379343164755D+01  1.361677229501D+01
  1.344123164813D+01  1.326678521662D+01  1.309339653306D+01  1.292102124223D+01
  1.274960694730D+01  1.257909714637D+01  1.240943085854D+01  1.224054629392D+01
  1.207238018326D+01  1.190487113492D+01  1.173795864440D+01  1.157158613228D+01
  1.140569964098D+01  1.124025057019D+01  1.107519408445D+01  1.091049157426D+01
  1.074610880553D+01  1.058201813936D+01  1.041819645686D+01  1.025462717102D+01
  1.009129795978D+01  9.928202601082D+00  9.765338543667D+00  9.602708592390D+00
  9.440318340644D+00  9.278177726646D+00  9.116298344332D+00  8.954694882984D+00
  8.793382324345D+00  8.632377268165D+00  8.471695012862D+00  8.311350758897D+00
  8.151356559787D+00  7.991722385366D+00  7.832452922439D+00  7.673548473700D+00
  7.515001584288D+00  7.356797804043D+00  7.198911967296D+00  7.041308990500D+00
  6.883939822306D+00
Vac0 POTENTIAL                      exc: Vosko,Wilk,Nusair      
  2.31897314  6.66250000  2.29182178
   0.00000
   2.53289   0.8007018804   0.8498776285
353
 0.25000000D-01 0.38184860D-03
 0 1
  7.879439066091D-01  7.879191322842D-01  7.878929128189D-01  7.878854171872D-01
  7.878811319980D-01  7.878793943438D-01  7.878778814166D-01  7.878779194640D-01
  7.878777583309D-01  7.878789490554D-01  7.878798489532D-01  7.878820685963D-01
  7.878840027583D-01  7.878872885747D-01  7.878903419097D-01  7.878948183167D-01
  7.878991509691D-01  7.879050129503D-01  7.879108557952D-01  7.879183724501D-01
  7.879260364269D-01  7.879355652441D-01  7.879454602072D-01  7.879574704598D-01
  7.879701334784D-01  7.879852398885D-01  7.880013749100D-01  7.880203842350D-01
  7.880409166523D-01  7.880648914510D-01  7.880910427011D-01  7.881213886311D-01
  7.881547782467D-01  7.881933634576D-01  7.882361489065D-01  7.882854678533D-01
  7.883405346136D-01  7.884038330092D-01  7.884683366797D-01  7.884957321320D-01
  7.884678244383D-01  7.884421770342D-01  7.884170697908D-01  7.883940233299D-01
  7.883713359193D-01  7.883505445032D-01  7.883299618688D-01  7.883111379113D-01
  7.882923970091D-01  7.882752994417D-01  7.882581789171D-01  7.882426041278D-01
  7.882269163704D-01  7.882126911991D-01  7.881982761322D-01  7.881852523689D-01
  7.881719725667D-01  7.881600226047D-01  7.881477594162D-01  7.881367727901D-01
  7.881254232325D-01  7.881153038146D-01  7.881047780590D-01  7.880954418090D-01
  7.880856611363D-01  7.880770342431D-01  7.880679293765D-01  7.880599467447D-01
  7.880514564591D-01  7.880440604529D-01  7.880361304371D-01  7.880292698301D-01
  7.880218517255D-01  7.880154808286D-01  7.880085314305D-01  7.880026093548D-01
  7.879960899331D-01  7.879905799649D-01  7.879844556941D-01  7.879793247681D-01
  7.879735642326D-01  7.879687824816D-01  7.879633572618D-01  7.879588976256D-01
  7.879537819378D-01  7.879496198337D-01  7.879447902209D-01  7.879409032494D-01
  7.879363383117D-01  7.879327060126D-01  7.879283861725D-01  7.879249898020D-01
  7.879208971014D-01  7.879177194414D-01  7.879138373617D-01  7.879108625524D-01
  7.879071758559D-01  7.879043892464D-01  7.879008838358D-01  7.878982718526D-01
  7.878949346476D-01  7.878924846750D-01  7.878893034999D-01  7.878870037770D-01
  7.878839672604D-01  7.878818067840D-01  7.878789042689D-01  7.878768727068D-01
  7.878740941683D-01  7.878721817831D-01  7.878695177511D-01  7.878677153248D-01
  7.878651568171D-01  7.878634555857D-01  7.878609940414D-01  7.878593856317D-01
  7.878570128510D-01  7.878554892222D-01  7.878531973088D-01  7.878517506959D-01
  7.878495320022D-01  7.878481548621D-01  7.878460019373D-01  7.878446868975D-01
  7.878425924336D-01  7.878413322394D-01  7.878392890229D-01  7.878380764880D-01
  7.878360773473D-01  7.878349053029D-01  7.878329430582D-01  7.878318043008D-01
  7.878298717124D-01  7.878287589518D-01  7.878268486662D-01  7.878257544716D-01
  7.878238589662D-01  7.878227757096D-01  7.878208872360D-01  7.878198070333D-01
  7.878179175557D-01  7.878168322037D-01  7.878149333355D-01  7.878138342464D-01
  7.878119171810D-01  7.878107953115D-01  7.878088507493D-01  7.878076965239D-01
  7.878057145930D-01  7.878045178222D-01  7.878024879935D-01  7.878012377850D-01
  7.877991487791D-01  7.877978334412D-01  7.877956731278D-01  7.877942800641D-01
  7.877920353521D-01  7.877905509469D-01  7.877882076645D-01  7.877866171570D-01
  7.877841599197D-01  7.877824472666D-01  7.877798593344D-01  7.877780070584D-01
  7.877752701761D-01  7.877732592009D-01  7.877703534252D-01  7.877681628929D-01
  7.877650664009D-01  7.877626734708D-01  7.877593623495D-01  7.877567419783D-01
  7.877531899927D-01  7.877503146902D-01  7.877464930279D-01  7.877433325891D-01
  7.877392095786D-01  7.877357307877D-01  7.877312715875D-01  7.877274378917D-01
  7.877226041475D-01  7.877183752965D-01  7.877131247629D-01  7.877084564116D-01
  7.877027425342D-01  7.876975858039D-01  7.876913572580D-01  7.876856582512D-01
  7.876788584332D-01  7.876725576990D-01  7.876651241630D-01  7.876581561056D-01
  7.876500199427D-01  7.876423121684D-01  7.876333973201D-01  7.876248699163D-01
  7.876150924164D-01  7.876056571540D-01  7.875949242906D-01  7.875844837439D-01
  7.875726931343D-01  7.875611397077D-01  7.875481782751D-01  7.875353931280D-01
  7.875211359712D-01  7.875069878302D-01  7.874912969749D-01  7.874756408201D-01
  7.874583638386D-01  7.874410394531D-01  7.874220079386D-01  7.874028383043D-01
  7.873818661849D-01  7.873606557108D-01  7.873375373863D-01  7.873140699486D-01
  7.872885782308D-01  7.872626150081D-01  7.872344988445D-01  7.872057759244D-01
  7.871747578818D-01  7.871429836154D-01  7.871087570986D-01  7.870736091764D-01
  7.870358353536D-01  7.869969575724D-01  7.869552619766D-01  7.869122606667D-01
  7.868662294382D-01  7.868186695125D-01  7.867678452455D-01  7.867152458321D-01
  7.866591229823D-01  7.866009525960D-01  7.865389724034D-01  7.864746436069D-01
  7.864061884822D-01  7.863350519833D-01  7.862594393004D-01  7.861807774246D-01
  7.860972526571D-01  7.860102721296D-01  7.859180012599D-01  7.858218252232D-01
  7.857198863479D-01  7.856135455333D-01  7.855009195787D-01  7.853833425412D-01
  7.852589029926D-01  7.851289053095D-01  7.849914068501D-01  7.848476791703D-01
  7.846957451112D-01  7.845368399333D-01  7.843689483049D-01  7.841932653456D-01
  7.840077335051D-01  7.838135035057D-01  7.836084710999D-01  7.833937379008D-01
  7.831671480047D-01  7.829297486982D-01  7.826793269301D-01  7.824168698814D-01
  7.821401012707D-01  7.818499417710D-01  7.815440451306D-01  7.812232584191D-01
  7.808851579431D-01  7.805305093029D-01  7.801568030784D-01  7.797647146754D-01
  7.793516397559D-01  7.789181538488D-01  7.784615474953D-01  7.779822855959D-01
  7.774775422381D-01  7.769476597473D-01  7.763896831588D-01  7.758038189372D-01
  7.751869690481D-01  7.745391893051D-01  7.738572229911D-01  7.731409587846D-01
  7.723869638736D-01  7.715949414046D-01  7.707612630220D-01  7.698854257744D-01
  7.689635840014D-01  7.679950056191D-01  7.669756032613D-01  7.659043898527D-01
  7.647770088936D-01  7.635921892097D-01  7.623452742478D-01  7.610346758678D-01
  7.596554024886D-01  7.582055117577D-01  7.566796373513D-01  7.550754403185D-01
  7.533871342944D-01  7.516119352665D-01  7.497435849018D-01  7.477787984200D-01
  7.457107856621D-01  7.435356966724D-01  7.412461400425D-01  7.388376257002D-01
  7.363020799397D-01  7.336342847823D-01  7.308253889492D-01  7.278693429857D-01
  7.247564052339D-01  7.214795716932D-01  7.180280757963D-01  7.143938116944D-01
  7.105648263178D-01  7.065317344137D-01  7.022812009576D-01  6.978023458096D-01
  6.930802140140D-01  6.881021673496D-01  6.828513393775D-01  6.773130104012D-01
  6.714680432550D-01  6.652992372150D-01  6.587847394042D-01  6.519043719388D-01
  6.446330123875D-01  6.369468868171D-01  6.288169108900D-01  6.202149393795D-01
  6.111070570983D-01  6.014597727609D-01  5.912332458678D-01  5.803874093387D-01
  5.688751145696D-01  5.566481628927D-01  5.436503461180D-01  5.298233614491D-01
  5.150997188241D-01  4.994085074068D-01  4.826681339941D-01  4.647919018923D-01
  4.456805370749D-01  4.252275319824D-01  4.033114132158D-01  3.798007915681D-01
  3.545463148151D-01  3.273855395228D-01  2.981339890102D-01  2.665903106209D-01
  2.325266098386D-01
Vac0 POTENTIAL                      exc: Vosko,Wilk,Nusair      
  1.76095821  6.66250000  1.77099661
   0.00000
   2.05765   0.8007018804   0.8498776285
353
 0.25000000D-01 0.31020338D-03
 0 1
  5.909184521404D-01  5.908803658033D-01  5.908409194857D-01  5.908289708927D-01
  5.908223344262D-01  5.908183787728D-01  5.908152566706D-01  5.908133007789D-01
  5.908115048449D-01  5.908105262472D-01  5.908095098715D-01  5.908091928093D-01
  5.908087663495D-01  5.908089968009D-01  5.908090951782D-01  5.908098420660D-01
  5.908104594276D-01  5.908117368397D-01  5.908129040906D-01  5.908147579392D-01
  5.908165351018D-01  5.908190392895D-01  5.908215144293D-01  5.908247718936D-01
  5.908280638869D-01  5.908322108497D-01  5.908364750502D-01  5.908416881717D-01
  5.908471251078D-01  5.908536317713D-01  5.908604992015D-01  5.908685916330D-01
  5.908772209496D-01  5.908872752031D-01  5.908980934594D-01  5.909105948763D-01
  5.909241539120D-01  5.909397138028D-01  5.909552550545D-01  5.909607594353D-01
  5.909522701659D-01  5.909446087718D-01  5.909369621017D-01  5.909300834073D-01
  5.909231650464D-01  5.909169651549D-01  5.909106804492D-01  5.909050729457D-01
  5.908993428311D-01  5.908942552412D-01  5.908890131583D-01  5.908843842415D-01
  5.908795737520D-01  5.908753514054D-01  5.908709243318D-01  5.908670639433D-01
  5.908629789085D-01  5.908594420481D-01  5.908556633152D-01  5.908524167021D-01
  5.908489132350D-01  5.908459278925D-01  5.908426726099D-01  5.908399231959D-01
  5.908368923492D-01  5.908343565893D-01  5.908315292694D-01  5.908291875103D-01
  5.908265452239D-01  5.908243800504D-01  5.908219063818D-01  5.908199023041D-01
  5.908175826223D-01  5.908157258099D-01  5.908135470315D-01  5.908118250945D-01
  5.908097754757D-01  5.908081772741D-01  5.908062462400D-01  5.908047617267D-01
  5.908029397227D-01  5.908015598036D-01  5.907998381682D-01  5.907985545888D-01
  5.907969254457D-01  5.907957306833D-01  5.907941868481D-01  5.907930740335D-01
  5.907916089274D-01  5.907905717592D-01  5.907891793422D-01  5.907882120248D-01
  5.907868867302D-01  5.907859839124D-01  5.907847205925D-01  5.907838773165D-01
  5.907826711921D-01  5.907818828463D-01  5.907807294637D-01  5.907799917420D-01
  5.907788869322D-01  5.907781957953D-01  5.907771356395D-01  5.907764872800D-01
  5.907754680767D-01  5.907748588903D-01  5.907738771240D-01  5.907733036786D-01
  5.907723559930D-01  5.907718150024D-01  5.907708981749D-01  5.907703864731D-01
  5.907694973896D-01  5.907690119063D-01  5.907681475361D-01  5.907676852765D-01
  5.907668426517D-01  5.907664006694D-01  5.907655768615D-01  5.907651522401D-01
  5.907643443383D-01  5.907639341670D-01  5.907631392559D-01  5.907627406091D-01
  5.907619557465D-01  5.907615656599D-01  5.907607878540D-01  5.907604033027D-01
  5.907596294887D-01  5.907592473619D-01  5.907584743776D-01  5.907580914546D-01
  5.907573160144D-01  5.907569289380D-01  5.907561476058D-01  5.907557528543D-01
  5.907549620149D-01  5.907545558717D-01  5.907537516997D-01  5.907533302220D-01
  5.907525086486D-01  5.907520676324D-01  5.907512243091D-01  5.907507592522D-01
  5.907498895123D-01  5.907493955729D-01  5.907484943892D-01  5.907479663426D-01
  5.907470282804D-01  5.907464604702D-01  5.907454796381D-01  5.907448659235D-01
  5.907438359172D-01  5.907431696154D-01  5.907420834574D-01  5.907413572798D-01
  5.907402073531D-01  5.907394133357D-01  5.907381913106D-01  5.907373207376D-01
  5.907360174910D-01  5.907350608105D-01  5.907336663379D-01  5.907326130685D-01
  5.907311163864D-01  5.907299550153D-01  5.907283440535D-01  5.907270619237D-01
  5.907253234072D-01  5.907239065929D-01  5.907220259107D-01  5.907204590800D-01
  5.907184201415D-01  5.907166864050D-01  5.907144714804D-01  5.907125522241D-01
  5.907101417689D-01  5.907080164693D-01  5.907053889301D-01  5.907030349504D-01
  5.907001665508D-01  5.906975589159D-01  5.906944234198D-01  5.906915345673D-01
  5.906881030173D-01  5.906849025229D-01  5.906811429521D-01  5.906775972260D-01
  5.906734743382D-01  5.906695462899D-01  5.906650211073D-01  5.906606697748D-01
  5.906556992489D-01  5.906508793891D-01  5.906454159696D-01  5.906400776065D-01
  5.906340687660D-01  5.906281566897D-01  5.906215443982D-01  5.906149976129D-01
  5.906077177562D-01  5.906004688693D-01  5.905924506076D-01  5.905844251545D-01
  5.905755902122D-01  5.905667059105D-01  5.905569677922D-01  5.905471337168D-01
  5.905363968400D-01  5.905255125115D-01  5.905136712484D-01  5.905016256260D-01
  5.904885632442D-01  5.904752336113D-01  5.904608211025D-01  5.904460718359D-01
  5.904301666218D-01  5.904138478305D-01  5.903962923313D-01  5.903782383516D-01
  5.903588584042D-01  5.903388861362D-01  5.903174892447D-01  5.902953963131D-01
  5.902717697146D-01  5.902473324351D-01  5.902212409618D-01  5.901942120922D-01
  5.901653958063D-01  5.901355020598D-01  5.901036736389D-01  5.900706129350D-01
  5.900354547801D-01  5.899988932028D-01  5.899600542406D-01  5.899196226752D-01
  5.898767148204D-01  5.898320052332D-01  5.897845994755D-01  5.897351607984D-01
  5.896827828740D-01  5.896281164513D-01  5.895702420540D-01  5.895097966048D-01
  5.894458460866D-01  5.893790121305D-01  5.893083446372D-01  5.892344483249D-01
  5.891563553057D-01  5.890746515899D-01  5.889883496122D-01  5.888980146878D-01
  5.888026374826D-01  5.887027604156D-01  5.885973500678D-01  5.884869235244D-01
  5.883704207156D-01  5.882483306923D-01  5.881195638908D-01  5.879845783350D-01
  5.878422518163D-01  5.876930080138D-01  5.875356885809D-01  5.873706791733D-01
  5.871967814317D-01  5.870143389078D-01  5.868221089308D-01  5.866203884202D-01
  5.864078856224D-01  5.861848457971D-01  5.859499228093D-01  5.857033046742D-01
  5.854435849886D-01  5.851708883167D-01  5.848837414415D-01  5.845821985742D-01
  5.842647124031D-01  5.839312591045D-01  5.835802091657D-01  5.832114521731D-01
  5.828232673812D-01  5.824154482495D-01  5.819861727266D-01  5.815351275040D-01
  5.810603779788D-01  5.805614921883D-01  5.800364104088D-01  5.794845687292D-01
  5.789037682386D-01  5.782932981892D-01  5.776508047175D-01  5.769754135392D-01
  5.762645981397D-01  5.755173019353D-01  5.747308058561D-01  5.739038498956D-01
  5.730334999984D-01  5.721182689050D-01  5.711549822390D-01  5.701418985387D-01
  5.690755744185D-01  5.679539836559D-01  5.667733812786D-01  5.655314215496D-01
  5.642240208007D-01  5.628484741248D-01  5.614003167394D-01  5.598764391542D-01
  5.582719468007D-01  5.565832733910D-01  5.548050384903D-01  5.529331587177D-01
  5.509617028625D-01  5.488860004947D-01  5.466994941306D-01  5.443968447139D-01
  5.419707802161D-01  5.394151973119D-01  5.367220056441D-01  5.338842248438D-01
  5.308928234894D-01  5.277398103984D-01  5.244150670538D-01  5.209094318031D-01
  5.172115241954D-01  5.133108203502D-01  5.091944672174D-01  5.048503468932D-01
  5.002638782584D-01  4.954210673861D-01  4.903052932889D-01  4.849003407349D-01
  4.791871658860D-01  4.731469067581D-01  4.667576232866D-01  4.599972792451D-01
  4.528404496377D-01  4.452612660175D-01  4.372300819499D-01  4.287163712014D-01
  4.196853391768D-01  4.101007601965D-01  3.999215190610D-01  3.891043693929D-01
  3.776003845948D-01  3.653576131965D-01  3.523174143788D-01  3.384169760595D-01
  3.235854970942D-01  3.077466534405D-01  2.908141632928D-01  2.726945959528D-01
  2.532823283499D-01
