In49 POTENTIAL                      exc: Vosko,Wilk,Nusair      
  2.25914357  6.50000000  2.23392349
  49.00000
   2.46891   0.8856778005   0.8856506271
353
 0.25000000D-01 0.37220196D-03
 9 1
    0  -1.96656160000D+03
    0  -2.87428550000D+02
    0  -5.37136240000D+01
    0  -7.39818510000D+00
    1  -2.68528840000D+02
    1  -4.59639090000D+01
    1  -4.86454470000D+00
    2  -3.15522220000D+01
    2  -7.38539920000D-01
  4.725879640591D+02  4.726143297027D+02  4.726412978586D+02  4.726688749349D+02
  4.726970696198D+02  4.727258957890D+02  4.727553630717D+02  4.727854854658D+02
  4.728162728427D+02  4.728477393530D+02  4.728798950430D+02  4.729127541839D+02
  4.729463269488D+02  4.729806276925D+02  4.730156666664D+02  4.730514582648D+02
  4.730880127644D+02  4.731253445467D+02  4.731634638546D+02  4.732023849957D+02
  4.732421181123D+02  4.732826773688D+02  4.733240727308D+02  4.733663181400D+02
  4.734094232998D+02  4.734534018391D+02  4.734982631028D+02  4.735440203051D+02
  4.735906823240D+02  4.736382618449D+02  4.736867671570D+02  4.737362102886D+02
  4.737865988046D+02  4.738379439327D+02  4.738902523614D+02  4.739435343586D+02
  4.739977955678D+02  4.740530451190D+02  4.741092874238D+02  4.741665302775D+02
  4.742247766607D+02  4.742840328076D+02  4.743443000218D+02  4.744055827536D+02
  4.744678803859D+02  4.745311953114D+02  4.745955247149D+02  4.746608686412D+02
  4.747272217720D+02  4.747945814856D+02  4.748629396279D+02  4.749322905622D+02
  4.750026229344D+02  4.750739277131D+02  4.751461899477D+02  4.752193967988D+02
  4.752935292881D+02  4.753685703192D+02  4.754444964193D+02  4.755212857489D+02
  4.755989098354D+02  4.756773415715D+02  4.757565469396D+02  4.758364929993D+02
  4.759171396024D+02  4.759984473683D+02  4.760803693893D+02  4.761628591951D+02
  4.762458624470D+02  4.763293248911D+02  4.764131840422D+02  4.764973771254D+02
  4.765818327495D+02  4.766664788370D+02  4.767512342876D+02  4.768360168968D+02
  4.769207350095D+02  4.770052954279D+02  4.770895950561D+02  4.771735287975D+02
  4.772569811909D+02  4.773398342994D+02  4.774219593386D+02  4.775032245578D+02
  4.775834868625D+02  4.776625996887D+02  4.777404046221D+02  4.778167392676D+02
  4.778914288667D+02  4.779642941653D+02  4.780351430315D+02  4.781037783250D+02
  4.781699895181D+02  4.782335605704D+02  4.782942615567D+02  4.783518565507D+02
  4.784060952646D+02  4.784567209460D+02  4.785034620342D+02  4.785460400759D+02
  4.785841614035D+02  4.786175250754D+02  4.786458145827D+02  4.786687058210D+02
  4.786858588325D+02  4.786969258159D+02  4.787015429120D+02  4.786993382600D+02
  4.786899238344D+02  4.786729035562D+02  4.786478651902D+02  4.786143885207D+02
  4.785720373175D+02  4.785203675862D+02  4.784589196129D+02  4.783872262979D+02
  4.783048052897D+02  4.782111674125D+02  4.781058088978D+02  4.779882199157D+02
  4.778578769146D+02  4.777142512639D+02  4.775568017111D+02  4.773849831443D+02
  4.771982391728D+02  4.769960110170D+02  4.767777302188D+02  4.765428276620D+02
  4.762907264160D+02  4.760208508900D+02  4.757326198091D+02  4.754254555006D+02
  4.750987770002D+02  4.747520094637D+02  4.743845773955D+02  4.739959141755D+02
  4.735854553957D+02  4.731526484860D+02  4.726969461391D+02  4.722178160117D+02
  4.717147342110D+02  4.711871950400D+02  4.706347045103D+02  4.700567900931D+02
  4.694529942140D+02  4.688228839617D+02  4.681660445124D+02  4.674820887386D+02
  4.667706505016D+02  4.660313940946D+02  4.652640073326D+02  4.644682107551D+02
  4.636437504364D+02  4.627904068663D+02  4.619079873977D+02  4.609963347205D+02
  4.600553188597D+02  4.590848451584D+02  4.580848457433D+02  4.570552869361D+02
  4.559961601123D+02  4.549074884753D+02  4.537893172511D+02  4.526417197875D+02
  4.514647870569D+02  4.502586330674D+02  4.490233837040D+02  4.477591815041D+02
  4.464661739169D+02  4.451445175712D+02  4.437943661265D+02  4.424158742580D+02
  4.410091853819D+02  4.395744357029D+02  4.381117422237D+02  4.366212073332D+02
  4.351029076429D+02  4.335568997180D+02  4.319832103930D+02  4.303818443276D+02
  4.287527764898D+02  4.270959621953D+02  4.254113323429D+02  4.236988063969D+02
  4.219582906440D+02  4.201896941345D+02  4.183929296590D+02  4.165679319673D+02
  4.147146603689D+02  4.128331177032D+02  4.109233526299D+02  4.089854770813D+02
  4.070196657510D+02  4.050261694812D+02  4.030053095467D+02  4.009574849367D+02
  3.988831599686D+02  3.967828647520D+02  3.946571762973D+02  3.925067132422D+02
  3.903321124023D+02  3.881340204397D+02  3.859130690632D+02  3.836698671247D+02
  3.814049779617D+02  3.791189151751D+02  3.768121249188D+02  3.744849875562D+02
  3.721378064036D+02  3.697708160553D+02  3.673841776786D+02  3.649779934867D+02
  3.625523075391D+02  3.601071248990D+02  3.576424161707D+02  3.551581393695D+02
  3.526542461128D+02  3.501307040856D+02  3.475875028000D+02  3.450246746521D+02
  3.424422983705D+02  3.398405169320D+02  3.372195371573D+02  3.345796431636D+02
  3.319211909949D+02  3.292446167625D+02  3.265504257527D+02  3.238391950030D+02
  3.211115569836D+02  3.183681970831D+02  3.156098327624D+02  3.128372072784D+02
  3.100510661480D+02  3.072521494804D+02  3.044411685664D+02  3.016188001353D+02
  2.987856668018D+02  2.959423371996D+02  2.930893142468D+02  2.902270447768D+02
  2.873559184630D+02  2.844762884775D+02  2.815884807496D+02  2.786928229985D+02
  2.757896590759D+02  2.728793786246D+02  2.699624268280D+02  2.670393241740D+02
  2.641106617578D+02  2.611771036425D+02  2.582393640448D+02  2.552981933933D+02
  2.523543433552D+02  2.494085465856D+02  2.464614820742D+02  2.435137616196D+02
  2.405659072157D+02  2.376183532095D+02  2.346714411016D+02  2.317254390119D+02
  2.287805521368D+02  2.258369550937D+02  2.228948117903D+02  2.199543133947D+02
  2.170157000991D+02  2.140792974801D+02  2.111455335166D+02  2.082149675882D+02
  2.052882980032D+02  2.023663799048D+02  1.994502206138D+02  1.965409846857D+02
  1.936399762829D+02  1.907486314787D+02  1.878684884718D+02  1.850011687667D+02
  1.821483375490D+02  1.793116767236D+02  1.764928391490D+02  1.736934179284D+02
  1.709148997045D+02  1.681586363289D+02  1.654258044271D+02  1.627173878941D+02
  1.600341534796D+02  1.573766549772D+02  1.547452361467D+02  1.521400669217D+02
  1.495611805517D+02  1.470085418547D+02  1.444821079892D+02  1.419819048555D+02
  1.395080747112D+02  1.370609163262D+02  1.346408776473D+02  1.322485329343D+02
  1.298845183550D+02  1.275494706965D+02  1.252439501606D+02  1.229683914371D+02
  1.207230574363D+02  1.185080304934D+02  1.163232065551D+02  1.141683208973D+02
  1.120429677205D+02  1.099466416125D+02  1.078787642833D+02  1.058387263883D+02
  1.038259097606D+02  1.018397216557D+02  9.987960765421D+01  9.794507591361D+01
  9.603570014588D+01  9.415113444472D+01  9.229110773074D+01  9.045543107475D+01
  8.864398576843D+01  8.685672542082D+01  8.509365992914D+01  8.335485453911D+01
  8.164041176648D+01  7.995046929112D+01  7.828518149422D+01  7.664471763067D+01
  7.502924420137D+01  7.343892440040D+01  7.187390210573D+01  7.033430318485D+01
  6.882022150809D+01  6.733172235905D+01  6.586883058454D+01  6.443153611660D+01
  6.301978418548D+01  6.163348282275D+01  6.027249497085D+01  5.893664777769D+01
  5.762572639488D+01  5.633948482730D+01  5.507764113009D+01  5.383988942878D+01
  5.262589598587D+01  5.143531166862D+01  5.026776794410D+01  4.912288865562D+01
  4.800028469526D+01  4.689956387562D+01  4.582032329777D+01  4.476215674092D+01
  4.372464467680D+01  4.270735979930D+01  4.170985512166D+01  4.073166936128D+01
  3.977231426201D+01
N_07 POTENTIAL                      exc: Vosko,Wilk,Nusair      
  1.72127726  6.50000000  1.73067725
   7.00000
   2.01081   0.8856778005   0.8856506271
353
 0.25000000D-01 0.30314114D-03
 2 1
    0  -2.69998930000D+01
    0  -4.29582100000D-01
  2.611904919106D+01  2.611943107856D+01  2.611982223638D+01  2.612024858023D+01
  2.612069055059D+01  2.612114597647D+01  2.612161360358D+01  2.612209388849D+01
  2.612258633627D+01  2.612309170494D+01  2.612360964653D+01  2.612414100281D+01
  2.612468548016D+01  2.612524395953D+01  2.612581617820D+01  2.612640304325D+01
  2.612700431525D+01  2.612762092282D+01  2.612825264710D+01  2.612890043665D+01
  2.612956409225D+01  2.613024458197D+01  2.613094172614D+01  2.613165651250D+01
  2.613238878122D+01  2.613313954010D+01  2.613390864968D+01  2.613469713845D+01
  2.613550488794D+01  2.613633294800D+01  2.613718122192D+01  2.613805078167D+01
  2.613894155306D+01  2.613985463102D+01  2.614078996474D+01  2.614174867294D+01
  2.614273072905D+01  2.614373727648D+01  2.614476831397D+01  2.614582501427D+01
  2.614690778554D+01  2.614801742910D+01  2.614915399686D+01  2.615031871208D+01
  2.615151165458D+01  2.615273407598D+01  2.615398608496D+01  2.615526896249D+01
  2.615658284709D+01  2.615792905006D+01  2.615930774072D+01  2.616072026168D+01
  2.616216681403D+01  2.616364877263D+01  2.616516637132D+01  2.616672101815D+01
  2.616831298061D+01  2.616994370091D+01  2.617161348111D+01  2.617332379840D+01
  2.617507499032D+01  2.617686856993D+01  2.617870491101D+01  2.618058556331D+01
  2.618251093765D+01  2.618448262117D+01  2.618650106243D+01  2.618856788664D+01
  2.619068358071D+01  2.619284980846D+01  2.619506709569D+01  2.619733714530D+01
  2.619966052235D+01  2.620203896917D+01  2.620447309033D+01  2.620696466777D+01
  2.620951434568D+01  2.621212394562D+01  2.621479415132D+01  2.621752682376D+01
  2.622032268594D+01  2.622318363782D+01  2.622611044114D+01  2.622910503420D+01
  2.623216821664D+01  2.623530196414D+01  2.623850711313D+01  2.624178567537D+01
  2.624513852260D+01  2.624856770102D+01  2.625207411578D+01  2.625565984543D+01
  2.625932582622D+01  2.626307416650D+01  2.626690583081D+01  2.627082295418D+01
  2.627482652609D+01  2.627891870455D+01  2.628310049999D+01  2.628737408909D+01
  2.629174049850D+01  2.629620191850D+01  2.630075938650D+01  2.630541510051D+01
  2.631017010240D+01  2.631502659109D+01  2.631998560565D+01  2.632504933817D+01
  2.633021881658D+01  2.633549621728D+01  2.634088254761D+01  2.634637995819D+01
  2.635198942507D+01  2.635771306168D+01  2.636355180066D+01  2.636950770540D+01
  2.637558165148D+01  2.638177563785D+01  2.638809046775D+01  2.639452805945D+01
  2.640108912676D+01  2.640777548922D+01  2.641458775211D+01  2.642152761613D+01
  2.642859555681D+01  2.643579313362D+01  2.644312066879D+01  2.645057955579D+01
  2.645816993749D+01  2.646589301396D+01  2.647374871995D+01  2.648173803191D+01
  2.648986064476D+01  2.649811727814D+01  2.650650735230D+01  2.651503129357D+01
  2.652368820940D+01  2.653247819289D+01  2.654139999692D+01  2.655045333776D+01
  2.655963656820D+01  2.656894898015D+01  2.657838847677D+01  2.658795387398D+01
  2.659764257152D+01  2.660745285336D+01  2.661738155758D+01  2.662742637566D+01
  2.663758352119D+01  2.664785002794D+01  2.665822141730D+01  2.666869399516D+01
  2.667926251811D+01  2.668992248902D+01  2.670066782191D+01  2.671149313630D+01
  2.672239142082D+01  2.673335632616D+01  2.674437982745D+01  2.675545451591D+01
  2.676657125995D+01  2.677772149559D+01  2.678889488627D+01  2.680008161209D+01
  2.681127002844D+01  2.682244895414D+01  2.683360532893D+01  2.684472650063D+01
  2.685579788167D+01  2.686680523534D+01  2.687773233156D+01  2.688856323241D+01
  2.689927994732D+01  2.690986471814D+01  2.692029767399D+01  2.693055911612D+01
  2.694062717277D+01  2.695048008414D+01  2.696009385765D+01  2.696944455341D+01
  2.697850594025D+01  2.698725178225D+01  2.699565349602D+01  2.700368243878D+01
  2.701130756754D+01  2.701849772935D+01  2.702521932297D+01  2.703143859204D+01
  2.703711929000D+01  2.704222497696D+01  2.704671668872D+01  2.705055523816D+01
  2.705369888931D+01  2.705610566428D+01  2.705773102334D+01  2.705853017841D+01
  2.705845578028D+01  2.705746023980D+01  2.705549342337D+01  2.705250498303D+01
  2.704844206147D+01  2.704325163228D+01  2.703687821571D+01  2.702926623038D+01
  2.702035772113D+01  2.701009472345D+01  2.699841700470D+01  2.698526444263D+01
  2.697057478115D+01  2.695428602414D+01  2.693633420706D+01  2.691665580708D+01
  2.689518553164D+01  2.687185874585D+01  2.684660927886D+01  2.681937186931D+01
  2.679007999013D+01  2.675866831254D+01  2.672507054950D+01  2.668922193848D+01
  2.665105710345D+01  2.661051255600D+01  2.656752457541D+01  2.652203172731D+01
  2.647397276057D+01  2.642328914203D+01  2.636992296859D+01  2.631381951579D+01
  2.625492516243D+01  2.619318995022D+01  2.612856551762D+01  2.606100766666D+01
  2.599047430179D+01  2.591692799931D+01  2.584033394595D+01  2.576066250526D+01
  2.567788714992D+01  2.559198701842D+01  2.550294483405D+01  2.541074944434D+01
  2.531539371871D+01  2.521687706226D+01  2.511520328333D+01  2.501038307234D+01
  2.490243182968D+01  2.479137209992D+01  2.467723134984D+01  2.456004434767D+01
  2.443985088094D+01  2.431669807009D+01  2.419063801630D+01  2.406173003883D+01
  2.393003824170D+01  2.379563366600D+01  2.365859176610D+01  2.351899446738D+01
  2.337692754377D+01  2.323248257335D+01  2.308575421052D+01  2.293684203375D+01
  2.278584770801D+01  2.263287672158D+01  2.247803543725D+01  2.232143271866D+01
  2.216317687282D+01  2.200337717108D+01  2.184214069109D+01  2.167957374393D+01
  2.151577863135D+01  2.135085499986D+01  2.118489654015D+01  2.101799230246D+01
  2.085022338131D+01  2.068166424622D+01  2.051237947868D+01  2.034242520051D+01
  2.017184596364D+01  2.000067639749D+01  1.982893839602D+01  1.965664315372D+01
  1.948378884492D+01  1.931036326644D+01  1.913634224482D+01  1.896169312824D+01
  1.878637415390D+01  1.861033898617D+01  1.843353717285D+01  1.825591974959D+01
  1.807744065198D+01  1.789806305774D+01  1.771776119856D+01  1.753652664661D+01
  1.735436951828D+01  1.717132354720D+01  1.698744547923D+01  1.680281782950D+01
  1.661754561905D+01  1.643175635880D+01  1.624559415752D+01  1.605921747326D+01
  1.587279158896D+01  1.568648545799D+01  1.550046403351D+01  1.531488567232D+01
  1.512989560133D+01  1.494562487042D+01  1.476218559986D+01  1.457967177927D+01
  1.439815628857D+01  1.421769329871D+01  1.403831666071D+01  1.386004341375D+01
  1.368287301916D+01  1.350679146838D+01  1.333177089969D+01  1.315777390525D+01
  1.298475319686D+01  1.281265584460D+01  1.264142278490D+01  1.247099283675D+01
  1.230130194263D+01  1.213228688900D+01  1.196388423556D+01  1.179603371779D+01
  1.162867685914D+01  1.146176006300D+01  1.129523292433D+01  1.112905103392D+01
  1.096317401671D+01  1.079756807831D+01  1.063220380157D+01  1.046705846712D+01
  1.030211363966D+01  1.013735729290D+01  9.972781214159D+00  9.808382960045D+00
  9.644163102797D+00  9.480127036694D+00  9.316282082399D+00  9.152639155843D+00
  8.989209737565D+00  8.826007405883D+00  8.663044667753D+00  8.500334347349D+00
  8.337886264596D+00  8.175708460837D+00  8.013803704631D+00  7.852170531199D+00
  7.690799554162D+00  7.529674359022D+00  7.368767427888D+00  7.208041101675D+00
  7.047443148380D+00
Vac0 POTENTIAL                      exc: Vosko,Wilk,Nusair      
  2.25914357  6.50000000  2.23392349
   0.00000
   2.46891   0.8856778005   0.8856506271
353
 0.25000000D-01 0.37220196D-03
 0 1
  8.331148834127D-01  8.330880335930D-01  8.330597124853D-01  8.330515463873D-01
  8.330469268184D-01  8.330449543033D-01  8.330433003333D-01  8.330432151845D-01
  8.330429890073D-01  8.330441146139D-01  8.330449981803D-01  8.330471966439D-01
  8.330491565355D-01  8.330524635073D-01  8.330555867724D-01  8.330601317819D-01
  8.330645865299D-01  8.330705753906D-01  8.330766062437D-01  8.330843250329D-01
  8.330922635332D-01  8.331020944753D-01  8.331123800097D-01  8.331248274686D-01
  8.331380386420D-01  8.331537664570D-01  8.331706652328D-01  8.331905485885D-01
  8.332121410962D-01  8.332373377874D-01  8.332649577410D-01  8.332970058235D-01
  8.333324289259D-01  8.333733808029D-01  8.334189819576D-01  8.334715887595D-01
  8.335305562778D-01  8.335984100529D-01  8.336677208300D-01  8.336978620863D-01
  8.336691433020D-01  8.336427021932D-01  8.336168676337D-01  8.335931052829D-01
  8.335697629619D-01  8.335483231378D-01  8.335271485833D-01  8.335077351048D-01
  8.334884574131D-01  8.334708220040D-01  8.334532131998D-01  8.334371461641D-01
  8.334210130275D-01  8.334063360205D-01  8.333915136840D-01  8.333780740625D-01
  8.333644209885D-01  8.333520873292D-01  8.333394813145D-01  8.333281398390D-01
  8.333164748196D-01  8.333060265250D-01  8.332952099771D-01  8.332855683032D-01
  8.332755191529D-01  8.332666080769D-01  8.332572549672D-01  8.332490074431D-01
  8.332402873134D-01  8.332326439749D-01  8.332245008841D-01  8.332174089691D-01
  8.332097931080D-01  8.332032055540D-01  8.331960724189D-01  8.331899471073D-01
  8.331832568045D-01  8.331775559184D-01  8.331712725732D-01  8.331659620528D-01
  8.331600533032D-01  8.331551023793D-01  8.331495389487D-01  8.331449197456D-01
  8.331396750731D-01  8.331353622624D-01  8.331304121808D-01  8.331263826865D-01
  8.331217051453D-01  8.331179378858D-01  8.331135127142D-01  8.331099883744D-01
  8.331057970663D-01  8.331024979031D-01  8.330985234341D-01  8.330954331024D-01
  8.330916597664D-01  8.330887631639D-01  8.330851764298D-01  8.330824595623D-01
  8.330790459434D-01  8.330764958037D-01  8.330732427448D-01  8.330708472024D-01
  8.330677429739D-01  8.330654906794D-01  8.330625242869D-01  8.330604045787D-01
  8.330575656764D-01  8.330555685038D-01  8.330528473149D-01  8.330509631599D-01
  8.330483504083D-01  8.330465702182D-01  8.330440570589D-01  8.330423721807D-01
  8.330399501376D-01  8.330383522572D-01  8.330360131641D-01  8.330344942489D-01
  8.330322301922D-01  8.330307824338D-01  8.330285856976D-01  8.330272014593D-01
  8.330250644722D-01  8.330237362345D-01  8.330216515160D-01  8.330203718248D-01
  8.330183319333D-01  8.330170933465D-01  8.330150908261D-01  8.330138858599D-01
  8.330119131861D-01  8.330107342610D-01  8.330087837851D-01  8.330076231689D-01
  8.330056870606D-01  8.330045368101D-01  8.330026069971D-01  8.330014588955D-01
  8.329995270007D-01  8.329983724934D-01  8.329964297668D-01  8.329952598913D-01
  8.329932971393D-01  8.329921024513D-01  8.329901099595D-01  8.329888804532D-01
  8.329868479031D-01  8.329855729253D-01  8.329834893056D-01  8.329821574627D-01
  8.329800109718D-01  8.329786100279D-01  8.329763879684D-01  8.329749047360D-01
  8.329725933995D-01  8.329710136178D-01  8.329685981593D-01  8.329669063638D-01
  8.329643706631D-01  8.329625500406D-01  8.329598765516D-01  8.329579087819D-01
  8.329550783666D-01  8.329529434485D-01  8.329499351946D-01  8.329476112544D-01
  8.329444022748D-01  8.329418653562D-01  8.329384305673D-01  8.329356543993D-01
  8.329319662786D-01  8.329289220200D-01  8.329249503374D-01  8.329216062952D-01
  8.329173178172D-01  8.329136391361D-01  8.329089972999D-01  8.329049456197D-01
  8.328999101730D-01  8.328954432501D-01  8.328899698542D-01  8.328850411446D-01
  8.328790809352D-01  8.328736391339D-01  8.328671382376D-01  8.328611267692D-01
  8.328540257685D-01  8.328473822258D-01  8.328396155686D-01  8.328322710914D-01
  8.328237664385D-01  8.328156450288D-01  8.328063225336D-01  8.327973402975D-01
  8.327871118099D-01  8.327771761210D-01  8.327659443076D-01  8.327549528827D-01
  8.327426102550D-01  8.327304501323D-01  8.327168779730D-01  8.327034243831D-01
  8.326884915591D-01  8.326736066777D-01  8.326571683292D-01  8.326406998984D-01
  8.326225959889D-01  8.326043757938D-01  8.325844295089D-01  8.325642716936D-01
  8.325422876710D-01  8.325199868775D-01  8.324957492498D-01  8.324710785615D-01
  8.324443487945D-01  8.324170574622D-01  8.323875719643D-01  8.323573828938D-01
  8.323248503740D-01  8.322914573483D-01  8.322555558962D-01  8.322186205048D-01
  8.321789943622D-01  8.321381426075D-01  8.320943985997D-01  8.320492171447D-01
  8.320009207361D-01  8.319509527566D-01  8.318976236887D-01  8.318423642877D-01
  8.317834717582D-01  8.317223628960D-01  8.316573202273D-01  8.315897451161D-01
  8.315179038616D-01  8.314431807675D-01  8.313638241939D-01  8.312811995839D-01
  8.311935354647D-01  8.311021764275D-01  8.310053290728D-01  8.309043149381D-01
  8.307973163808D-01  8.306856294493D-01  8.305674096965D-01  8.304439249874D-01
  8.303133012368D-01  8.301767751461D-01  8.300324398569D-01  8.298814976101D-01
  8.297220053055D-01  8.295551270747D-01  8.293788797378D-01  8.291943852796D-01
  8.289996161918D-01  8.287956478437D-01  8.285804036964D-01  8.283549075557D-01
  8.281170286459D-01  8.278677337309D-01  8.276048320321D-01  8.273292272038D-01
  8.270386620774D-01  8.267339704751D-01  8.264128217611D-01  8.260759724750D-01
  8.257210106686D-01  8.253486073392D-01  8.249562605265D-01  8.245445465232D-01
  8.241108637054D-01  8.236556834936D-01  8.231762938857D-01  8.226730501394D-01
  8.221431179728D-01  8.215867239344D-01  8.210008982310D-01  8.203857247479D-01
  8.197380834585D-01  8.190579000499D-01  8.183418878620D-01  8.175897970685D-01
  8.167981560844D-01  8.159665202425D-01  8.150912126000D-01  8.141715720408D-01
  8.132036933978D-01  8.121866749002D-01  8.111163575129D-01  8.099915716311D-01
  8.088078755217D-01  8.075638011460D-01  8.062545915641D-01  8.048784457433D-01
  8.034302547561D-01  8.019078453995D-01  8.003057149801D-01  7.986212735289D-01
  7.968485769188D-01  7.949845674075D-01  7.930228047723D-01  7.909597048457D-01
  7.887882682745D-01  7.865043166267D-01  7.841002182816D-01  7.815711215774D-01
  7.789086772098D-01  7.761072677466D-01  7.731577257507D-01  7.700535588065D-01
  7.667846623725D-01  7.633435392315D-01  7.597190058130D-01  7.559024046815D-01
  7.518813027276D-01  7.476456949310D-01  7.431816923853D-01  7.384777150876D-01
  7.335181672100D-01  7.282896160510D-01  7.227744512600D-01  7.169570462956D-01
  7.108173974106D-01  7.043372629498D-01  6.974937767486D-01  6.902655593086D-01
  6.826262987831D-01  6.745508264053D-01  6.660086563390D-01  6.569700156003D-01
  6.473993316254D-01  6.372612042020D-01  6.265138265168D-01  6.151148831542D-01
  6.030148864942D-01  5.901629805112D-01  5.765001695734D-01  5.619650024885D-01
  5.464866649743D-01  5.299905122002D-01  5.123909895909D-01  4.935969754212D-01
  4.735044878608D-01  4.520017918947D-01  4.289618496867D-01  4.042471358959D-01
  3.777017798208D-01  3.491562363930D-01  3.184184686098D-01  2.852790307826D-01
  2.495014992231D-01
Vac0 POTENTIAL                      exc: Vosko,Wilk,Nusair      
  1.72127726  6.50000000  1.73067725
   0.00000
   2.01081   0.8856778005   0.8856506271
353
 0.25000000D-01 0.30314114D-03
 0 1
  6.288066268609D-01  6.287660952571D-01  6.287241211743D-01  6.287114034350D-01
  6.287043448918D-01  6.287001356741D-01  6.286968194656D-01  6.286947407020D-01
  6.286928383081D-01  6.286918025191D-01  6.286907329385D-01  6.286904047707D-01
  6.286899671532D-01  6.286902264488D-01  6.286903529365D-01  6.286911682740D-01
  6.286918545786D-01  6.286932432510D-01  6.286945249444D-01  6.286965389568D-01
  6.286984836032D-01  6.287012059454D-01  6.287039123516D-01  6.287074584830D-01
  6.287110600610D-01  6.287155830179D-01  6.287202545147D-01  6.287259532901D-01
  6.287319209029D-01  6.287390523970D-01  6.287466078300D-01  6.287555033025D-01
  6.287650228681D-01  6.287761100572D-01  6.287880803270D-01  6.288019131837D-01
  6.288169650563D-01  6.288342435023D-01  6.288515421479D-01  6.288579042115D-01
  6.288488926488D-01  6.288407562899D-01  6.288326393653D-01  6.288253340442D-01
  6.288179904096D-01  6.288114058155D-01  6.288047349678D-01  6.287987793471D-01
  6.287926973406D-01  6.287872937383D-01  6.287817299028D-01  6.287768133010D-01
  6.287717077092D-01  6.287672227842D-01  6.287625242862D-01  6.287584236692D-01
  6.287540883336D-01  6.287503312234D-01  6.287463211021D-01  6.287428721624D-01
  6.287391543056D-01  6.287359827700D-01  6.287325284218D-01  6.287296073823D-01
  6.287263913315D-01  6.287236971403D-01  6.287206971832D-01  6.287182089731D-01
  6.287154054755D-01  6.287131047563D-01  6.287104802879D-01  6.287083506111D-01
  6.287058896418D-01  6.287039163246D-01  6.287016049595D-01  6.286997748468D-01
  6.286976006181D-01  6.286959018848D-01  6.286938535643D-01  6.286922755403D-01
  6.286903429848D-01  6.286888760159D-01  6.286870500290D-01  6.286856853508D-01
  6.286839575705D-01  6.286826871990D-01  6.286810499965D-01  6.286798666350D-01
  6.286783130273D-01  6.286772099876D-01  6.286757335627D-01  6.286747046914D-01
  6.286732995379D-01  6.286723391544D-01  6.286709998088D-01  6.286701026499D-01
  6.286688240379D-01  6.286679852082D-01  6.286667626020D-01  6.286659775296D-01
  6.286648065041D-01  6.286640709018D-01  6.286629472968D-01  6.286622571234D-01
  6.286611770098D-01  6.286605284393D-01  6.286594880858D-01  6.286588774752D-01
  6.286578733202D-01  6.286572971822D-01  6.286563258050D-01  6.286557807794D-01
  6.286548388744D-01  6.286543217042D-01  6.286534060570D-01  6.286529135623D-01
  6.286520210227D-01  6.286515500788D-01  6.286506775402D-01  6.286502250521D-01
  6.286493694264D-01  6.286489323062D-01  6.286480905008D-01  6.286476656454D-01
  6.286468345387D-01  6.286464188039D-01  6.286455952229D-01  6.286451854000D-01
  6.286443660946D-01  6.286439588847D-01  6.286431405011D-01  6.286427324891D-01
  6.286419115430D-01  6.286414991691D-01  6.286406720174D-01  6.286402515470D-01
  6.286394143567D-01  6.286389818498D-01  6.286381305653D-01  6.286376818417D-01
  6.286368121491D-01  6.286363427524D-01  6.286354500423D-01  6.286349551994D-01
  6.286340345250D-01  6.286335091041D-01  6.286325551364D-01  6.286319935991D-01
  6.286310005780D-01  6.286303969291D-01  6.286293586101D-01  6.286287063410D-01
  6.286276159362D-01  6.286269079641D-01  6.286257580785D-01  6.286249866786D-01
  6.286237692394D-01  6.286229259715D-01  6.286216321507D-01  6.286207077778D-01
  6.286193279071D-01  6.286183123061D-01  6.286168357830D-01  6.286157178461D-01
  6.286141330307D-01  6.286129005572D-01  6.286111946582D-01  6.286098342350D-01
  6.286079931842D-01  6.286064900535D-01  6.286044983673D-01  6.286028362816D-01
  6.286006769085D-01  6.285988379699D-01  6.285964921212D-01  6.285944566040D-01
  6.285919035682D-01  6.285896497236D-01  6.285868666603D-01  6.285843705000D-01
  6.285813322135D-01  6.285785672711D-01  6.285752459589D-01  6.285721830267D-01
  6.285685480028D-01  6.285651548403D-01  6.285611722294D-01  6.285574132417D-01
  6.285530456406D-01  6.285488815231D-01  6.285440876274D-01  6.285394749729D-01
  6.285342091644D-01  6.285291000294D-01  6.285233119195D-01  6.285176533445D-01
  6.285112872705D-01  6.285050207503D-01  6.284980152180D-01  6.284910761159D-01
  6.284833631844D-01  6.284756800848D-01  6.284671846855D-01  6.284586786792D-01
  6.284493178642D-01  6.284399017569D-01  6.284295838673D-01  6.284191613062D-01
  6.284077850540D-01  6.283962495617D-01  6.283837030134D-01  6.283709369201D-01
  6.283570963746D-01  6.283429696378D-01  6.283276983851D-01  6.283120672848D-01
  6.282952142344D-01  6.282779199304D-01  6.282593180943D-01  6.282401850319D-01
  6.282196498480D-01  6.281984839947D-01  6.281758114730D-01  6.281523983691D-01
  6.281273630419D-01  6.281014656454D-01  6.280738183009D-01  6.280451746042D-01
  6.280146397805D-01  6.279829601749D-01  6.279492333883D-01  6.279141977496D-01
  6.278769424301D-01  6.278381968954D-01  6.277970409966D-01  6.277541943994D-01
  6.277087266494D-01  6.276613465759D-01  6.276111123293D-01  6.275587207566D-01
  6.275032174068D-01  6.274452858761D-01  6.273839577782D-01  6.273199020552D-01
  6.272521349088D-01  6.271813090738D-01  6.271064237061D-01  6.270281136142D-01
  6.269453590991D-01  6.268587751399D-01  6.267673211804D-01  6.266715902629D-01
  6.265705187566D-01  6.264646754335D-01  6.263529711320D-01  6.262359477692D-01
  6.261124879318D-01  6.259831038178D-01  6.258466467472D-01  6.257035960253D-01
  6.255527683633D-01  6.253946066547D-01  6.252278892969D-01  6.250530188696D-01
  6.248687313458D-01  6.246753846625D-01  6.244716678080D-01  6.242578892719D-01
  6.240326859952D-01  6.237963116852D-01  6.235473456124D-01  6.232859807753D-01
  6.230107325256D-01  6.227217265647D-01  6.224174073778D-01  6.220978260411D-01
  6.217613484422D-01  6.214079428761D-01  6.210358880239D-01  6.206450603125D-01
  6.202336416230D-01  6.198014063828D-01  6.193464289701D-01  6.188683705053D-01
  6.183651859122D-01  6.178364103692D-01  6.172798659835D-01  6.166949478559D-01
  6.160793303177D-01  6.154322525562D-01  6.147512243541D-01  6.140353112159D-01
  6.132818395396D-01  6.124896811731D-01  6.116559579372D-01  6.107793255276D-01
  6.098566772942D-01  6.088864273894D-01  6.078652136913D-01  6.067911800803D-01
  6.056606783719D-01  6.044715495812D-01  6.032198247046D-01  6.019030048030D-01
  6.005167604402D-01  5.990582103790D-01  5.975226194435D-01  5.959066755786D-01
  5.942051858528D-01  5.924143515756D-01  5.905284620926D-01  5.885431675860D-01
  5.864521702339D-01  5.842504942278D-01  5.819311737674D-01  5.794885197158D-01
  5.769148037694D-01  5.742035210279D-01  5.713460695134D-01  5.683350077461D-01
  5.651607285751D-01  5.618147106112D-01  5.582861850603D-01  5.545653795590D-01
  5.506401763495D-01  5.464993466678D-01  5.421291981461D-01  5.375167973908D-01
  5.326466039131D-01  5.275036778671D-01  5.220702970465D-01  5.163291458899D-01
  5.102599110868D-01  5.038424468260D-01  4.970533432590D-01  4.898690614876D-01
  4.822624674349D-01  4.742059281304D-01  4.656678013135D-01  4.566154820345D-01
  4.470118354019D-01  4.368181791970D-01  4.259906433616D-01  4.144830700349D-01
  4.022432784603D-01  3.892158577367D-01  3.753383121391D-01  3.605437112257D-01
  3.447566770421D-01  3.278959948888D-01  3.098699177180D-01  2.905791981194D-01
  2.699117275091D-01
