In49 POTENTIAL                      exc: Vosko,Wilk,Nusair      
  2.20033126  6.33750000  2.17664358
  49.00000
   2.40560   0.9811933686   0.9240466067
353
 0.25000000D-01 0.36265835D-03
 9 1
    0  -1.96656160000D+03
    0  -2.87428550000D+02
    0  -5.37136240000D+01
    0  -7.39818510000D+00
    1  -2.68528840000D+02
    1  -4.59639090000D+01
    1  -4.86454470000D+00
    2  -3.15522220000D+01
    2  -7.38539920000D-01
  4.726906034857D+02  4.727162941453D+02  4.727425734476D+02  4.727694480776D+02
  4.727969265386D+02  4.728250225793D+02  4.728537456583D+02  4.728831096601D+02
  4.729131242968D+02  4.729438036215D+02  4.729751575360D+02  4.730072002319D+02
  4.730399417557D+02  4.730733964033D+02  4.731075743210D+02  4.731424898679D+02
  4.731781532411D+02  4.732145788140D+02  4.732517767792D+02  4.732897614681D+02
  4.733285430061D+02  4.733681356176D+02  4.734085492897D+02  4.734497980656D+02
  4.734918917140D+02  4.735348440120D+02  4.735786644196D+02  4.736233663523D+02
  4.736689588592D+02  4.737154548869D+02  4.737628629588D+02  4.738111954315D+02
  4.738604601749D+02  4.739106688203D+02  4.739618284407D+02  4.740139497912D+02
  4.740670389884D+02  4.741211057429D+02  4.741761550378D+02  4.742321953528D+02
  4.742892303494D+02  4.743472670609D+02  4.744063075924D+02  4.744663573206D+02
  4.745274165633D+02  4.745894887796D+02  4.746525722358D+02  4.747166681973D+02
  4.747817725887D+02  4.748478841777D+02  4.749149962298D+02  4.749831046828D+02
  4.750521997953D+02  4.751222743123D+02  4.751933151066D+02  4.752653113348D+02
  4.753382460716D+02  4.754121044555D+02  4.754868653152D+02  4.755625093048D+02
  4.756390105224D+02  4.757163446341D+02  4.757944804832D+02  4.758733882043D+02
  4.759530308225D+02  4.760333723558D+02  4.761143694053D+02  4.761959792461D+02
  4.762781514067D+02  4.763608357488D+02  4.764439740367D+02  4.765275080046D+02
  4.766113709165D+02  4.766954956217D+02  4.767798061039D+02  4.768642255260D+02
  4.769486677687D+02  4.770330454645D+02  4.771172615270D+02  4.772012171736D+02
  4.772848034467D+02  4.773679092268D+02  4.774504127449D+02  4.775321895881D+02
  4.776131042047D+02  4.776930179028D+02  4.777717803503D+02  4.778492375685D+02
  4.779252234282D+02  4.779995676409D+02  4.780720872541D+02  4.781425946415D+02
  4.782108890009D+02  4.782767643475D+02  4.783400010163D+02  4.784003736626D+02
  4.784576427739D+02  4.785115626808D+02  4.785618730834D+02  4.786083070777D+02
  4.786505827008D+02  4.786884109796D+02  4.787214875007D+02  4.787495004865D+02
  4.787721223972D+02  4.787890180413D+02  4.787998362166D+02  4.788042178630D+02
  4.788017877504D+02  4.787921626821D+02  4.787749432380D+02  4.787497220375D+02
  4.787160755472D+02  4.786735724124D+02  4.786217653388D+02  4.785601995029D+02
  4.784884045167D+02  4.784059029265D+02  4.783122022719D+02  4.782068036817D+02
  4.780891940361D+02  4.779588546707D+02  4.778152536499D+02  4.776578545875D+02
  4.774861090400D+02  4.772994654506D+02  4.770973616695D+02  4.768792340268D+02
  4.766445099842D+02  4.763926173402D+02  4.761229770154D+02  4.758350123904D+02
  4.755281422231D+02  4.752017901158D+02  4.748553775589D+02  4.744883335196D+02
  4.741000876012D+02  4.736900797398D+02  4.732577534630D+02  4.728025656750D+02
  4.723239799909D+02  4.718214765838D+02  4.712945455643D+02  4.707426968536D+02
  4.701654535699D+02  4.695623618846D+02  4.689329843666D+02  4.682769097694D+02
  4.675937462770D+02  4.668831311600D+02  4.661447238569D+02  4.653782154294D+02
  4.645833214049D+02  4.637597909536D+02  4.629073994112D+02  4.620259570944D+02
  4.611153014194D+02  4.601753052697D+02  4.592058686253D+02  4.582069264003D+02
  4.571784395021D+02  4.561204020646D+02  4.550328318716D+02  4.539157769272D+02
  4.527693052064D+02  4.515935105339D+02  4.503885016476D+02  4.491544074166D+02
  4.478913652677D+02  4.465995258209D+02  4.452790408072D+02  4.439300672923D+02
  4.425527553082D+02  4.411472519461D+02  4.397136890446D+02  4.382521875601D+02
  4.367628457855D+02  4.352457445390D+02  4.337009365144D+02  4.321284529359D+02
  4.305282947221D+02  4.289004412946D+02  4.272448442135D+02  4.255614387279D+02
  4.238501403457D+02  4.221108594017D+02  4.203435005863D+02  4.185479802392D+02
  4.167242281704D+02  4.148722065970D+02  4.129919127455D+02  4.110833975130D+02
  4.091467665914D+02  4.071821963713D+02  4.051899310435D+02  4.031702933370D+02
  4.011236755455D+02  3.990505436152D+02  3.969514213590D+02  3.948268880293D+02
  3.926775567699D+02  3.905040675915D+02  3.883070627177D+02  3.860871781536D+02
  3.838450193998D+02  3.815811551088D+02  3.792960964286D+02  3.769902955636D+02
  3.746641309673D+02  3.723179123358D+02  3.699518724617D+02  3.675661787828D+02
  3.651609313951D+02  3.627361801283D+02  3.602919272693D+02  3.578281484064D+02
  3.553447978993D+02  3.528418314123D+02  3.503192120164D+02  3.477769323259D+02
  3.452150192266D+02  3.426335537324D+02  3.400326726021D+02  3.374125843690D+02
  3.347735665166D+02  3.321159765602D+02  3.294402439231D+02  3.267468755037D+02
  3.240364419875D+02  3.213095779818D+02  3.185669632242D+02  3.158093181672D+02
  3.130373813934D+02  3.102519024696D+02  3.074536179201D+02  3.046432441469D+02
  3.018214552599D+02  2.989888797836D+02  2.961460842900D+02  2.932935778565D+02
  2.904318051431D+02  2.875611614777D+02  2.846819969655D+02  2.817946419532D+02
  2.788994196060D+02  2.759966765982D+02  2.730867964930D+02  2.701702260349D+02
  2.672474788194D+02  2.643191472797D+02  2.613858890225D+02  2.584484206790D+02
  2.555074878275D+02  2.525638464983D+02  2.496182265543D+02  2.466713132714D+02
  2.437237172255D+02  2.407759677463D+02  2.378284983883D+02  2.348816577702D+02
  2.319357123879D+02  2.289908731949D+02  2.260473114112D+02  2.231051946513D+02
  2.201647084991D+02  2.172260946651D+02  2.142896710744D+02  2.113558653842D+02
  2.084252277980D+02  2.054984551614D+02  2.025763927336D+02  1.996600461281D+02
  1.967505702494D+02  1.938492682601D+02  1.909575677461D+02  1.880770074951D+02
  1.852092024926D+02  1.823558208048D+02  1.795185403621D+02  1.766990196190D+02
  1.738988504956D+02  1.711195279864D+02  1.683624053509D+02  1.656286698436D+02
  1.629193085604D+02  1.602350999996D+02  1.575766014058D+02  1.549441674893D+02
  1.523379696680D+02  1.497580490054D+02  1.472043676824D+02  1.446768859868D+02
  1.421756225880D+02  1.397007191658D+02  1.372524651904D+02  1.348313080819D+02
  1.324378149979D+02  1.300726254642D+02  1.277363739205D+02  1.254296286314D+02
  1.231528258139D+02  1.209062390089D+02  1.186899531980D+02  1.165038747563D+02
  1.143477403677D+02  1.122211527314D+02  1.101236055465D+02  1.080545266258D+02
  1.060133034365D+02  1.039993218416D+02  1.020119841352D+02  1.000507384829D+02
  9.811508696451D+01  9.620460506565D+01  9.431894025987D+01  9.245782292314D+01
  9.062105736348D+01  8.880852631009D+01  8.702017666788D+01  8.525601985817D+01
  8.351611449479D+01  8.180056463360D+01  8.010950124911D+01  7.844308006666D+01
  7.680146329427D+01  7.518481826697D+01  7.359330044162D+01  7.202705364750D+01
  7.048619494097D+01  6.897081688027D+01  6.748097450353D+01  6.601668976169D+01
  6.457794065227D+01  6.316466776716D+01  6.177676548861D+01  6.041409052659D+01
  5.907645503080D+01  5.776363694689D+01  5.647537482994D+01  5.521137971940D+01
  5.397133121186D+01  5.275489020473D+01  5.156169531847D+01  5.039137532818D+01
  4.924354454244D+01  4.811781345916D+01  4.701378178287D+01  4.593104635743D+01
  4.486919144305D+01  4.382779434510D+01  4.280641325216D+01  4.180459243141D+01
  4.082184896456D+01
N_07 POTENTIAL                      exc: Vosko,Wilk,Nusair      
  1.68057905  6.33750000  1.68945972
   7.00000
   1.96292   0.9811933686   0.9240466067
353
 0.25000000D-01 0.29592158D-03
 2 1
    0  -2.69998930000D+01
    0  -4.29582100000D-01
  2.622127578920D+01  2.622164794842D+01  2.622202910639D+01  2.622244507216D+01
  2.622287634355D+01  2.622332082307D+01  2.622377719605D+01  2.622424597528D+01
  2.622472660035D+01  2.622521988334D+01  2.622572540968D+01  2.622624407444D+01
  2.622677551682D+01  2.622732067061D+01  2.622787920547D+01  2.622845208092D+01
  2.622903898954D+01  2.622964091202D+01  2.623025756112D+01  2.623088993709D+01
  2.623153777196D+01  2.623220208514D+01  2.623288262782D+01  2.623358043865D+01
  2.623429528831D+01  2.623502823513D+01  2.623577906973D+01  2.623654887072D+01
  2.623733744933D+01  2.623814590511D+01  2.623897407061D+01  2.623982306708D+01
  2.624069274918D+01  2.624158426068D+01  2.624249747915D+01  2.624343357175D+01
  2.624439243983D+01  2.624537527477D+01  2.624638200280D+01  2.624741384482D+01
  2.624847113373D+01  2.624955471945D+01  2.625066458044D+01  2.625180198649D+01
  2.625296694347D+01  2.625416074910D+01  2.625538343761D+01  2.625663633558D+01
  2.625791950663D+01  2.625923430715D+01  2.626058083110D+01  2.626196046570D+01
  2.626337333619D+01  2.626482086160D+01  2.626630319941D+01  2.626782180139D+01
  2.626937685824D+01  2.627096985538D+01  2.627260101766D+01  2.627427186508D+01
  2.627598265750D+01  2.627773495035D+01  2.627952903939D+01  2.628136651631D+01
  2.628324771353D+01  2.628517425980D+01  2.628714652492D+01  2.628916617538D+01
  2.629123361905D+01  2.629335056077D+01  2.629551744702D+01  2.629773602152D+01
  2.630000676983D+01  2.630233147491D+01  2.630471066173D+01  2.630714615280D+01
  2.630963851265D+01  2.631218960341D+01  2.631480002922D+01  2.631747169173D+01
  2.632020523448D+01  2.632300259836D+01  2.632586446592D+01  2.632879281672D+01
  2.633178837164D+01  2.633485314811D+01  2.633798790436D+01  2.634119469458D+01
  2.634447431306D+01  2.634782884925D+01  2.635125913183D+01  2.635476728364D+01
  2.635835416563D+01  2.636202193174D+01  2.636577147262D+01  2.636960497046D+01
  2.637352334255D+01  2.637752879591D+01  2.638162227078D+01  2.638580599503D+01
  2.639008092749D+01  2.639444931218D+01  2.639891212144D+01  2.640347160995D+01
  2.640812875768D+01  2.641288582363D+01  2.641774378861D+01  2.642270490868D+01
  2.642777015768D+01  2.643294178042D+01  2.643822073488D+01  2.644360924514D+01
  2.644910824323D+01  2.645471992177D+01  2.646044517544D+01  2.646628615323D+01
  2.647224369959D+01  2.647831990627D+01  2.648451555302D+01  2.649083265902D+01
  2.649727192312D+01  2.650383527479D+01  2.651052331388D+01  2.651733786106D+01
  2.652427939703D+01  2.653134961239D+01  2.653854884630D+01  2.654587863572D+01
  2.655333915342D+01  2.656093175665D+01  2.656865642439D+01  2.657651430533D+01
  2.658450515441D+01  2.659262988006D+01  2.660088797991D+01  2.660928008725D+01
  2.661780540590D+01  2.662646425578D+01  2.663525550696D+01  2.664417912421D+01
  2.665323360015D+01  2.666241849884D+01  2.667173188791D+01  2.668117288112D+01
  2.669073906939D+01  2.670042906233D+01  2.671023991817D+01  2.672016968410D+01
  2.673021482506D+01  2.674037276289D+01  2.675063930396D+01  2.676101117704D+01
  2.677148345973D+01  2.678205211503D+01  2.679271141652D+01  2.680345648369D+01
  2.681428070575D+01  2.682517827569D+01  2.683614161285D+01  2.684716389562D+01
  2.685823648273D+01  2.686935144472D+01  2.688049898391D+01  2.689166996468D+01
  2.690285333222D+01  2.691403864164D+01  2.692521347557D+01  2.693636597221D+01
  2.694748224190D+01  2.695854889424D+01  2.696955045375D+01  2.698047188619D+01
  2.699129601360D+01  2.700200603994D+01  2.701258296569D+01  2.702300811324D+01
  2.703326054121D+01  2.704331956984D+01  2.705316219551D+01  2.706276561643D+01
  2.707210464773D+01  2.708115424795D+01  2.708988693512D+01  2.709827531457D+01
  2.710628949657D+01  2.711389962600D+01  2.712107330218D+01  2.712777811108D+01
  2.713397904806D+01  2.713964105333D+01  2.714472643841D+01  2.714919742566D+01
  2.715301357935D+01  2.715613435023D+01  2.715851651206D+01  2.716011671233D+01
  2.716088891532D+01  2.716078695989D+01  2.715976201038D+01  2.715776512262D+01
  2.715474470374D+01  2.715064908773D+01  2.714542400538D+01  2.713901517065D+01
  2.713136576209D+01  2.712241902128D+01  2.711211574694D+01  2.710039690685D+01
  2.708720114598D+01  2.707246741298D+01  2.705613248361D+01  2.703813360309D+01
  2.701840602583D+01  2.699688567472D+01  2.697350669816D+01  2.694820414707D+01
  2.692091155010D+01  2.689156360893D+01  2.686009379204D+01  2.682643704868D+01
  2.679052742133D+01  2.675230077822D+01  2.671169244408D+01  2.666863995070D+01
  2.662308068514D+01  2.657495465710D+01  2.652420216316D+01  2.647076656919D+01
  2.641459198842D+01  2.635562607631D+01  2.629381771957D+01  2.622911984014D+01
  2.616148709129D+01  2.609087866652D+01  2.601725599804D+01  2.594058556541D+01
  2.586083659074D+01  2.577798384093D+01  2.569200531303D+01  2.560288502293D+01
  2.551061067335D+01  2.541517642102D+01  2.531658051884D+01  2.521482805271D+01
  2.510992854861D+01  2.500189866954D+01  2.489075977776D+01  2.477654058164D+01
  2.465927464280D+01  2.453900296254D+01  2.441577142309D+01  2.428963330393D+01
  2.416064664653D+01  2.402887668931D+01  2.389439314731D+01  2.375727255645D+01
  2.361759545847D+01  2.347544864653D+01  2.333092224785D+01  2.318411186399D+01
  2.303511554565D+01  2.288403582325D+01  2.273097657101D+01  2.257604492645D+01
  2.241934804435D+01  2.226099490809D+01  2.210109297876D+01  2.193974990673D+01
  2.177707008797D+01  2.161315629208D+01  2.144810614727D+01  2.128201371249D+01
  2.111496592607D+01  2.094704416626D+01  2.077832071874D+01  2.060886039374D+01
  2.043871709634D+01  2.026793560234D+01  2.009654835431D+01  1.992457754238D+01
  1.975203229696D+01  1.957891127018D+01  1.940520044326D+01  1.923087644275D+01
  1.905590520170D+01  1.888024623692D+01  1.870385235187D+01  1.852667499121D+01
  1.834866498966D+01  1.816977885260D+01  1.798998020301D+01  1.780924641422D+01
  1.762756994859D+01  1.744496433005D+01  1.726146422386D+01  1.707712956934D+01
  1.689204333242D+01  1.670631299337D+01  1.652006556397D+01  1.633344650568D+01
  1.614661258727D+01  1.595972924885D+01  1.577296262715D+01  1.558647683449D+01
  1.540042658541D+01  1.521495563645D+01  1.503019096624D+01  1.484624298538D+01
  1.466320154040D+01  1.448113786879D+01  1.430010217337D+01  1.412012691540D+01
  1.394122546882D+01  1.376339623533D+01  1.358662187975D+01  1.341087381392D+01
  1.323611162097D+01  1.306228758176D+01  1.288934602666D+01  1.271722770269D+01
  1.254586890245D+01  1.237520556494D+01  1.220517211014D+01  1.203570522985D+01
  1.186674240603D+01  1.169822538634D+01  1.153009839301D+01  1.136231129868D+01
  1.119481754781D+01  1.102757705867D+01  1.086055388565D+01  1.069371887700D+01
  1.052704710775D+01  1.036052032216D+01  1.019412416470D+01  1.002785043256D+01
  9.861694127277D+00  9.695655536563D+00  9.529737122017D+00  9.363945441111D+00
  9.198287877252D+00  9.032774402909D+00  8.867414147690D+00  8.702216993043D+00
  8.537189964010D+00  8.372338637079D+00  8.207663336003D+00  8.043160331000D+00
  7.878817820566D+00  7.714616977353D+00  7.550527499614D+00  7.386508767891D+00
  7.222505011912D+00
Vac0 POTENTIAL                      exc: Vosko,Wilk,Nusair      
  2.20033126  6.33750000  2.17664358
   0.00000
   2.40560   0.9811933686   0.9240466067
353
 0.25000000D-01 0.36265835D-03
 0 1
  8.824991064596D-01  8.824699434213D-01  8.824392804100D-01  8.824303666586D-01
  8.824253725849D-01  8.824231342796D-01  8.824213183475D-01  8.824210890995D-01
  8.824207826542D-01  8.824218258248D-01  8.824226800278D-01  8.824248414780D-01
  8.824268151892D-01  8.824301282963D-01  8.824333102832D-01  8.824379097061D-01
  8.824424763512D-01  8.824485792014D-01  8.824547896502D-01  8.824627001359D-01
  8.824709080558D-01  8.824810350763D-01  8.824917117954D-01  8.825045977769D-01
  8.825183671632D-01  8.825347296372D-01  8.825524172107D-01  8.825732065781D-01
  8.825959074154D-01  8.826223866158D-01  8.826515587267D-01  8.826854127262D-01
  8.827230054723D-01  8.827664919717D-01  8.828151230168D-01  8.828712802944D-01
  8.829344773685D-01  8.830072862113D-01  8.830818339339D-01  8.831150001509D-01
  8.830854348198D-01  8.830581630669D-01  8.830315695054D-01  8.830070578331D-01
  8.829830321812D-01  8.829609135580D-01  8.829391215026D-01  8.829190907672D-01
  8.828992531847D-01  8.828810545257D-01  8.828629365334D-01  8.828463538951D-01
  8.828297563993D-01  8.828146060237D-01  8.827993591563D-01  8.827854837645D-01
  8.827714416873D-01  8.827587058650D-01  8.827457426666D-01  8.827340291775D-01
  8.827220355653D-01  8.827112423989D-01  8.827001230407D-01  8.826901610028D-01
  8.826798323577D-01  8.826706231144D-01  8.826610116551D-01  8.826524861202D-01
  8.826435268681D-01  8.826356238670D-01  8.826272591759D-01  8.826199243394D-01
  8.826121028822D-01  8.826052877149D-01  8.825979636308D-01  8.825916247286D-01
  8.825847569077D-01  8.825788552978D-01  8.825724067678D-01  8.825669073505D-01
  8.825608447606D-01  8.825557158252D-01  8.825500090026D-01  8.825452218183D-01
  8.825398433860D-01  8.825353718476D-01  8.825302968960D-01  8.825261172174D-01
  8.825213230181D-01  8.825174134667D-01  8.825128792244D-01  8.825092198887D-01
  8.825049265246D-01  8.825014991105D-01  8.824974290704D-01  8.824942167227D-01
  8.824903538111D-01  8.824873409551D-01  8.824836701833D-01  8.824808423848D-01
  8.824773498412D-01  8.824746936801D-01  8.824713664094D-01  8.824688693691D-01
  8.824656952667D-01  8.824633456313D-01  8.824603133472D-01  8.824581001093D-01
  8.824551989587D-01  8.824531117368D-01  8.824503316212D-01  8.824483605808D-01
  8.824456919123D-01  8.824438276957D-01  8.824412613293D-01  8.824394949870D-01
  8.824370221538D-01  8.824353450822D-01  8.824329573291D-01  8.824313612105D-01
  8.824290503406D-01  8.824275270854D-01  8.824252851009D-01  8.824238267897D-01
  8.824216458372D-01  8.824202446676D-01  8.824181169819D-01  8.824167652126D-01
  8.824146830619D-01  8.824133729575D-01  8.824113285892D-01  8.824100523648D-01
  8.824080379476D-01  8.824067877117D-01  8.824047952790D-01  8.824035629737D-01
  8.824015843618D-01  8.824003617029D-01  8.823983884894D-01  8.823971669000D-01
  8.823951903371D-01  8.823939608807D-01  8.823919718245D-01  8.823907251310D-01
  8.823887139667D-01  8.823874401560D-01  8.823853967169D-01  8.823840853145D-01
  8.823819987958D-01  8.823806386426D-01  8.823784975067D-01  8.823770766614D-01
  8.823748685364D-01  8.823733741689D-01  8.823710857377D-01  8.823695040135D-01
  8.823671208925D-01  8.823654368462D-01  8.823629434532D-01  8.823611408494D-01
  8.823585202585D-01  8.823565814409D-01  8.823538152237D-01  8.823517209483D-01
  8.823487889990D-01  8.823465182507D-01  8.823433985951D-01  8.823409283870D-01
  8.823375969704D-01  8.823349021223D-01  8.823313325777D-01  8.823283854721D-01
  8.823245488643D-01  8.823213191777D-01  8.823171837209D-01  8.823136381276D-01
  8.823091688744D-01  8.823052707194D-01  8.823004292177D-01  8.822961381569D-01
  8.822908820710D-01  8.822861536728D-01  8.822804363655D-01  8.822752216721D-01
  8.822689917434D-01  8.822632367855D-01  8.822564375633D-01  8.822500828251D-01
  8.822426518024D-01  8.822356316303D-01  8.822274998437D-01  8.822197417932D-01
  8.822108331368D-01  8.822022572511D-01  8.821924877182D-01  8.821830057315D-01
  8.821722825768D-01  8.821617970333D-01  8.821500178477D-01  8.821384211293D-01
  8.821254728169D-01  8.821126460678D-01  8.820984037163D-01  8.820842156554D-01
  8.820685412870D-01  8.820528468952D-01  8.820355880870D-01  8.820182271565D-01
  8.819992155151D-01  8.819800110463D-01  8.819590605230D-01  8.819378169524D-01
  8.819147219802D-01  8.818912232226D-01  8.818657566571D-01  8.818397639409D-01
  8.818116747855D-01  8.817829242605D-01  8.817519351510D-01  8.817201352443D-01
  8.816859396686D-01  8.816507681616D-01  8.816130273873D-01  8.815741281850D-01
  8.815324678623D-01  8.814894474218D-01  8.814434538283D-01  8.813958772107D-01
  8.813450931005D-01  8.812924796064D-01  8.812363996208D-01  8.811782179649D-01
  8.811162835591D-01  8.810519465355D-01  8.809835403689D-01  8.809123989527D-01
  8.808368386868D-01  8.807581755126D-01  8.806747069531D-01  8.805877291033D-01
  8.804955186170D-01  8.803993496473D-01  8.802974757755D-01  8.801911468959D-01
  8.800785910800D-01  8.799610314009D-01  8.798366677247D-01  8.797066934684D-01
  8.795692773111D-01  8.794255798776D-01  8.792737353618D-01  8.791148681267D-01
  8.789470742308D-01  8.787714379366D-01  8.785860131284D-01  8.783918397197D-01
  8.781869249507D-01  8.779722596830D-01  8.777457995648D-01  8.775084812001D-01
  8.772582031660D-01  8.769958420443D-01  8.767192332743D-01  8.764291870302D-01
  8.761234688928D-01  8.758028155550D-01  8.754649152913D-01  8.751104234736D-01
  8.747369428150D-01  8.743450386739D-01  8.739322190475D-01  8.734989496391D-01
  8.730426335727D-01  8.725636261965D-01  8.720592144856D-01  8.715296315507D-01
  8.709720356918D-01  8.703865245772D-01  8.697701139062D-01  8.691227512171D-01
  8.684412941121D-01  8.677255236468D-01  8.669721220623D-01  8.661806857029D-01
  8.653477021913D-01  8.644725628115D-01  8.635515390526D-01  8.625837943842D-01
  8.615653600814D-01  8.604951463048D-01  8.593689171045D-01  8.581853007008D-01
  8.569397635442D-01  8.556306196716D-01  8.542530036754D-01  8.528048789827D-01
  8.512810095553D-01  8.496789669058D-01  8.479931003095D-01  8.462205423292D-01
  8.443551772693D-01  8.423936449236D-01  8.403293069393D-01  8.381582484310D-01
  8.358732418372D-01  8.334697459540D-01  8.309398667610D-01  8.282783533099D-01
  8.254765548620D-01  8.225284129159D-01  8.194244138263D-01  8.161575760625D-01
  8.127173972576D-01  8.090958355441D-01  8.052812497008D-01  8.012643730994D-01
  7.970322452583D-01  7.925741765354D-01  7.878756689437D-01  7.829243692175D-01
  7.777039761664D-01  7.722001790968D-01  7.663945482459D-01  7.602704547172D-01
  7.538069396006D-01  7.469846105320D-01  7.397794839127D-01  7.321688518665D-01
  7.241250904502D-01  7.156214890757D-01  7.066260156666D-01  6.971070984396D-01
  6.870273365023D-01  6.763492211363D-01  6.650287772272D-01  6.530212077377D-01
  6.402744474964D-01  6.267347102840D-01  6.123399318016D-01  5.970251936768D-01
  5.807160269042D-01  5.633336812489D-01  5.447882543512D-01  5.249837690194D-01
  5.038110873761D-01  4.811527523494D-01  4.568756477360D-01  4.308355511067D-01
  4.028694937832D-01  3.728002085180D-01  3.404274559644D-01  3.055330291510D-01
  2.678712961663D-01
Vac0 POTENTIAL                      exc: Vosko,Wilk,Nusair      
  1.68057905  6.33750000  1.68945972
   0.00000
   1.96292   0.9811933686   0.9240466067
353
 0.25000000D-01 0.29592158D-03
 0 1
  6.706251380304D-01  6.705819589914D-01  6.705372506377D-01  6.705236992208D-01
  6.705161843031D-01  6.705116980584D-01  6.705081711228D-01  6.705059558827D-01
  6.705039366421D-01  6.705028342325D-01  6.705017042766D-01  6.705013582377D-01
  6.705009045233D-01  6.705011879126D-01  6.705013394420D-01  6.705022203361D-01
  6.705029744175D-01  6.705044734826D-01  6.705058706485D-01  6.705080464148D-01
  6.705101623872D-01  6.705131076448D-01  6.705160528163D-01  6.705198966338D-01
  6.705238202602D-01  6.705287340492D-01  6.705338321048D-01  6.705400393455D-01
  6.705465662785D-01  6.705543564132D-01  6.705626414223D-01  6.705723889211D-01
  6.705828581236D-01  6.705950481728D-01  6.706082544144D-01  6.706235174824D-01
  6.706401800226D-01  6.706593152228D-01  6.706785174904D-01  6.706858263138D-01
  6.706762796962D-01  6.706676555321D-01  6.706590569283D-01  6.706513133835D-01
  6.706435341994D-01  6.706365543767D-01  6.706294881164D-01  6.706231747846D-01
  6.706167324936D-01  6.706110041114D-01  6.706051109003D-01  6.705998985670D-01
  6.705944909347D-01  6.705897360274D-01  6.705847597698D-01  6.705804120953D-01
  6.705758206593D-01  6.705718369805D-01  6.705675901565D-01  6.705639330264D-01
  6.705599958988D-01  6.705566327197D-01  6.705529748160D-01  6.705498770706D-01
  6.705464716768D-01  6.705436143073D-01  6.705404378925D-01  6.705377987881D-01
  6.705348305492D-01  6.705323901152D-01  6.705296115810D-01  6.705273523894D-01
  6.705247471005D-01  6.705226535913D-01  6.705202068277D-01  6.705182650594D-01
  6.705159636079D-01  6.705141610501D-01  6.705119930119D-01  6.705103183595D-01
  6.705082729855D-01  6.705067160075D-01  6.705047835524D-01  6.705033349600D-01
  6.705015065631D-01  6.705001578957D-01  6.704984254731D-01  6.704971689990D-01
  6.704955251497D-01  6.704943537806D-01  6.704927917092D-01  6.704916989230D-01
  6.704902123667D-01  6.704891921448D-01  6.704877753107D-01  6.704868220735D-01
  6.704854695857D-01  6.704845781459D-01  6.704832849920D-01  6.704824505042D-01
  6.704812119946D-01  6.704804299133D-01  6.704792416389D-01  6.704785076814D-01
  6.704773654763D-01  6.704766755871D-01  6.704755754966D-01  6.704749258134D-01
  6.704738640613D-01  6.704732508864D-01  6.704722238463D-01  6.704716436174D-01
  6.704706477851D-01  6.704700970486D-01  6.704691290138D-01  6.704686043980D-01
  6.704676608213D-01  6.704671590121D-01  6.704662365980D-01  6.704657543125D-01
  6.704648497856D-01  6.704643837491D-01  6.704634938284D-01  6.704630407479D-01
  6.704621621222D-01  6.704617186622D-01  6.704608479651D-01  6.704604107207D-01
  6.704595445027D-01  6.704591099734D-01  6.704582446754D-01  6.704578092365D-01
  6.704569411608D-01  6.704565010338D-01  6.704556263133D-01  6.704551775342D-01
  6.704542920997D-01  6.704538304859D-01  6.704529300318D-01  6.704524511450D-01
  6.704515310917D-01  6.704510302003D-01  6.704500856532D-01  6.704495576895D-01
  6.704485833959D-01  6.704480229102D-01  6.704470132111D-01  6.704464143223D-01
  6.704453631009D-01  6.704447194419D-01  6.704436200665D-01  6.704429247253D-01
  6.704417699868D-01  6.704410154406D-01  6.704397974852D-01  6.704389755299D-01
  6.704376857832D-01  6.704367874541D-01  6.704354165397D-01  6.704344320259D-01
  6.704329696744D-01  6.704318882234D-01  6.704303231731D-01  6.704291329863D-01
  6.704274528734D-01  6.704261409913D-01  6.704243322286D-01  6.704228844033D-01
  6.704209320474D-01  6.704193326032D-01  6.704172202068D-01  6.704154518846D-01
  6.704131613348D-01  6.704112051226D-01  6.704087164612D-01  6.704065514054D-01
  6.704038426312D-01  6.704014456287D-01  6.703984924794D-01  6.703958380482D-01
  6.703926137588D-01  6.703896737845D-01  6.703861488213D-01  6.703828922771D-01
  6.703790340430D-01  6.703754266803D-01  6.703711991900D-01  6.703672031970D-01
  6.703625667176D-01  6.703581403413D-01  6.703530509957D-01  6.703481481253D-01
  6.703425574534D-01  6.703371271587D-01  6.703309816333D-01  6.703249676558D-01
  6.703182081464D-01  6.703115483362D-01  6.703041095178D-01  6.702967352114D-01
  6.702885449104D-01  6.702803802431D-01  6.702713587141D-01  6.702623198603D-01
  6.702523789875D-01  6.702423733206D-01  6.702314157346D-01  6.702203408986D-01
  6.702082590003D-01  6.701960018837D-01  6.701826767655D-01  6.701691123667D-01
  6.701544126201D-01  6.701394027938D-01  6.701231831903D-01  6.701065752612D-01
  6.700886752957D-01  6.700703005260D-01  6.700505428050D-01  6.700302147004D-01
  6.700084031608D-01  6.699859155976D-01  6.699618335374D-01  6.699369586913D-01
  6.699103665918D-01  6.698828526482D-01  6.698534857664D-01  6.698230543887D-01
  6.697906200949D-01  6.697569636243D-01  6.697211384573D-01  6.696839168171D-01
  6.696443432285D-01  6.696031804988D-01  6.695594632514D-01  6.695139438823D-01
  6.694656460666D-01  6.694153106881D-01  6.693619493157D-01  6.693062901031D-01
  6.692473312319D-01  6.691857867780D-01  6.691206401181D-01  6.690525897594D-01
  6.689806027047D-01  6.689053602423D-01  6.688258112650D-01  6.687426180153D-01
  6.686547093540D-01  6.685627264559D-01  6.684655760217D-01  6.683638759194D-01
  6.682565083332D-01  6.681440653444D-01  6.680254020109D-01  6.679010818803D-01
  6.677699299927D-01  6.676324783185D-01  6.674875186757D-01  6.673355480841D-01
  6.671753215876D-01  6.670072975159D-01  6.668301902003D-01  6.666444151325D-01
  6.664486415628D-01  6.662432375429D-01  6.660268223943D-01  6.657997116216D-01
  6.655604692349D-01  6.653093525199D-01  6.650448641973D-01  6.647671970327D-01
  6.644747858131D-01  6.641677517785D-01  6.638444543944D-01  6.635049355818D-01
  6.631474712627D-01  6.627720153641D-01  6.623767511075D-01  6.619615347601D-01
  6.615244466368D-01  6.610652345661D-01  6.605818645686D-01  6.600739640018D-01
  6.595393718730D-01  6.589775816215D-01  6.583862910183D-01  6.577648445367D-01
  6.571107827849D-01  6.564232844081D-01  6.556997149904D-01  6.549390684234D-01
  6.541385152025D-01  6.532968431861D-01  6.524110051993D-01  6.514795590935D-01
  6.504992145555D-01  6.494682723610D-01  6.483831702683D-01  6.472419213385D-01
  6.460406587710D-01  6.447770731389D-01  6.434469559935D-01  6.420476358336D-01
  6.405745202720D-01  6.390245305183D-01  6.373926418570D-01  6.356753163759D-01
  6.338670414514D-01  6.319637603937D-01  6.299594085670D-01  6.278493415479D-01
  6.256268684204D-01  6.232866769492D-01  6.208213634812D-01  6.182248545123D-01
  6.154889324885D-01  6.126066529912D-01  6.095688655548D-01  6.063676254959D-01
  6.029927086390D-01  5.994350165638D-01  5.956830838397D-01  5.917264751400D-01
  5.875522832162D-01  5.831485159079D-01  5.785005826092D-01  5.735946686643D-01
  5.684142074604D-01  5.629432389990D-01  5.571628639509D-01  5.510545822866D-01
  5.445967245911D-01  5.377677654591D-01  5.305427260176D-01  5.228964552562D-01
  5.147999959497D-01  5.062238250938D-01  4.971341731307D-01  4.874962120577D-01
  4.772703148844D-01  4.664151766051D-01  4.548839969564D-01  4.426275151356D-01
  4.295900940062D-01  4.157126432797D-01  4.009285801533D-01  3.851666045547D-01
  3.683464972092D-01  3.503818710380D-01  3.311752126666D-01  3.106211462315D-01
  2.886007465900D-01
