In49 POTENTIAL                      exc: Vosko,Wilk,Nusair      
  2.25914357  6.50000000  2.23392349
  49.00000
   2.46891   0.8856774225   0.8856506409
353
 0.25000000D-01 0.37220196D-03
 9 1
    0  -1.96656160000D+03
    0  -2.87428550000D+02
    0  -5.37136240000D+01
    0  -7.39818510000D+00
    1  -2.68528840000D+02
    1  -4.59639090000D+01
    1  -4.86454470000D+00
    2  -3.15522220000D+01
    2  -7.38539920000D-01
  4.725879640517D+02  4.726143296953D+02  4.726412978512D+02  4.726688749275D+02
  4.726970696124D+02  4.727258957816D+02  4.727553630643D+02  4.727854854584D+02
  4.728162728353D+02  4.728477393456D+02  4.728798950356D+02  4.729127541765D+02
  4.729463269414D+02  4.729806276851D+02  4.730156666590D+02  4.730514582574D+02
  4.730880127570D+02  4.731253445393D+02  4.731634638472D+02  4.732023849883D+02
  4.732421181049D+02  4.732826773614D+02  4.733240727234D+02  4.733663181326D+02
  4.734094232924D+02  4.734534018317D+02  4.734982630954D+02  4.735440202977D+02
  4.735906823166D+02  4.736382618375D+02  4.736867671496D+02  4.737362102812D+02
  4.737865987972D+02  4.738379439253D+02  4.738902523541D+02  4.739435343512D+02
  4.739977955604D+02  4.740530451116D+02  4.741092874164D+02  4.741665302701D+02
  4.742247766533D+02  4.742840328002D+02  4.743443000144D+02  4.744055827462D+02
  4.744678803785D+02  4.745311953041D+02  4.745955247076D+02  4.746608686338D+02
  4.747272217646D+02  4.747945814782D+02  4.748629396205D+02  4.749322905548D+02
  4.750026229270D+02  4.750739277057D+02  4.751461899404D+02  4.752193967914D+02
  4.752935292807D+02  4.753685703118D+02  4.754444964119D+02  4.755212857416D+02
  4.755989098280D+02  4.756773415641D+02  4.757565469322D+02  4.758364929920D+02
  4.759171395950D+02  4.759984473609D+02  4.760803693819D+02  4.761628591877D+02
  4.762458624396D+02  4.763293248837D+02  4.764131840349D+02  4.764973771180D+02
  4.765818327422D+02  4.766664788296D+02  4.767512342803D+02  4.768360168894D+02
  4.769207350021D+02  4.770052954206D+02  4.770895950488D+02  4.771735287901D+02
  4.772569811835D+02  4.773398342920D+02  4.774219593312D+02  4.775032245504D+02
  4.775834868551D+02  4.776625996813D+02  4.777404046147D+02  4.778167392602D+02
  4.778914288593D+02  4.779642941579D+02  4.780351430241D+02  4.781037783176D+02
  4.781699895107D+02  4.782335605630D+02  4.782942615493D+02  4.783518565433D+02
  4.784060952572D+02  4.784567209386D+02  4.785034620268D+02  4.785460400685D+02
  4.785841613961D+02  4.786175250679D+02  4.786458145752D+02  4.786687058136D+02
  4.786858588250D+02  4.786969258084D+02  4.787015429045D+02  4.786993382526D+02
  4.786899238269D+02  4.786729035487D+02  4.786478651827D+02  4.786143885132D+02
  4.785720373100D+02  4.785203675787D+02  4.784589196054D+02  4.783872262903D+02
  4.783048052822D+02  4.782111674049D+02  4.781058088903D+02  4.779882199081D+02
  4.778578769070D+02  4.777142512563D+02  4.775568017035D+02  4.773849831366D+02
  4.771982391651D+02  4.769960110094D+02  4.767777302111D+02  4.765428276543D+02
  4.762907264083D+02  4.760208508823D+02  4.757326198014D+02  4.754254554929D+02
  4.750987769924D+02  4.747520094559D+02  4.743845773877D+02  4.739959141677D+02
  4.735854553879D+02  4.731526484782D+02  4.726969461312D+02  4.722178160038D+02
  4.717147342030D+02  4.711871950320D+02  4.706347045023D+02  4.700567900851D+02
  4.694529942060D+02  4.688228839536D+02  4.681660445043D+02  4.674820887305D+02
  4.667706504935D+02  4.660313940865D+02  4.652640073244D+02  4.644682107469D+02
  4.636437504281D+02  4.627904068581D+02  4.619079873894D+02  4.609963347121D+02
  4.600553188513D+02  4.590848451500D+02  4.580848457349D+02  4.570552869276D+02
  4.559961601038D+02  4.549074884668D+02  4.537893172426D+02  4.526417197790D+02
  4.514647870483D+02  4.502586330587D+02  4.490233836953D+02  4.477591814954D+02
  4.464661739082D+02  4.451445175625D+02  4.437943661178D+02  4.424158742492D+02
  4.410091853731D+02  4.395744356940D+02  4.381117422149D+02  4.366212073243D+02
  4.351029076340D+02  4.335568997091D+02  4.319832103841D+02  4.303818443187D+02
  4.287527764808D+02  4.270959621863D+02  4.254113323340D+02  4.236988063879D+02
  4.219582906350D+02  4.201896941255D+02  4.183929296499D+02  4.165679319583D+02
  4.147146603598D+02  4.128331176941D+02  4.109233526208D+02  4.089854770722D+02
  4.070196657419D+02  4.050261694720D+02  4.030053095376D+02  4.009574849276D+02
  3.988831599594D+02  3.967828647428D+02  3.946571762881D+02  3.925067132330D+02
  3.903321123930D+02  3.881340204304D+02  3.859130690540D+02  3.836698671154D+02
  3.814049779524D+02  3.791189151658D+02  3.768121249095D+02  3.744849875469D+02
  3.721378063943D+02  3.697708160460D+02  3.673841776693D+02  3.649779934774D+02
  3.625523075298D+02  3.601071248896D+02  3.576424161614D+02  3.551581393601D+02
  3.526542461034D+02  3.501307040762D+02  3.475875027906D+02  3.450246746427D+02
  3.424422983611D+02  3.398405169226D+02  3.372195371479D+02  3.345796431541D+02
  3.319211909855D+02  3.292446167531D+02  3.265504257432D+02  3.238391949936D+02
  3.211115569742D+02  3.183681970737D+02  3.156098327530D+02  3.128372072691D+02
  3.100510661386D+02  3.072521494711D+02  3.044411685571D+02  3.016188001260D+02
  2.987856667925D+02  2.959423371903D+02  2.930893142376D+02  2.902270447677D+02
  2.873559184539D+02  2.844762884685D+02  2.815884807406D+02  2.786928229895D+02
  2.757896590670D+02  2.728793786158D+02  2.699624268192D+02  2.670393241652D+02
  2.641106617491D+02  2.611771036338D+02  2.582393640363D+02  2.552981933848D+02
  2.523543433468D+02  2.494085465772D+02  2.464614820659D+02  2.435137616114D+02
  2.405659072075D+02  2.376183532014D+02  2.346714410937D+02  2.317254390041D+02
  2.287805521290D+02  2.258369550861D+02  2.228948117827D+02  2.199543133872D+02
  2.170157000917D+02  2.140792974728D+02  2.111455335094D+02  2.082149675811D+02
  2.052882979962D+02  2.023663798979D+02  1.994502206069D+02  1.965409846789D+02
  1.936399762763D+02  1.907486314721D+02  1.878684884653D+02  1.850011687603D+02
  1.821483375428D+02  1.793116767174D+02  1.764928391429D+02  1.736934179224D+02
  1.709148996985D+02  1.681586363230D+02  1.654258044213D+02  1.627173878884D+02
  1.600341534740D+02  1.573766549717D+02  1.547452361413D+02  1.521400669164D+02
  1.495611805465D+02  1.470085418496D+02  1.444821079842D+02  1.419819048506D+02
  1.395080747064D+02  1.370609163216D+02  1.346408776428D+02  1.322485329299D+02
  1.298845183508D+02  1.275494706925D+02  1.252439501567D+02  1.229683914334D+02
  1.207230574328D+02  1.185080304900D+02  1.163232065521D+02  1.141683208945D+02
  1.120429677179D+02  1.099466416101D+02  1.078787642813D+02  1.058387263865D+02
  1.038259097591D+02  1.018397216546D+02  9.987960765345D+01  9.794507591322D+01
  9.603570014587D+01  9.415113444511D+01  9.229110773154D+01  9.045543107597D+01
  8.864398577009D+01  8.685672542291D+01  8.509365993168D+01  8.335485454210D+01
  8.164041176992D+01  7.995046929500D+01  7.828518149854D+01  7.664471763541D+01
  7.502924420651D+01  7.343892440594D+01  7.187390211164D+01  7.033430319111D+01
  6.882022151467D+01  6.733172236594D+01  6.586883059170D+01  6.443153612402D+01
  6.301978419314D+01  6.163348283063D+01  6.027249497893D+01  5.893664778596D+01
  5.762572640335D+01  5.633948483596D+01  5.507764113896D+01  5.383988943786D+01
  5.262589599520D+01  5.143531167821D+01  5.026776795397D+01  4.912288866579D+01
  4.800028470574D+01  4.689956388642D+01  4.582032330889D+01  4.476215675233D+01
  4.372464468849D+01  4.270735981123D+01  4.170985513376D+01  4.073166937351D+01
  3.977231427429D+01
N_07 POTENTIAL                      exc: Vosko,Wilk,Nusair      
  1.72127726  6.50000000  1.73067725
   7.00000
   2.01081   0.8856774225   0.8856506409
353
 0.25000000D-01 0.30314114D-03
 2 1
    0  -2.69998930000D+01
    0  -4.29582100000D-01
  2.611904919746D+01  2.611943108497D+01  2.611982224279D+01  2.612024858665D+01
  2.612069055701D+01  2.612114598289D+01  2.612161361000D+01  2.612209389492D+01
  2.612258634270D+01  2.612309171137D+01  2.612360965295D+01  2.612414100924D+01
  2.612468548659D+01  2.612524396596D+01  2.612581618464D+01  2.612640304969D+01
  2.612700432169D+01  2.612762092927D+01  2.612825265355D+01  2.612890044310D+01
  2.612956409870D+01  2.613024458842D+01  2.613094173260D+01  2.613165651896D+01
  2.613238878767D+01  2.613313954656D+01  2.613390865614D+01  2.613469714491D+01
  2.613550489440D+01  2.613633295447D+01  2.613718122839D+01  2.613805078814D+01
  2.613894155953D+01  2.613985463750D+01  2.614078997122D+01  2.614174867942D+01
  2.614273073553D+01  2.614373728296D+01  2.614476832046D+01  2.614582502076D+01
  2.614690779203D+01  2.614801743559D+01  2.614915400336D+01  2.615031871859D+01
  2.615151166109D+01  2.615273408249D+01  2.615398609147D+01  2.615526896901D+01
  2.615658285361D+01  2.615792905658D+01  2.615930774725D+01  2.616072026821D+01
  2.616216682056D+01  2.616364877917D+01  2.616516637786D+01  2.616672102469D+01
  2.616831298716D+01  2.616994370747D+01  2.617161348767D+01  2.617332380497D+01
  2.617507499689D+01  2.617686857650D+01  2.617870491759D+01  2.618058556989D+01
  2.618251094424D+01  2.618448262776D+01  2.618650106903D+01  2.618856789324D+01
  2.619068358731D+01  2.619284981507D+01  2.619506710231D+01  2.619733715192D+01
  2.619966052898D+01  2.620203897580D+01  2.620447309697D+01  2.620696467441D+01
  2.620951435234D+01  2.621212395228D+01  2.621479415799D+01  2.621752683043D+01
  2.622032269262D+01  2.622318364451D+01  2.622611044783D+01  2.622910504090D+01
  2.623216822334D+01  2.623530197086D+01  2.623850711985D+01  2.624178568210D+01
  2.624513852934D+01  2.624856770777D+01  2.625207412254D+01  2.625565985219D+01
  2.625932583300D+01  2.626307417328D+01  2.626690583760D+01  2.627082296098D+01
  2.627482653289D+01  2.627891871137D+01  2.628310050682D+01  2.628737409593D+01
  2.629174050534D+01  2.629620192535D+01  2.630075939336D+01  2.630541510738D+01
  2.631017010928D+01  2.631502659798D+01  2.631998561255D+01  2.632504934508D+01
  2.633021882350D+01  2.633549622421D+01  2.634088255455D+01  2.634637996515D+01
  2.635198943204D+01  2.635771306866D+01  2.636355180764D+01  2.636950771239D+01
  2.637558165849D+01  2.638177564487D+01  2.638809047478D+01  2.639452806649D+01
  2.640108913381D+01  2.640777549628D+01  2.641458775918D+01  2.642152762322D+01
  2.642859556391D+01  2.643579314073D+01  2.644312067590D+01  2.645057956291D+01
  2.645816994462D+01  2.646589302111D+01  2.647374872710D+01  2.648173803908D+01
  2.648986065194D+01  2.649811728533D+01  2.650650735949D+01  2.651503130078D+01
  2.652368821661D+01  2.653247820011D+01  2.654140000415D+01  2.655045334500D+01
  2.655963657544D+01  2.656894898740D+01  2.657838848402D+01  2.658795388124D+01
  2.659764257878D+01  2.660745286062D+01  2.661738156484D+01  2.662742638293D+01
  2.663758352846D+01  2.664785003520D+01  2.665822142456D+01  2.666869400242D+01
  2.667926252537D+01  2.668992249627D+01  2.670066782915D+01  2.671149314354D+01
  2.672239142805D+01  2.673335633338D+01  2.674437983465D+01  2.675545452309D+01
  2.676657126712D+01  2.677772150274D+01  2.678889489340D+01  2.680008161919D+01
  2.681127003552D+01  2.682244896118D+01  2.683360533594D+01  2.684472650761D+01
  2.685579788861D+01  2.686680524224D+01  2.687773233841D+01  2.688856323921D+01
  2.689927995407D+01  2.690986472484D+01  2.692029768062D+01  2.693055912269D+01
  2.694062717926D+01  2.695048009056D+01  2.696009386399D+01  2.696944455967D+01
  2.697850594641D+01  2.698725178832D+01  2.699565350197D+01  2.700368244463D+01
  2.701130757327D+01  2.701849773496D+01  2.702521932844D+01  2.703143859737D+01
  2.703711929519D+01  2.704222498200D+01  2.704671669359D+01  2.705055524286D+01
  2.705369889383D+01  2.705610566861D+01  2.705773102746D+01  2.705853018232D+01
  2.705845578397D+01  2.705746024325D+01  2.705549342657D+01  2.705250498597D+01
  2.704844206415D+01  2.704325163467D+01  2.703687821781D+01  2.702926623217D+01
  2.702035772259D+01  2.701009472457D+01  2.699841700548D+01  2.698526444303D+01
  2.697057478117D+01  2.695428602376D+01  2.693633420626D+01  2.691665580585D+01
  2.689518552996D+01  2.687185874370D+01  2.684660927622D+01  2.681937186617D+01
  2.679007998646D+01  2.675866830833D+01  2.672507054473D+01  2.668922193313D+01
  2.665105709749D+01  2.661051254942D+01  2.656752456819D+01  2.652203171943D+01
  2.647397275200D+01  2.642328913277D+01  2.636992295861D+01  2.631381950506D+01
  2.625492515094D+01  2.619318993795D+01  2.612856550454D+01  2.606100765276D+01
  2.599047428706D+01  2.591692798372D+01  2.584033392948D+01  2.576066248789D+01
  2.567788713164D+01  2.559198699922D+01  2.550294481391D+01  2.541074942324D+01
  2.531539369664D+01  2.521687703922D+01  2.511520325930D+01  2.501038304731D+01
  2.490243180364D+01  2.479137207288D+01  2.467723132178D+01  2.456004431859D+01
  2.443985085084D+01  2.431669803898D+01  2.419063798418D+01  2.406173000571D+01
  2.393003820758D+01  2.379563363090D+01  2.365859173002D+01  2.351899443035D+01
  2.337692750582D+01  2.323248253449D+01  2.308575417077D+01  2.293684199315D+01
  2.278584766658D+01  2.263287667936D+01  2.247803539428D+01  2.232143267498D+01
  2.216317682847D+01  2.200337712611D+01  2.184214064555D+01  2.167957369787D+01
  2.151577858482D+01  2.135085495292D+01  2.118489649285D+01  2.101799225485D+01
  2.085022333346D+01  2.068166419819D+01  2.051237943052D+01  2.034242515227D+01
  2.017184591539D+01  2.000067634926D+01  1.982893834787D+01  1.965664310569D+01
  1.948378879704D+01  1.931036321874D+01  1.913634219731D+01  1.896169308094D+01
  1.878637410680D+01  1.861033893927D+01  1.843353712611D+01  1.825591970299D+01
  1.807744060546D+01  1.789806301125D+01  1.771776115204D+01  1.753652659998D+01
  1.735436947148D+01  1.717132350014D+01  1.698744543185D+01  1.680281778173D+01
  1.661754557083D+01  1.643175631010D+01  1.624559410828D+01  1.605921742348D+01
  1.587279153861D+01  1.568648540709D+01  1.550046398208D+01  1.531488562039D+01
  1.512989554893D+01  1.494562481761D+01  1.476218554668D+01  1.457967172578D+01
  1.439815623483D+01  1.421769324478D+01  1.403831660665D+01  1.386004335961D+01
  1.368287296500D+01  1.350679141424D+01  1.333177084563D+01  1.315777385131D+01
  1.298475314308D+01  1.281265579102D+01  1.264142273155D+01  1.247099278368D+01
  1.230130188985D+01  1.213228683657D+01  1.196388418350D+01  1.179603366614D+01
  1.162867680793D+01  1.146176001227D+01  1.129523287414D+01  1.112905098429D+01
  1.096317396770D+01  1.079756802998D+01  1.063220375397D+01  1.046705842033D+01
  1.030211359373D+01  1.013735724792D+01  9.972781170208D+00  9.808382917210D+00
  9.644163061169D+00  9.480126996368D+00  9.316282043477D+00  9.152639118426D+00
  8.989209701758D+00  8.826007371791D+00  8.663044635479D+00  8.500334316994D+00
  8.337886236256D+00  8.175708434601D+00  8.013803680580D+00  7.852170509403D+00
  7.690799534679D+00  7.529674341893D+00  7.368767413138D+00  7.208041089313D+00
  7.047443138393D+00
Vac0 POTENTIAL                      exc: Vosko,Wilk,Nusair      
  2.25914357  6.50000000  2.23392349
   0.00000
   2.46891   0.8856774225   0.8856506409
353
 0.25000000D-01 0.37220196D-03
 0 1
  8.331148812902D-01  8.330880305996D-01  8.330597085990D-01  8.330515425696D-01
  8.330469230393D-01  8.330449505054D-01  8.330432965312D-01  8.330432113828D-01
  8.330429852028D-01  8.330441108108D-01  8.330449943835D-01  8.330471928417D-01
  8.330491527404D-01  8.330524597045D-01  8.330555829688D-01  8.330601279747D-01
  8.330645827263D-01  8.330705715816D-01  8.330766024328D-01  8.330843212149D-01
  8.330922597062D-01  8.331020906472D-01  8.331123761696D-01  8.331248236168D-01
  8.331380347897D-01  8.331537625841D-01  8.331706613511D-01  8.331905446922D-01
  8.332121371855D-01  8.332373338537D-01  8.332649537833D-01  8.332970018431D-01
  8.333324249105D-01  8.333733767497D-01  8.334189778595D-01  8.334715846098D-01
  8.335305520717D-01  8.335984057764D-01  8.336677164830D-01  8.336978576983D-01
  8.336691389318D-01  8.336426978376D-01  8.336168632918D-01  8.335931009568D-01
  8.335697586463D-01  8.335483188335D-01  8.335271442901D-01  8.335077308242D-01
  8.334884531412D-01  8.334708177435D-01  8.334532089494D-01  8.334371419225D-01
  8.334210087949D-01  8.334063317960D-01  8.333915094677D-01  8.333780698533D-01
  8.333644167868D-01  8.333520831342D-01  8.333394771271D-01  8.333281356600D-01
  8.333164706450D-01  8.333060223558D-01  8.332952058146D-01  8.332855641462D-01
  8.332755150017D-01  8.332666039314D-01  8.332572508247D-01  8.332490033062D-01
  8.332402831816D-01  8.332326398478D-01  8.332244967608D-01  8.332174048499D-01
  8.332097889931D-01  8.332032014424D-01  8.331960683113D-01  8.331899430031D-01
  8.331832527043D-01  8.331775518218D-01  8.331712684791D-01  8.331659579623D-01
  8.331600492161D-01  8.331550982947D-01  8.331495348675D-01  8.331449156663D-01
  8.331396709973D-01  8.331353581884D-01  8.331304081095D-01  8.331263786178D-01
  8.331217010785D-01  8.331179338218D-01  8.331135086528D-01  8.331099843149D-01
  8.331057930087D-01  8.331024938476D-01  8.330985193807D-01  8.330954290506D-01
  8.330916557169D-01  8.330887591161D-01  8.330851723835D-01  8.330824555178D-01
  8.330790419006D-01  8.330764917628D-01  8.330732387045D-01  8.330708431641D-01
  8.330677389377D-01  8.330654866444D-01  8.330625202534D-01  8.330604005468D-01
  8.330575616454D-01  8.330555644739D-01  8.330528432865D-01  8.330509591326D-01
  8.330483463824D-01  8.330465661932D-01  8.330440530352D-01  8.330423681579D-01
  8.330399461160D-01  8.330383482366D-01  8.330360091449D-01  8.330344902302D-01
  8.330322261746D-01  8.330307784172D-01  8.330285816819D-01  8.330271974445D-01
  8.330250604583D-01  8.330237322214D-01  8.330216475038D-01  8.330203678133D-01
  8.330183279229D-01  8.330170893366D-01  8.330150868172D-01  8.330138818515D-01
  8.330119091785D-01  8.330107302543D-01  8.330087797791D-01  8.330076191637D-01
  8.330056830558D-01  8.330045328061D-01  8.330026029938D-01  8.330014548929D-01
  8.329995229987D-01  8.329983684921D-01  8.329964257661D-01  8.329952558913D-01
  8.329932931400D-01  8.329920984525D-01  8.329901059613D-01  8.329888764556D-01
  8.329868439060D-01  8.329855689290D-01  8.329834853098D-01  8.329821534676D-01
  8.329800069771D-01  8.329786060339D-01  8.329763839750D-01  8.329749007429D-01
  8.329725894073D-01  8.329710096263D-01  8.329685941683D-01  8.329669023735D-01
  8.329643666733D-01  8.329625460515D-01  8.329598725631D-01  8.329579047941D-01
  8.329550743795D-01  8.329529394620D-01  8.329499312088D-01  8.329476072694D-01
  8.329443982904D-01  8.329418613726D-01  8.329384265843D-01  8.329356504171D-01
  8.329319622972D-01  8.329289180394D-01  8.329249463576D-01  8.329216023163D-01
  8.329173138391D-01  8.329136351589D-01  8.329089933237D-01  8.329049416444D-01
  8.328999061988D-01  8.328954392769D-01  8.328899658820D-01  8.328850371736D-01
  8.328790769654D-01  8.328736351653D-01  8.328671342703D-01  8.328611228032D-01
  8.328540218038D-01  8.328473782625D-01  8.328396116066D-01  8.328322671311D-01
  8.328237624798D-01  8.328156410718D-01  8.328063185783D-01  8.327973363441D-01
  8.327871078584D-01  8.327771721715D-01  8.327659403601D-01  8.327549489375D-01
  8.327426063121D-01  8.327304461918D-01  8.327168740350D-01  8.327034204477D-01
  8.326884876265D-01  8.326736027480D-01  8.326571644024D-01  8.326406959749D-01
  8.326225920687D-01  8.326043718771D-01  8.325844255959D-01  8.325642677845D-01
  8.325422837658D-01  8.325199829766D-01  8.324957453534D-01  8.324710746697D-01
  8.324443449076D-01  8.324170535805D-01  8.323875680879D-01  8.323573790232D-01
  8.323248465093D-01  8.322914534898D-01  8.322555520442D-01  8.322186166598D-01
  8.321789905243D-01  8.321381387773D-01  8.320943947774D-01  8.320492133308D-01
  8.320009169309D-01  8.319509489607D-01  8.318976199025D-01  8.318423605117D-01
  8.317834679928D-01  8.317223591419D-01  8.316573164850D-01  8.315897413861D-01
  8.315179001446D-01  8.314431770643D-01  8.313638205050D-01  8.312811959101D-01
  8.311935318066D-01  8.311021727861D-01  8.310053254488D-01  8.309043113324D-01
  8.307973127944D-01  8.306856258831D-01  8.305674061515D-01  8.304439214647D-01
  8.303132977374D-01  8.301767716712D-01  8.300324364079D-01  8.298814941881D-01
  8.297220019119D-01  8.295551237110D-01  8.293788764053D-01  8.291943819799D-01
  8.289996129266D-01  8.287956446146D-01  8.285804005053D-01  8.283549044044D-01
  8.281170255364D-01  8.278677306652D-01  8.276048290124D-01  8.273292242323D-01
  8.270386591564D-01  8.267339676072D-01  8.264128189487D-01  8.260759697209D-01
  8.257210079756D-01  8.253486047102D-01  8.249562579645D-01  8.245445440315D-01
  8.241108612873D-01  8.236556811525D-01  8.231762916253D-01  8.226730479635D-01
  8.221431158853D-01  8.215867219394D-01  8.210008963328D-01  8.203857229509D-01
  8.197380817673D-01  8.190578984694D-01  8.183418863971D-01  8.175897957244D-01
  8.167981548663D-01  8.159665191562D-01  8.150912116510D-01  8.141715712352D-01
  8.132036927417D-01  8.121866743998D-01  8.111163571748D-01  8.099915714620D-01
  8.088078755285D-01  8.075638013357D-01  8.062545919440D-01  8.048784463208D-01
  8.034302555387D-01  8.019078463951D-01  8.003057161964D-01  7.986212749739D-01
  7.968485786006D-01  7.949845693342D-01  7.930228069522D-01  7.909597072871D-01
  7.887882709854D-01  7.865043196155D-01  7.841002215564D-01  7.815711251463D-01
  7.789086810807D-01  7.761072719272D-01  7.731577302485D-01  7.700535636286D-01
  7.667846675258D-01  7.633435447225D-01  7.597190116475D-01  7.559024108650D-01
  7.518813092648D-01  7.476457018262D-01  7.431816996417D-01  7.384777227078D-01
  7.335181751956D-01  7.282896244025D-01  7.227744599770D-01  7.169570553765D-01
  7.108174068525D-01  7.043372727486D-01  6.974937868987D-01  6.902655698030D-01
  6.826263096132D-01  6.745508375612D-01  6.660086678089D-01  6.569700273709D-01
  6.473993436818D-01  6.372612165275D-01  6.265138390930D-01  6.151148959613D-01
  6.030148995107D-01  5.901629937140D-01  5.765001829380D-01  5.619650159892D-01
  5.464866785841D-01  5.299905258914D-01  5.123910033348D-01  4.935969891887D-01
  4.735045016227D-01  4.520018056216D-01  4.289618633499D-01  4.042471494674D-01
  3.777017932737D-01  3.491562497020D-01  3.184184817516D-01  2.852790437361D-01
  2.495015119698D-01
Vac0 POTENTIAL                      exc: Vosko,Wilk,Nusair      
  1.72127726  6.50000000  1.73067725
   0.00000
   2.01081   0.8856774225   0.8856506409
353
 0.25000000D-01 0.30314114D-03
 0 1
  6.288066457973D-01  6.287661147385D-01  6.287241412145D-01  6.287114235214D-01
  6.287043650079D-01  6.287001558040D-01  6.286968395660D-01  6.286947608287D-01
  6.286928584408D-01  6.286918226511D-01  6.286907530616D-01  6.286904249026D-01
  6.286899872830D-01  6.286902465819D-01  6.286903730703D-01  6.286911884077D-01
  6.286918747116D-01  6.286932633755D-01  6.286945450684D-01  6.286965590808D-01
  6.286985037271D-01  6.287012260655D-01  6.287039324696D-01  6.287074785997D-01
  6.287110801683D-01  6.287156031236D-01  6.287202746159D-01  6.287259733801D-01
  6.287319409804D-01  6.287390724778D-01  6.287466278996D-01  6.287555233616D-01
  6.287650429178D-01  6.287761300963D-01  6.287881003547D-01  6.288019331950D-01
  6.288169850580D-01  6.288342634866D-01  6.288515621211D-01  6.288579241790D-01
  6.288489126220D-01  6.288407762697D-01  6.288326593526D-01  6.288253540341D-01
  6.288180104024D-01  6.288114258154D-01  6.288047549705D-01  6.287987993549D-01
  6.287927173533D-01  6.287873137529D-01  6.287817499222D-01  6.287768333218D-01
  6.287717277351D-01  6.287672428127D-01  6.287625443192D-01  6.287584437038D-01
  6.287541083725D-01  6.287503512638D-01  6.287463411462D-01  6.287428922081D-01
  6.287391743539D-01  6.287360028216D-01  6.287325484753D-01  6.287296274376D-01
  6.287264113880D-01  6.287237171994D-01  6.287207172445D-01  6.287182290361D-01
  6.287154255406D-01  6.287131248222D-01  6.287105003561D-01  6.287083706809D-01
  6.287059097127D-01  6.287039363969D-01  6.287016250331D-01  6.286997949225D-01
  6.286976206950D-01  6.286959219624D-01  6.286938736437D-01  6.286922956208D-01
  6.286903630658D-01  6.286888960990D-01  6.286870701133D-01  6.286857054359D-01
  6.286839776565D-01  6.286827072855D-01  6.286810700847D-01  6.286798867244D-01
  6.286783331174D-01  6.286772300793D-01  6.286757536537D-01  6.286747247836D-01
  6.286733196318D-01  6.286723592487D-01  6.286710199039D-01  6.286701227457D-01
  6.286688441343D-01  6.286680053049D-01  6.286667826998D-01  6.286659976283D-01
  6.286648266032D-01  6.286640910016D-01  6.286629673972D-01  6.286622772245D-01
  6.286611971111D-01  6.286605485412D-01  6.286595081883D-01  6.286588975786D-01
  6.286578934239D-01  6.286573172863D-01  6.286563459097D-01  6.286558008844D-01
  6.286548589804D-01  6.286543418103D-01  6.286534261635D-01  6.286529336691D-01
  6.286520411304D-01  6.286515701866D-01  6.286506976487D-01  6.286502451609D-01
  6.286493895355D-01  6.286489524159D-01  6.286481106107D-01  6.286476857556D-01
  6.286468546492D-01  6.286464389148D-01  6.286456153343D-01  6.286452055117D-01
  6.286443862066D-01  6.286439789971D-01  6.286431606138D-01  6.286427526021D-01
  6.286419316565D-01  6.286415192828D-01  6.286406921314D-01  6.286402716612D-01
  6.286394344715D-01  6.286390019647D-01  6.286381506806D-01  6.286377019573D-01
  6.286368322650D-01  6.286363628685D-01  6.286354701587D-01  6.286349753161D-01
  6.286340546421D-01  6.286335292214D-01  6.286325752541D-01  6.286320137171D-01
  6.286310206963D-01  6.286304170478D-01  6.286293787291D-01  6.286287264605D-01
  6.286276360559D-01  6.286269280842D-01  6.286257781989D-01  6.286250067993D-01
  6.286237893605D-01  6.286229460930D-01  6.286216522726D-01  6.286207279001D-01
  6.286193480298D-01  6.286183324291D-01  6.286168559066D-01  6.286157379701D-01
  6.286141531551D-01  6.286129206821D-01  6.286112147836D-01  6.286098543608D-01
  6.286080133105D-01  6.286065101804D-01  6.286045184948D-01  6.286028564097D-01
  6.286006970371D-01  6.285988580991D-01  6.285965122510D-01  6.285944767345D-01
  6.285919236994D-01  6.285896698555D-01  6.285868867930D-01  6.285843906334D-01
  6.285813523478D-01  6.285785874062D-01  6.285752660949D-01  6.285722031636D-01
  6.285685681408D-01  6.285651749793D-01  6.285611923695D-01  6.285574333829D-01
  6.285530657830D-01  6.285489016666D-01  6.285441077723D-01  6.285394951191D-01
  6.285342293121D-01  6.285291201784D-01  6.285233320702D-01  6.285176734968D-01
  6.285113074245D-01  6.285050409060D-01  6.284980353757D-01  6.284910962755D-01
  6.284833833460D-01  6.284757002487D-01  6.284672048517D-01  6.284586988477D-01
  6.284493380352D-01  6.284399219305D-01  6.284296040437D-01  6.284191814855D-01
  6.284078052363D-01  6.283962697473D-01  6.283837232023D-01  6.283709571126D-01
  6.283571165707D-01  6.283429898378D-01  6.283277185893D-01  6.283120874932D-01
  6.282952344473D-01  6.282779401481D-01  6.282593383169D-01  6.282402052597D-01
  6.282196700814D-01  6.281985042338D-01  6.281758317182D-01  6.281524186206D-01
  6.281273833001D-01  6.281014859107D-01  6.280738385736D-01  6.280451948846D-01
  6.280146600691D-01  6.279829804720D-01  6.279492536944D-01  6.279142180651D-01
  6.278769627556D-01  6.278382172313D-01  6.277970613436D-01  6.277542147579D-01
  6.277087470199D-01  6.276613669592D-01  6.276111327260D-01  6.275587411673D-01
  6.275032378322D-01  6.274453063170D-01  6.273839782354D-01  6.273199225295D-01
  6.272521554010D-01  6.271813295849D-01  6.271064442371D-01  6.270281341659D-01
  6.269453796728D-01  6.268587957365D-01  6.267673418012D-01  6.266716109090D-01
  6.265705394293D-01  6.264646961341D-01  6.263529918620D-01  6.262359685300D-01
  6.261125087249D-01  6.259831246449D-01  6.258466676100D-01  6.257036169255D-01
  6.255527893028D-01  6.253946276355D-01  6.252279103210D-01  6.250530399391D-01
  6.248687524630D-01  6.246754058297D-01  6.244716890278D-01  6.242579105468D-01
  6.240327073279D-01  6.237963330784D-01  6.235473670692D-01  6.232860022988D-01
  6.230107541190D-01  6.227217482314D-01  6.224174291213D-01  6.220978478651D-01
  6.217613703506D-01  6.214079648728D-01  6.210359101133D-01  6.206450824989D-01
  6.202336639111D-01  6.198014287771D-01  6.193464514759D-01  6.188683931275D-01
  6.183652086564D-01  6.178364332408D-01  6.172798889885D-01  6.166949710004D-01
  6.160793536079D-01  6.154322759987D-01  6.147512479556D-01  6.140353349834D-01
  6.132818634805D-01  6.124897052948D-01  6.116559822476D-01  6.107793500347D-01
  6.098567020062D-01  6.088864523149D-01  6.078652388391D-01  6.067912054593D-01
  6.056607039915D-01  6.044715754506D-01  6.032198508337D-01  6.019030312016D-01
  6.005167871185D-01  5.990582373470D-01  5.975226467117D-01  5.959067031574D-01
  5.942052137529D-01  5.924143798074D-01  5.905284906670D-01  5.885431965134D-01
  5.864521995248D-01  5.842505238928D-01  5.819312038166D-01  5.794885501591D-01
  5.769148346165D-01  5.742035522880D-01  5.713461011953D-01  5.683350398580D-01
  5.651607611245D-01  5.618147436047D-01  5.582862185039D-01  5.545654134575D-01
  5.506402107067D-01  5.464993814859D-01  5.421292334263D-01  5.375168331325D-01
  5.326466401139D-01  5.275037145229D-01  5.220703341512D-01  5.163291834349D-01
  5.102599490614D-01  5.038424852167D-01  4.970533820497D-01  4.898691006593D-01
  4.822625069655D-01  4.742059679945D-01  4.656678414823D-01  4.566155224756D-01
  4.470118760794D-01  4.368182200709D-01  4.259906843883D-01  4.144831111667D-01
  4.022433196455D-01  3.892158989195D-01  3.753383532598D-01  3.605437522204D-01
  3.447567178432D-01  3.278960354246D-01  3.098699579135D-01  2.905792378960D-01
  2.699117667853D-01
