In49 POTENTIAL                      exc: Vosko,Wilk,Nusair      
  2.20033126  6.33750000  2.17664358
  49.00000
   2.40560   0.9811933294   0.9240468642
353
 0.25000000D-01 0.36265835D-03
 9 1
    0  -1.96656160000D+03
    0  -2.87428550000D+02
    0  -5.37136240000D+01
    0  -7.39818510000D+00
    1  -2.68528840000D+02
    1  -4.59639090000D+01
    1  -4.86454470000D+00
    2  -3.15522220000D+01
    2  -7.38539920000D-01
  4.726906034866D+02  4.727162941462D+02  4.727425734485D+02  4.727694480786D+02
  4.727969265395D+02  4.728250225802D+02  4.728537456592D+02  4.728831096610D+02
  4.729131242978D+02  4.729438036224D+02  4.729751575370D+02  4.730072002328D+02
  4.730399417566D+02  4.730733964043D+02  4.731075743220D+02  4.731424898689D+02
  4.731781532421D+02  4.732145788151D+02  4.732517767802D+02  4.732897614692D+02
  4.733285430071D+02  4.733681356187D+02  4.734085492908D+02  4.734497980667D+02
  4.734918917151D+02  4.735348440131D+02  4.735786644207D+02  4.736233663534D+02
  4.736689588604D+02  4.737154548880D+02  4.737628629599D+02  4.738111954326D+02
  4.738604601761D+02  4.739106688214D+02  4.739618284419D+02  4.740139497924D+02
  4.740670389896D+02  4.741211057441D+02  4.741761550390D+02  4.742321953541D+02
  4.742892303506D+02  4.743472670621D+02  4.744063075936D+02  4.744663573219D+02
  4.745274165645D+02  4.745894887809D+02  4.746525722371D+02  4.747166681986D+02
  4.747817725900D+02  4.748478841790D+02  4.749149962312D+02  4.749831046842D+02
  4.750521997967D+02  4.751222743136D+02  4.751933151079D+02  4.752653113362D+02
  4.753382460730D+02  4.754121044569D+02  4.754868653165D+02  4.755625093062D+02
  4.756390105238D+02  4.757163446355D+02  4.757944804846D+02  4.758733882057D+02
  4.759530308239D+02  4.760333723572D+02  4.761143694067D+02  4.761959792475D+02
  4.762781514081D+02  4.763608357502D+02  4.764439740381D+02  4.765275080060D+02
  4.766113709179D+02  4.766954956231D+02  4.767798061053D+02  4.768642255273D+02
  4.769486677700D+02  4.770330454659D+02  4.771172615283D+02  4.772012171749D+02
  4.772848034480D+02  4.773679092280D+02  4.774504127461D+02  4.775321895893D+02
  4.776131042058D+02  4.776930179039D+02  4.777717803515D+02  4.778492375696D+02
  4.779252234293D+02  4.779995676419D+02  4.780720872550D+02  4.781425946424D+02
  4.782108890018D+02  4.782767643483D+02  4.783400010170D+02  4.784003736632D+02
  4.784576427745D+02  4.785115626814D+02  4.785618730839D+02  4.786083070780D+02
  4.786505827010D+02  4.786884109797D+02  4.787214875007D+02  4.787495004865D+02
  4.787721223971D+02  4.787890180411D+02  4.787998362162D+02  4.788042178624D+02
  4.788017877497D+02  4.787921626812D+02  4.787749432370D+02  4.787497220363D+02
  4.787160755458D+02  4.786735724108D+02  4.786217653371D+02  4.785601995010D+02
  4.784884045145D+02  4.784059029242D+02  4.783122022693D+02  4.782068036789D+02
  4.780891940330D+02  4.779588546673D+02  4.778152536463D+02  4.776578545835D+02
  4.774861090357D+02  4.772994654460D+02  4.770973616646D+02  4.768792340216D+02
  4.766445099787D+02  4.763926173343D+02  4.761229770091D+02  4.758350123837D+02
  4.755281422160D+02  4.752017901083D+02  4.748553775509D+02  4.744883335111D+02
  4.741000875922D+02  4.736900797304D+02  4.732577534531D+02  4.728025656645D+02
  4.723239799799D+02  4.718214765723D+02  4.712945455521D+02  4.707426968409D+02
  4.701654535566D+02  4.695623618706D+02  4.689329843520D+02  4.682769097542D+02
  4.675937462611D+02  4.668831311435D+02  4.661447238396D+02  4.653782154114D+02
  4.645833213861D+02  4.637597909341D+02  4.629073993909D+02  4.620259570734D+02
  4.611153013975D+02  4.601753052470D+02  4.592058686019D+02  4.582069263760D+02
  4.571784394770D+02  4.561204020386D+02  4.550328318448D+02  4.539157768995D+02
  4.527693051778D+02  4.515935105044D+02  4.503885016173D+02  4.491544073853D+02
  4.478913652355D+02  4.465995257878D+02  4.452790407732D+02  4.439300672574D+02
  4.425527552723D+02  4.411472519092D+02  4.397136890068D+02  4.382521875213D+02
  4.367628457458D+02  4.352457444983D+02  4.337009364727D+02  4.321284528932D+02
  4.305282946784D+02  4.289004412499D+02  4.272448441677D+02  4.255614386811D+02
  4.238501402979D+02  4.221108593528D+02  4.203435005363D+02  4.185479801880D+02
  4.167242281180D+02  4.148722065435D+02  4.129919126908D+02  4.110833974571D+02
  4.091467665342D+02  4.071821963129D+02  4.051899309837D+02  4.031702932759D+02
  4.011236754831D+02  3.990505435514D+02  3.969514212938D+02  3.948268879627D+02
  3.926775567018D+02  3.905040675219D+02  3.883070626466D+02  3.860871780810D+02
  3.838450193256D+02  3.815811550330D+02  3.792960963512D+02  3.769902954846D+02
  3.746641308866D+02  3.723179122534D+02  3.699518723776D+02  3.675661786970D+02
  3.651609313075D+02  3.627361800387D+02  3.602919271778D+02  3.578281483130D+02
  3.553447978040D+02  3.528418313149D+02  3.503192119169D+02  3.477769322243D+02
  3.452150191227D+02  3.426335536262D+02  3.400326724936D+02  3.374125842582D+02
  3.347735664033D+02  3.321159764444D+02  3.294402438047D+02  3.267468753826D+02
  3.240364418637D+02  3.213095778552D+02  3.185669630948D+02  3.158093180348D+02
  3.130373812581D+02  3.102519023312D+02  3.074536177787D+02  3.046432440023D+02
  3.018214551121D+02  2.989888796325D+02  2.961460841356D+02  2.932935776987D+02
  2.904318049819D+02  2.875611613131D+02  2.846819967973D+02  2.817946417814D+02
  2.788994194306D+02  2.759966764192D+02  2.730867963103D+02  2.701702258484D+02
  2.672474786293D+02  2.643191470858D+02  2.613858888249D+02  2.584484204777D+02
  2.555074876224D+02  2.525638462896D+02  2.496182263419D+02  2.466713130553D+02
  2.437237170057D+02  2.407759675229D+02  2.378284981613D+02  2.348816575396D+02
  2.319357121538D+02  2.289908729573D+02  2.260473111702D+02  2.231051944069D+02
  2.201647082514D+02  2.172260944142D+02  2.142896708204D+02  2.113558651272D+02
  2.084252275380D+02  2.054984548987D+02  2.025763924683D+02  1.996600458603D+02
  1.967505699794D+02  1.938492679881D+02  1.909575674723D+02  1.880770072198D+02
  1.852092022161D+02  1.823558205274D+02  1.795185400841D+02  1.766990193408D+02
  1.738988502177D+02  1.711195277093D+02  1.683624050751D+02  1.656286695697D+02
  1.629193082892D+02  1.602350997317D+02  1.575766011421D+02  1.549441672307D+02
  1.523379694153D+02  1.497580487597D+02  1.472043674447D+02  1.446768857580D+02
  1.421756223690D+02  1.397007189575D+02  1.372524649937D+02  1.348313078974D+02
  1.324378148262D+02  1.300726253059D+02  1.277363737763D+02  1.254296285018D+02
  1.231528256993D+02  1.209062389100D+02  1.186899531154D+02  1.165038746905D+02
  1.143477403194D+02  1.122211527011D+02  1.101236055347D+02  1.080545266329D+02
  1.060133034629D+02  1.039993218874D+02  1.020119842006D+02  1.000507385677D+02
  9.811508706844D+01  9.620460518824D+01  9.431894040043D+01  9.245782308078D+01
  9.062105753708D+01  8.880852649836D+01  8.702017686933D+01  8.525602007117D+01
  8.351611471756D+01  8.180056486428D+01  8.010950148576D+01  7.844308030735D+01
  7.680146353708D+01  7.518481851006D+01  7.359330068328D+01  7.202705388622D+01
  7.048619517542D+01  6.897081710942D+01  6.748097472661D+01  6.601668997830D+01
  6.457794086230D+01  6.316466797088D+01  6.177676568662D+01  6.041409071978D+01
  5.907645522033D+01  5.776363713412D+01  5.647537501631D+01  5.521137990639D+01
  5.397133140081D+01  5.275489039671D+01  5.156169551417D+01  5.039137552778D+01
  4.924354474547D+01  4.811781366443D+01  4.701378198841D+01  4.593104656052D+01
  4.486919164017D+01  4.382779453203D+01  4.280641342402D+01  4.180459258273D+01
  4.082184908937D+01
N_07 POTENTIAL                      exc: Vosko,Wilk,Nusair      
  1.68057905  6.33750000  1.68945972
   7.00000
   1.96292   0.9811933294   0.9240468642
353
 0.25000000D-01 0.29592158D-03
 2 1
    0  -2.69998930000D+01
    0  -4.29582100000D-01
  2.622127615493D+01  2.622164831423D+01  2.622202947223D+01  2.622244543802D+01
  2.622287670944D+01  2.622332118898D+01  2.622377756199D+01  2.622424634124D+01
  2.622472696633D+01  2.622522024935D+01  2.622572577571D+01  2.622624444050D+01
  2.622677588291D+01  2.622732103672D+01  2.622787957161D+01  2.622845244709D+01
  2.622903935574D+01  2.622964127824D+01  2.623025792737D+01  2.623089030337D+01
  2.623153813828D+01  2.623220245149D+01  2.623288299420D+01  2.623358080507D+01
  2.623429565476D+01  2.623502860162D+01  2.623577943625D+01  2.623654923729D+01
  2.623733781593D+01  2.623814627175D+01  2.623897443729D+01  2.623982343380D+01
  2.624069311594D+01  2.624158462748D+01  2.624249784600D+01  2.624343393864D+01
  2.624439280677D+01  2.624537564175D+01  2.624638236984D+01  2.624741421190D+01
  2.624847150087D+01  2.624955508664D+01  2.625066494768D+01  2.625180235378D+01
  2.625296731082D+01  2.625416111650D+01  2.625538380507D+01  2.625663670310D+01
  2.625791987421D+01  2.625923467479D+01  2.626058119880D+01  2.626196083347D+01
  2.626337370403D+01  2.626482122950D+01  2.626630356738D+01  2.626782216942D+01
  2.626937722635D+01  2.627097022357D+01  2.627260138592D+01  2.627427223342D+01
  2.627598302591D+01  2.627773531885D+01  2.627952940796D+01  2.628136688497D+01
  2.628324808227D+01  2.628517462863D+01  2.628714689384D+01  2.628916654439D+01
  2.629123398815D+01  2.629335092997D+01  2.629551781632D+01  2.629773639092D+01
  2.630000713932D+01  2.630233184451D+01  2.630471103144D+01  2.630714652261D+01
  2.630963888257D+01  2.631218997344D+01  2.631480039937D+01  2.631747206199D+01
  2.632020560486D+01  2.632300296886D+01  2.632586483654D+01  2.632879318747D+01
  2.633178874251D+01  2.633485351911D+01  2.633798827549D+01  2.634119506585D+01
  2.634447468447D+01  2.634782922080D+01  2.635125950351D+01  2.635476765546D+01
  2.635835453761D+01  2.636202230386D+01  2.636577184490D+01  2.636960534289D+01
  2.637352371513D+01  2.637752916865D+01  2.638162264368D+01  2.638580636809D+01
  2.639008130072D+01  2.639444968558D+01  2.639891249500D+01  2.640347198369D+01
  2.640812913158D+01  2.641288619772D+01  2.641774416287D+01  2.642270528312D+01
  2.642777053230D+01  2.643294215522D+01  2.643822110986D+01  2.644360962031D+01
  2.644910861859D+01  2.645472029732D+01  2.646044555117D+01  2.646628652915D+01
  2.647224407571D+01  2.647832028258D+01  2.648451592953D+01  2.649083303572D+01
  2.649727230000D+01  2.650383565187D+01  2.651052369115D+01  2.651733823852D+01
  2.652427977468D+01  2.653134999024D+01  2.653854922433D+01  2.654587901393D+01
  2.655333953182D+01  2.656093213523D+01  2.656865680315D+01  2.657651468426D+01
  2.658450553352D+01  2.659263025933D+01  2.660088835935D+01  2.660928046683D+01
  2.661780578564D+01  2.662646463566D+01  2.663525588698D+01  2.664417950435D+01
  2.665323398041D+01  2.666241887921D+01  2.667173226838D+01  2.668117326167D+01
  2.669073945001D+01  2.670042944302D+01  2.671024029891D+01  2.672017006487D+01
  2.673021520584D+01  2.674037314368D+01  2.675063968472D+01  2.676101155777D+01
  2.677148384039D+01  2.678205249561D+01  2.679271179699D+01  2.680345686403D+01
  2.681428108592D+01  2.682517865567D+01  2.683614199260D+01  2.684716427512D+01
  2.685823686194D+01  2.686935182360D+01  2.688049936242D+01  2.689167034278D+01
  2.690285370987D+01  2.691403901879D+01  2.692521385217D+01  2.693636634821D+01
  2.694748261725D+01  2.695854926887D+01  2.696955082761D+01  2.698047225922D+01
  2.699129638573D+01  2.700200641109D+01  2.701258333580D+01  2.702300848223D+01
  2.703326090899D+01  2.704331993633D+01  2.705316256062D+01  2.706276598007D+01
  2.707210500980D+01  2.708115460834D+01  2.708988729373D+01  2.709827567128D+01
  2.710628985127D+01  2.711389997856D+01  2.712107365248D+01  2.712777845899D+01
  2.713397939343D+01  2.713964139603D+01  2.714472677827D+01  2.714919776254D+01
  2.715301391307D+01  2.715613468063D+01  2.715851683897D+01  2.716011703556D+01
  2.716088923467D+01  2.716078727518D+01  2.715976232140D+01  2.715776542916D+01
  2.715474500558D+01  2.715064938465D+01  2.714542429713D+01  2.713901545701D+01
  2.713136604280D+01  2.712241929608D+01  2.711211601557D+01  2.710039716905D+01
  2.708720140146D+01  2.707246766146D+01  2.705613272479D+01  2.703813383668D+01
  2.701840625152D+01  2.699688589219D+01  2.697350690708D+01  2.694820434712D+01
  2.692091174094D+01  2.689156379023D+01  2.686009396344D+01  2.682643720985D+01
  2.679052757190D+01  2.675230091782D+01  2.671169257236D+01  2.666864006729D+01
  2.662308078966D+01  2.657495474919D+01  2.652420224244D+01  2.647076663530D+01
  2.641459204098D+01  2.635562611496D+01  2.629381774394D+01  2.622911984986D+01
  2.616148708601D+01  2.609087864589D+01  2.601725596173D+01  2.594058551308D+01
  2.586083652208D+01  2.577798375562D+01  2.569200521079D+01  2.560288490347D+01
  2.551061053641D+01  2.541517626637D+01  2.531658034628D+01  2.521482786203D+01
  2.510992833964D+01  2.500189844216D+01  2.489075953185D+01  2.477654031714D+01
  2.465927435966D+01  2.453900266075D+01  2.441577110270D+01  2.428963296501D+01
  2.416064628921D+01  2.402887631375D+01  2.389439275374D+01  2.375727214512D+01
  2.361759502971D+01  2.347544820070D+01  2.333092178537D+01  2.318411138534D+01
  2.303511505136D+01  2.288403531392D+01  2.273097604727D+01  2.257604438900D+01
  2.241934749396D+01  2.226099434556D+01  2.210109240494D+01  2.193974932253D+01
  2.177706949433D+01  2.161315568999D+01  2.144810553774D+01  2.128201309656D+01
  2.111496530478D+01  2.094704354068D+01  2.077832008990D+01  2.060885976268D+01
  2.043871646404D+01  2.026793496973D+01  2.009654772226D+01  1.992457691164D+01
  1.975203166819D+01  1.957891064388D+01  1.940519981978D+01  1.923087582225D+01
  1.905590458415D+01  1.888024562207D+01  1.870385173924D+01  1.852667438008D+01
  1.834866437911D+01  1.816977824150D+01  1.798997959004D+01  1.780924579793D+01
  1.762756932745D+01  1.744496370252D+01  1.726146358842D+01  1.707712892460D+01
  1.689204267716D+01  1.670631232658D+01  1.652006488493D+01  1.633344581396D+01
  1.614661188273D+01  1.595972853166D+01  1.577296189775D+01  1.558647609355D+01
  1.540042583382D+01  1.521495487525D+01  1.503019019655D+01  1.484624220843D+01
  1.466320075742D+01  1.448113708101D+01  1.430010138198D+01  1.412012612153D+01
  1.394122467354D+01  1.376339543960D+01  1.358662108443D+01  1.341087301980D+01
  1.323611082872D+01  1.306228679195D+01  1.288934523980D+01  1.271722691918D+01
  1.254586812265D+01  1.237520478914D+01  1.220517133859D+01  1.203570446277D+01
  1.186674164365D+01  1.169822462888D+01  1.153009764071D+01  1.136231055182D+01
  1.119481680671D+01  1.102757632374D+01  1.086055315736D+01  1.069371815594D+01
  1.052704639460D+01  1.036051961774D+01  1.019412346995D+01  1.002784974856D+01
  9.861693455268D+00  9.695654877923D+00  9.529736478283D+00  9.363944813972D+00
  9.198287268541D+00  9.032773814600D+00  8.867413581878D+00  8.702216451930D+00
  8.537189449878D+00  8.372338152267D+00  8.207662882863D+00  8.043159911862D+00
  7.878817437688D+00  7.714616632867D+00  7.550527195467D+00  7.386508505777D+00
  7.222504793206D+00
Vac0 POTENTIAL                      exc: Vosko,Wilk,Nusair      
  2.20033126  6.33750000  2.17664358
   0.00000
   2.40560   0.9811933294   0.9240468642
353
 0.25000000D-01 0.36265835D-03
 0 1
  8.824988467053D-01  8.824696841534D-01  8.824390216325D-01  8.824301080750D-01
  8.824251140236D-01  8.824228757541D-01  8.824210598285D-01  8.824208305878D-01
  8.824205241277D-01  8.824215672950D-01  8.824224214830D-01  8.824245829126D-01
  8.824265566017D-01  8.824298696777D-01  8.824330516319D-01  8.824376510032D-01
  8.824422175968D-01  8.824483203895D-01  8.824545307671D-01  8.824624411784D-01
  8.824706490036D-01  8.824807759268D-01  8.824914525181D-01  8.825043383704D-01
  8.825181075930D-01  8.825344698887D-01  8.825521572464D-01  8.825729463835D-01
  8.825956469461D-01  8.826221258360D-01  8.826512975807D-01  8.826851511670D-01
  8.827227434287D-01  8.827662293833D-01  8.828148597864D-01  8.828710163307D-01
  8.829342125519D-01  8.830070204120D-01  8.830815671041D-01  8.831147327869D-01
  8.830851677022D-01  8.830578961930D-01  8.830313028562D-01  8.830067914013D-01
  8.829827659467D-01  8.829606475223D-01  8.829388556449D-01  8.829188250911D-01
  8.828989876718D-01  8.828807891790D-01  8.828626713327D-01  8.828460888451D-01
  8.828294914850D-01  8.828143412481D-01  8.827990945039D-01  8.827852192384D-01
  8.827711772775D-01  8.827584415702D-01  8.827454784750D-01  8.827337650937D-01
  8.827217715779D-01  8.827109785109D-01  8.826998592423D-01  8.826898972961D-01
  8.826795687340D-01  8.826703595776D-01  8.826607481935D-01  8.826522227392D-01
  8.826432635561D-01  8.826353606320D-01  8.826269960049D-01  8.826196612395D-01
  8.826118398425D-01  8.826050247411D-01  8.825977007136D-01  8.825913618727D-01
  8.825844941038D-01  8.825785925525D-01  8.825721440705D-01  8.825666447087D-01
  8.825605821634D-01  8.825554532799D-01  8.825497464990D-01  8.825449593636D-01
  8.825395809705D-01  8.825351094775D-01  8.825300345626D-01  8.825258549281D-01
  8.825210607630D-01  8.825171512526D-01  8.825126170423D-01  8.825089577458D-01
  8.825046644114D-01  8.825012370346D-01  8.824971670226D-01  8.824939547103D-01
  8.824900918245D-01  8.824870790024D-01  8.824834082554D-01  8.824805804887D-01
  8.824770879683D-01  8.824744318377D-01  8.824711045886D-01  8.824686075776D-01
  8.824654334956D-01  8.824630838883D-01  8.824600516231D-01  8.824578384116D-01
  8.824549372791D-01  8.824528500827D-01  8.824500699843D-01  8.824480989684D-01
  8.824454303164D-01  8.824435661232D-01  8.824409997717D-01  8.824392334521D-01
  8.824367606330D-01  8.824350835836D-01  8.824326958439D-01  8.824310997469D-01
  8.824287888896D-01  8.824272656549D-01  8.824250236827D-01  8.824235653917D-01
  8.824213844506D-01  8.824199833006D-01  8.824178556258D-01  8.824165038754D-01
  8.824144217355D-01  8.824131116495D-01  8.824110672912D-01  8.824097910852D-01
  8.824077766777D-01  8.824065264597D-01  8.824045340362D-01  8.824033017486D-01
  8.824013231458D-01  8.824001005042D-01  8.823981272998D-01  8.823969057277D-01
  8.823949291736D-01  8.823936997341D-01  8.823917106865D-01  8.823904640101D-01
  8.823884528544D-01  8.823871790606D-01  8.823851356303D-01  8.823838242449D-01
  8.823817377348D-01  8.823803775989D-01  8.823782364717D-01  8.823768156436D-01
  8.823746075276D-01  8.823731131775D-01  8.823708247557D-01  8.823692430492D-01
  8.823668599378D-01  8.823651759095D-01  8.823626825265D-01  8.823608799413D-01
  8.823582593608D-01  8.823563205622D-01  8.823535543560D-01  8.823514601001D-01
  8.823485281626D-01  8.823462574345D-01  8.823431377912D-01  8.823406676042D-01
  8.823373362007D-01  8.823346413745D-01  8.823310718441D-01  8.823281247615D-01
  8.823242881689D-01  8.823210585063D-01  8.823169230659D-01  8.823133774977D-01
  8.823089082623D-01  8.823050101340D-01  8.823001686515D-01  8.822958776189D-01
  8.822906215538D-01  8.822858931856D-01  8.822801759009D-01  8.822749612394D-01
  8.822687313355D-01  8.822629764115D-01  8.822561772163D-01  8.822498225145D-01
  8.822423915212D-01  8.822353713880D-01  8.822272396336D-01  8.822194816249D-01
  8.822105730037D-01  8.822019971631D-01  8.821922276686D-01  8.821827457304D-01
  8.821720226179D-01  8.821615371269D-01  8.821497579875D-01  8.821381613258D-01
  8.821252130641D-01  8.821123863764D-01  8.820981440805D-01  8.820839560862D-01
  8.820682817789D-01  8.820525874593D-01  8.820353287182D-01  8.820179678662D-01
  8.819989562986D-01  8.819797519151D-01  8.819588014729D-01  8.819375579953D-01
  8.819144631121D-01  8.818909644559D-01  8.818654979882D-01  8.818395053827D-01
  8.818114163348D-01  8.817826659308D-01  8.817516769394D-01  8.817198771648D-01
  8.816856817190D-01  8.816505103565D-01  8.816127697252D-01  8.815738706809D-01
  8.815322105154D-01  8.814891902479D-01  8.814431968273D-01  8.813956203992D-01
  8.813448364791D-01  8.812922231927D-01  8.812361434164D-01  8.811779619881D-01
  8.811160278125D-01  8.810516910385D-01  8.809832851251D-01  8.809121439827D-01
  8.808365839954D-01  8.807579211217D-01  8.806744528688D-01  8.805874753487D-01
  8.804952651996D-01  8.803990965920D-01  8.802972230912D-01  8.801908946090D-01
  8.800783392014D-01  8.799607799587D-01  8.798364167317D-01  8.797064429546D-01
  8.795690272914D-01  8.794253303843D-01  8.792734864119D-01  8.791146197549D-01
  8.789468264567D-01  8.787711907974D-01  8.785857666465D-01  8.783915939351D-01
  8.781866798887D-01  8.779720153869D-01  8.777455560629D-01  8.775082385390D-01
  8.772579613778D-01  8.769956011792D-01  8.767189933682D-01  8.764289481374D-01
  8.761232310532D-01  8.758025788272D-01  8.754646797199D-01  8.751101891217D-01
  8.747367097322D-01  8.743448069284D-01  8.739319886940D-01  8.734987207514D-01
  8.730424062111D-01  8.725634004406D-01  8.720589904018D-01  8.715294092249D-01
  8.709718151969D-01  8.703863060056D-01  8.697698973378D-01  8.691225367515D-01
  8.684410818363D-01  8.677253136679D-01  8.669719144750D-01  8.661804806222D-01
  8.653474997197D-01  8.644723630722D-01  8.635513421565D-01  8.625836004628D-01
  8.615651692542D-01  8.604949587119D-01  8.593687328739D-01  8.581851199812D-01
  8.569395864724D-01  8.556304464048D-01  8.542528343588D-01  8.528047137820D-01
  8.512808486237D-01  8.496788104168D-01  8.479929484240D-01  8.462203952278D-01
  8.443550351195D-01  8.423935079123D-01  8.403291752394D-01  8.381581222343D-01
  8.358731213207D-01  8.334696313124D-01  8.309397581735D-01  8.282782509722D-01
  8.254764589531D-01  8.225283236298D-01  8.194243313389D-01  8.161575005633D-01
  8.127173289161D-01  8.090957745417D-01  8.052811961970D-01  8.012643272634D-01
  7.970322072355D-01  7.925741464787D-01  7.878756469799D-01  7.829243554785D-01
  7.777039707555D-01  7.722001821202D-01  7.663945597788D-01  7.602704748351D-01
  7.538069683457D-01  7.469846479446D-01  7.397795299974D-01  7.321689066240D-01
  7.241251538434D-01  7.156215610619D-01  7.066260961634D-01  6.971071873578D-01
  6.870274337116D-01  6.763493264984D-01  6.650288905621D-01  6.530213288561D-01
  6.402745761669D-01  6.267348462651D-01  6.123400748085D-01  5.970253434134D-01
  5.807161830288D-01  5.633338434053D-01  5.447884221330D-01  5.249839419980D-01
  5.038112650624D-01  4.811529342171D-01  4.568758331765D-01  4.308357394444D-01
  4.028696842195D-01  3.728004001306D-01  3.404276476329D-01  3.055332195311D-01
  2.678714835804D-01
Vac0 POTENTIAL                      exc: Vosko,Wilk,Nusair      
  1.68057905  6.33750000  1.68945972
   0.00000
   1.96292   0.9811933294   0.9240468642
353
 0.25000000D-01 0.29592158D-03
 0 1
  6.706252263585D-01  6.705820473035D-01  6.705373389329D-01  6.705237875824D-01
  6.705162727179D-01  6.705117865176D-01  6.705082596011D-01  6.705060443631D-01
  6.705040251344D-01  6.705029227191D-01  6.705017927390D-01  6.705014466878D-01
  6.705009929580D-01  6.705012763141D-01  6.705014278085D-01  6.705023086549D-01
  6.705030626893D-01  6.705045616922D-01  6.705059587915D-01  6.705081344763D-01
  6.705102503581D-01  6.705131955192D-01  6.705161405798D-01  6.705199842739D-01
  6.705239077605D-01  6.705288213941D-01  6.705339192773D-01  6.705401263203D-01
  6.705466530350D-01  6.705544429277D-01  6.705627276629D-01  6.705724748587D-01
  6.705829437155D-01  6.705951333812D-01  6.706083392001D-01  6.706236017896D-01
  6.706402637903D-01  6.706593983830D-01  6.706786000289D-01  6.706859086084D-01
  6.706763622712D-01  6.706677383712D-01  6.706591400204D-01  6.706513967104D-01
  6.706436177513D-01  6.706366381451D-01  6.706295720894D-01  6.706232589533D-01
  6.706168168470D-01  6.706110886423D-01  6.706051956017D-01  6.705999834299D-01
  6.705945759509D-01  6.705898211944D-01  6.705848450782D-01  6.705804975400D-01
  6.705759062353D-01  6.705719226803D-01  6.705676759783D-01  6.705640189632D-01
  6.705600819475D-01  6.705567188755D-01  6.705530610741D-01  6.705499634282D-01
  6.705465581287D-01  6.705437008521D-01  6.705405245248D-01  6.705378855058D-01
  6.705349173494D-01  6.705324769944D-01  6.705296985367D-01  6.705274394180D-01
  6.705248342016D-01  6.705227407612D-01  6.705202940624D-01  6.705183523604D-01
  6.705160509705D-01  6.705142484736D-01  6.705120804933D-01  6.705104058968D-01
  6.705083605774D-01  6.705068036522D-01  6.705048712487D-01  6.705034227056D-01
  6.705015943571D-01  6.705002457362D-01  6.704985133590D-01  6.704972569284D-01
  6.704956131211D-01  6.704944417929D-01  6.704928797614D-01  6.704917870145D-01
  6.704903004954D-01  6.704892803096D-01  6.704878635106D-01  6.704869103089D-01
  6.704855578539D-01  6.704846664468D-01  6.704833733244D-01  6.704825388674D-01
  6.704813003877D-01  6.704805183358D-01  6.704793300893D-01  6.704785961596D-01
  6.704774539814D-01  6.704767641180D-01  6.704756640527D-01  6.704750143947D-01
  6.704739526666D-01  6.704733395153D-01  6.704723124980D-01  6.704717322917D-01
  6.704707364811D-01  6.704701857658D-01  6.704692177518D-01  6.704686931565D-01
  6.704677495994D-01  6.704672478098D-01  6.704663254145D-01  6.704658431478D-01
  6.704649386388D-01  6.704644726199D-01  6.704635827164D-01  6.704631296533D-01
  6.704622510442D-01  6.704618076008D-01  6.704609369194D-01  6.704604996912D-01
  6.704596334883D-01  6.704591989745D-01  6.704583336915D-01  6.704578982676D-01
  6.704570302062D-01  6.704565900938D-01  6.704557153872D-01  6.704552666223D-01
  6.704543812014D-01  6.704539196014D-01  6.704530191606D-01  6.704525402876D-01
  6.704516202475D-01  6.704511193695D-01  6.704501748353D-01  6.704496468847D-01
  6.704486726041D-01  6.704481121315D-01  6.704471024453D-01  6.704465035696D-01
  6.704454523609D-01  6.704448087152D-01  6.704437093526D-01  6.704430140245D-01
  6.704418592992D-01  6.704411047665D-01  6.704398868242D-01  6.704390648825D-01
  6.704377751493D-01  6.704368768342D-01  6.704355059335D-01  6.704345214341D-01
  6.704330590968D-01  6.704319776606D-01  6.704304126251D-01  6.704292224537D-01
  6.704275423559D-01  6.704262304900D-01  6.704244217433D-01  6.704229739349D-01
  6.704210215957D-01  6.704194221692D-01  6.704173097905D-01  6.704155414871D-01
  6.704132509559D-01  6.704112947636D-01  6.704088061221D-01  6.704066410873D-01
  6.704039323345D-01  6.704015353545D-01  6.703985822280D-01  6.703959278208D-01
  6.703927035560D-01  6.703897636074D-01  6.703862386706D-01  6.703829821542D-01
  6.703791239486D-01  6.703755166159D-01  6.703712891563D-01  6.703672931957D-01
  6.703626567496D-01  6.703582304086D-01  6.703531410992D-01  6.703482382669D-01
  6.703426476344D-01  6.703372173812D-01  6.703310718986D-01  6.703250579663D-01
  6.703182985036D-01  6.703116387426D-01  6.703041999753D-01  6.702968257226D-01
  6.702886354773D-01  6.702804708687D-01  6.702714494007D-01  6.702624106111D-01
  6.702524698050D-01  6.702424642085D-01  6.702315066955D-01  6.702204319366D-01
  6.702083501184D-01  6.701960930862D-01  6.701827680560D-01  6.701692037497D-01
  6.701545040996D-01  6.701394943749D-01  6.701232748774D-01  6.701066670598D-01
  6.700887672107D-01  6.700703925635D-01  6.700506349705D-01  6.700303070005D-01
  6.700084956016D-01  6.699860081864D-01  6.699619262808D-01  6.699370515973D-01
  6.699104596680D-01  6.698829459033D-01  6.698535792089D-01  6.698231480279D-01
  6.697907139402D-01  6.697570576862D-01  6.697212327460D-01  6.696840113441D-01
  6.696444380052D-01  6.696032755379D-01  6.695595585654D-01  6.695140394851D-01
  6.694657419721D-01  6.694154069116D-01  6.693620458726D-01  6.693063870102D-01
  6.692474285060D-01  6.691858844378D-01  6.691207381822D-01  6.690526882482D-01
  6.689807016388D-01  6.689054596441D-01  6.688259111572D-01  6.687427184226D-01
  6.686548103015D-01  6.685628279707D-01  6.684656781314D-01  6.683639786538D-01
  6.682566117228D-01  6.681441694219D-01  6.680255068099D-01  6.679011874367D-01
  6.677700363436D-01  6.676325855033D-01  6.674876267351D-01  6.673356570615D-01
  6.671754315278D-01  6.670074084665D-01  6.668303022105D-01  6.666445282545D-01
  6.664487558506D-01  6.662433530541D-01  6.660269391880D-01  6.657998297607D-01
  6.655605887844D-01  6.653094735488D-01  6.650449867768D-01  6.647673212381D-01
  6.644749117226D-01  6.641678794745D-01  6.638445839623D-01  6.635050671117D-01
  6.631476048479D-01  6.627721511029D-01  6.623768891017D-01  6.619616751170D-01
  6.615245894673D-01  6.610653799869D-01  6.605820127004D-01  6.600741149715D-01
  6.595395258118D-01  6.589777386669D-01  6.583864513126D-01  6.577650082289D-01
  6.571109500289D-01  6.564234553650D-01  6.556998898263D-01  6.549392473117D-01
  6.541386983222D-01  6.532970307235D-01  6.524111973466D-01  6.514797560503D-01
  6.504994165274D-01  6.494684795610D-01  6.483833829154D-01  6.472421396594D-01
  6.460408829980D-01  6.447773035118D-01  6.434471927576D-01  6.420478792412D-01
  6.405747705807D-01  6.390247879920D-01  6.373929067643D-01  6.356755889911D-01
  6.338673220522D-01  6.319640492628D-01  6.299597059892D-01  6.278496478115D-01
  6.256271838144D-01  6.232870017643D-01  6.208216980068D-01  6.182251990373D-01
  6.154892872983D-01  6.126070183681D-01  6.095692417744D-01  6.063680128279D-01
  6.029931073430D-01  5.994354268897D-01  5.956835060237D-01  5.917269094044D-01
  5.875527297652D-01  5.831489749270D-01  5.785010542613D-01  5.735951530885D-01
  5.684147047677D-01  5.629437492715D-01  5.571633872369D-01  5.510551185998D-01
  5.445972739061D-01  5.377683277097D-01  5.305433010929D-01  5.228970429991D-01
  5.148005961527D-01  5.062244374978D-01  4.971347974211D-01  4.874968478631D-01
  4.772709617732D-01  4.664158340846D-01  4.548846644687D-01  4.426281920576D-01
  4.295907796447D-01  4.157133368711D-01  4.009292808582D-01  3.851673114556D-01
  3.683472093032D-01  3.503825872305D-01  3.311759317613D-01  3.106218669160D-01
  2.886014674170D-01
